23
23
23
23
23
23
23
23
23
23
23
23
23
23
23
23.2297
23.2225
23.2344
23.2471
23.2703
23.2931
23.3136
23.1321
23.1497
23.1497
23.128
23.1045
23.086
23.0722
23.0526
23.0286
23
23
23
23
23
23
23
23
23
23
23
23
23
23
23
23
23
23
23
23
23
23
23
23
23
23
23
23
23
23
23
23
23
23
23
23
23
23
23
23
23
23
23
23
23
23
23
23
23
23
23
23
23
23
23
23
23
23
23
23
23
23
23
23
23
23
23
23
23
23
23
23
23
23
23
23
23
23
23
23.2567
23.2674
23.2662
23.2661
23.2661
23.2662
23.2676
23
23
23
23
23
23
23
23
23
23.5396
23.5396
23.5396
23.5396
23.5396
23.5396
23.5396
23
23
23
23
23
23
23
23
23
23
23
23
23
23
23
23
23
23
23
23
23
23
23
23
23.3924
23.4457
23.4954
23.5283
23.5396
23.5396
23.5396
23
23
23
23
23
23
23
23
23
23
23
23
23
23
23
23
23
23
23
23
23
23
23
23
23
23
23
23
23
23
23
23
23
23
23
23
23
23
23
23
23
23
23
23
23
23
23
23
23
23
23
23
23
23
23
23
23
23
23
23
23
23
23
23
23
23
23
23
