23
23
23
23
23
23
23
23
23
23
23
23
23
23
23.2116
23.2016
23.211
23.2225
23.2384
23.254
23.2712
23.2915
23.1345
23.1491
23.1308
23.1122
23.0943
23.0805
23.0673
23.0486
23.0263
23
23
23
23
23
23
23
23
23
23
23
23
23
23
23
23
23
23
23
23
23
23
23
23
23
23
23
23
23
23
23
23
23
23
23
23
23
23
23
23
23
23
23
23
23
23
23
23
23
23
23
23
23
23
23
23
23
23
23
23
23
23
23
23
23
23
23
23
23
23
23
23
23
23
23
23
23
23
23.2291
23.2344
23.2301
23.2292
23.2292
23.2292
23.2302
23.2348
23
23
23
23
23
23
23
23
23.4722
23.4722
23.4722
23.4722
23.4722
23.4722
23.4722
23.4623
23
23
23
23
23
23
23
23
23
23
23
23
23
23
23
23
23
23
23
23
23
23
23
23.3194
23.3554
23.3987
23.4379
23.4635
23.4722
23.4722
23.4722
23
23
23
23
23
23
23
23
23
23
23
23
23
23
23
23
23
23
23
23
23
23
23
23
23
23
23
23
23
23
23
23
23
23
23
23
23
23
23
23
23
23
23
23
23
23
23
23
23
23
23
23
23
23
23
23
23
23
23
23
23
23
23
23
23
23
23
