128 | 0
144 | 0
160 | 0
176 | 0
192 | 0
208 | 0
224 | 0
240 | 0
256 | 0
272 | 0
288 | 0
304 | 0
320 | 0
336 | 0
352 | 0.00144808
368 | 0.0135987
384 | 0.0361228
400 | 0.0680212
416 | 0.115011
432 | 0.187548
448 | 0.27335
464 | 0.370383
480 | 0.462055
496 | 0.550616
512 | 0.650687
528 | 0.741437
544 | 0.799375
560 | 0.841265
576 | 0.865209
592 | 0.867109
608 | 0.840445
624 | 0.775848
640 | 0.663062
656 | 0.514621
672 | 0.359928
688 | 0.244677
704 | 0.151957
720 | 0.0812157
736 | 0.0324519
752 | 0.00566621
768 | 0
784 | 0
800 | 0
816 | 0
832 | 0
848 | 0
864 | 0
880 | 0
896 | 0
912 | 0
928 | 0
944 | 0
960 | 0
976 | 0
992 | 0
1008 | 0
1024 | 0
1040 | 0
1056 | 0.00111629
1072 | 0.0111809
1088 | 0.0315981
1104 | 0.0623861
1120 | 0.103545
1136 | 0.155074
1152 | 0.216842
1168 | 0.282012
1184 | 0.349066
1200 | 0.396201
1216 | 0.441566
1232 | 0.494282
1248 | 0.555943
1264 | 0.625014
1280 | 0.690879
1296 | 0.752594
1312 | 0.813266
1328 | 0.864083
1344 | 0.886645
1360 | 0.875493
1376 | 0.838777
1392 | 0.790741
1408 | 0.735304
1424 | 0.67446
1440 | 0.60927
1456 | 0.555177
1472 | 0.502742
1488 | 0.449077
1504 | 0.379691
1520 | 0.298079
1536 | 0.224175
1552 | 0.160782
1568 | 0.107899
1584 | 0.0650208
1600 | 0.0337338
1616 | 0.0125802
1632 | 0.00155871
1648 | 0
1664 | 0
1680 | 0
1696 | 0
1712 | 0
1728 | 0
1744 | 0
1760 | 0
1776 | 0
1792 | 0
1808 | 0
1824 | 0
1840 | 0
1856 | 0
1872 | 0
1888 | 0
1904 | 0
1920 | 0
1936 | 0
1952 | 0
1968 | 0
1984 | 0
2000 | 0
2016 | 0
2032 | 0
2048 | 0
2064 | 0
2080 | 0
2096 | 0
2112 | 0
2128 | 0
2144 | 0
2160 | 0
2176 | 0
2192 | 0
2208 | 0
2224 | 0
2240 | 0
2256 | 0
2272 | 0
2288 | 0
2304 | 0
2320 | 0
2336 | 0
2352 | 0.00470831
2368 | 0.0197645
2384 | 0.0450004
2400 | 0.0616792
2416 | 0.0820693
2432 | 0.112177
2448 | 0.130602
2464 | 0.137449
2480 | 0.131099
2496 | 0.113409
2512 | 0.083858
2528 | 0.0651192
2544 | 0.046888
2560 | 0.0211235
2576 | 0.00539932
2592 | 0
2608 | 0
2624 | 0
2640 | 0
2656 | 0
2672 | 0
2688 | 0
2704 | 0.00472184
2720 | 0.0301339
2736 | 0.077524
2752 | 0.146892
2768 | 0.238238
2784 | 0.350719
2800 | 0.481426
2816 | 0.605432
2832 | 0.717727
2848 | 0.798364
2864 | 0.843864
2880 | 0.881626
2896 | 0.904906
2912 | 0.911216
2928 | 0.909549
2944 | 0.890204
2960 | 0.854665
2976 | 0.809527
2992 | 0.764911
3008 | 0.70189
3024 | 0.645699
3040 | 0.632513
3056 | 0.652683
3072 | 0.681277
3088 | 0.710921
3104 | 0.739566
3120 | 0.767169
3136 | 0.788723
3152 | 0.780613
3168 | 0.709019
3184 | 0.60489
3200 | 0.479512
3216 | 0.351897
3232 | 0.228944
3248 | 0.11707
3264 | 0.035888
3280 | 0.00534629
3296 | 0
3312 | 0
3328 | 0
3344 | 0
3360 | 0
3376 | 0
3392 | 0
3408 | 0
3424 | 0
3440 | 0
3456 | 0
3472 | 0
3488 | 0
3504 | 0
3520 | 0
3536 | 0
3552 | 0
3568 | 0
3584 | 0
3600 | 0
3616 | 0
3632 | 0
3648 | 0
3664 | 0
3680 | 0
3696 | 0
3712 | 0
3728 | 0
3744 | 0
3760 | 0
3776 | 0
3792 | 0
3808 | 0
Valeur de l'integrale : 759.625
