0
0
0
0
0
0
0
0
0
0
0
0
0
3.32243
3.16648
3.33589
3.54858
3.84325
4.06956
4.3508
4.69083
5.03481
2.71444
2.64877
2.33045
2.04759
1.7799
1.51347
1.21195
0.865122
0.461382
0
0
0
0
0
0
0
0
0
0
0
0
0
0
0
0
0
0
0
0
0
0
0
0
0
0
0
0
0
0
0
0
0
0
0
0
0
0
0
0
0
0
0
0
0
0
0
0
0
0
0
0
0
0
0
0
0
0
0
0
0
0
0
0
0
0
0
0
0
0
0
0
0
0
0
0
0
3.45279
3.56395
3.46439
3.40951
3.3976
3.3976
3.41102
3.46979
3.616
0
0
0
0
0
0
0
8.2564
8.39438
8.39438
8.39438
8.39438
8.39438
8.39438
8.23785
7.81583
0
0
0
0
0
0
0
0
0
0
0
0
0
0
0
0
0
0
0
0
0
0
5.3874
5.89054
6.49734
7.21217
7.84873
8.2564
8.39438
8.39438
8.39438
0
0
0
0
0
0
0
0
0
0
0
0
0
0
0
0
0
0
0
0
0
0
0
0
0
0
0
0
0
0
0
0
0
0
0
0
0
0
0
0
0
0
0
0
0
0
0
0
0
0
0
0
0
0
0
0
0
0
0
0
0
0
0
0
0
0
