23
23
23
23
23
23
23
23
23
23
23
23.1726
23.1655
23.1721
23.1785
23.1874
23.1951
23.2019
23.2107
23.2221
23.2358
23.236
23.1107
23.111
23.1024
23.0925
23.0801
23.0676
23.0558
23.0397
23.0211
23
23
23
23
23
23
23
23
23
23
23
23
23
23
23
23
23
23
23
23
23
23
23
23
23
23
23
23
23
23
23
23
23
23
23
23
23
23
23
23
23
23
23
23
23
23
23
23
23
23
23
23
23
23
23
23
23
23
23
23
23
23
23
23
23
23
23
23
23
23
23
23
23
23
23
23.1674
23.1723
23.1705
23.1681
23.1643
23.1623
23.1623
23.1645
23.17
23.1776
23.1859
23
23
23
23
23
23.308
23.3251
23.3388
23.3434
23.3434
23.3434
23.3434
23.3382
23.3238
23.3013
23.2757
23
23
23
23
23
23
23
23
23
23
23
23
23
23
23
23
23
23
23
23
23.2068
23.2194
23.2357
23.2548
23.2772
23.3028
23.3249
23.3388
23.3434
23.3434
23.3428
23
23
23
23
23
23
23
23
23
23
23
23
23
23
23
23
23
23
23
23
23
23
23
23
23
23
23
23
23
23
23
23
23
23
23
23
23
23
23
23
23
23
23
23
23
23
23
23
23
23
23
23
23
23
23
23
23
23
23
23
23
23
23
23
