0
0
0
0
0
0
0
0
0
0
2.74563
2.63825
2.8065
2.96508
3.1512
3.2831
3.4365
3.60117
3.76339
3.95715
3.95531
3.96871
2.06737
2.12615
1.95938
1.76487
1.52494
1.28352
1.01592
0.71553
0.375686
0
0
0
0
0
0
0
0
0
0
0
0
0
0
0
0
0
0
0
0
0
0
0
0
0
0
0
0
0
0
0
0
0
0
0
0
0
0
0
0
0
0
0
0
0
0
0
0
0
0
0
0
0
0
0
0
0
0
0
0
0
0
0
0
0
0
0
0
0
0
0
0
0
0
2.58969
2.65989
2.63393
2.60807
2.5754
2.52338
2.50136
2.52624
2.60247
2.7069
2.82005
2.94308
0
0
0
0
5.40913
5.69476
5.98737
6.21785
6.29579
6.29579
6.29579
6.20732
5.96465
5.58007
5.13899
4.75183
0
0
0
0
0
0
0
0
0
0
0
0
0
0
0
0
0
0
0
3.72578
3.92171
4.14625
4.43799
4.77389
5.1648
5.60652
5.98379
6.21785
6.29579
6.28571
6.15075
0
0
0
0
0
0
0
0
0
0
0
0
0
0
0
0
0
0
0
0
0
0
0
0
0
0
0
0
0
0
0
0
0
0
0
0
0
0
0
0
0
0
0
0
0
0
0
0
0
0
0
0
0
0
0
0
0
0
0
0
0
0
0
