0
0
0
0
0
0
0
0
0
2.59543
2.49928
2.66744
2.82639
3.00968
3.13704
3.25406
3.39243
3.54137
3.68143
3.64068
3.64723
3.72204
1.98649
2.04187
1.87784
1.68757
1.45544
1.22165
0.963951
0.676536
0.353782
0
0
0
0
0
0
0
0
0
0
0
0
0
0
0
0
0
0
0
0
0
0
0
0
0
0
0
0
0
0
0
0
0
0
0
0
0
0
0
0
0
0
0
0
0
0
0
0
0
0
0
0
0
0
0
0
0
0
0
0
0
0
0
0
0
0
0
0
0
0
0
0
0
2.39039
2.45008
2.42803
2.40638
2.38478
2.35776
2.31999
2.3217
2.38043
2.46714
2.56079
2.66184
2.77118
0
0
0
4.82118
5.04772
5.29559
5.54771
5.74503
5.8115
5.8115
5.73604
5.52819
5.19628
4.81169
4.47064
4.17473
0
0
0
0
0
0
0
0
0
0
0
0
0
0
0
0
0
0
3.41329
3.55068
3.72818
3.93054
4.19175
4.49016
4.83431
5.21921
5.54463
5.74503
5.80291
5.68769
5.57696
0
0
0
0
0
0
0
0
0
0
0
0
0
0
0
0
0
0
0
0
0
0
0
0
0
0
0
0
0
0
0
0
0
0
0
0
0
0
0
0
0
0
0
0
0
0
0
0
0
0
0
0
0
0
0
0
0
0
0
0
0
0
