23
23
23
23
23
23
23
23
23.1458
23.1406
23.1478
23.1546
23.1628
23.1684
23.1717
23.1766
23.1829
23.1895
23.1854
23.1839
23.1871
23.1951
23.0956
23.0982
23.0901
23.0808
23.0696
23.0583
23.0476
23.0335
23.0176
23
23
23
23
23
23
23
23
23
23
23
23
23
23
23
23
23
23
23
23
23
23
23
23
23
23
23
23
23
23
23
23
23
23
23
23
23
23
23
23
23
23
23
23
23
23
23
23
23
23
23
23
23
23
23
23
23
23
23
23
23
23
23
23
23
23
23
23
23
23
23
23
23.1346
23.1345
23.1334
23.1323
23.1312
23.1301
23.1291
23.1282
23.1302
23.1343
23.1389
23.1439
23.1493
23.1551
23
23
23.2174
23.2266
23.2366
23.2474
23.2584
23.267
23.2698
23.2666
23.2576
23.2431
23.2262
23.211
23.1978
23.1861
23
23
23
23
23
23
23
23
23
23
23
23
23
23
23
23
23
23.1591
23.1633
23.1696
23.1776
23.1868
23.1986
23.2119
23.2272
23.2441
23.2583
23.2666
23.2645
23.2597
23.2551
23
23
23
23
23
23
23
23
23
23
23
23
23
23
23
23
23
23
23
23
23
23
23
23
23
23
23
23
23
23
23
23
23
23
23
23
23
23
23
23
23
23
23
23
23
23
23
23
23
23
23
23
23
23
23
23
23
23
23
23
23
