224 | 0
240 | 0
256 | 0
272 | 0
288 | 0
304 | 0
320 | 0
336 | 0
352 | 0.146765
368 | 0.150124
384 | 0.173055
400 | 0.201847
416 | 0.241396
432 | 0.292656
448 | 0.344833
464 | 0.401091
480 | 0.463352
496 | 0.530708
512 | 0.590137
528 | 0.654412
544 | 0.720735
560 | 0.785229
576 | 0.727245
592 | 0.76183
608 | 0.787284
624 | 0.80011
640 | 0.785152
656 | 0.75743
672 | 0.719357
688 | 0.665353
704 | 0.594536
720 | 0.50395
736 | 0.410951
752 | 0.304097
768 | 0.205832
784 | 0.139816
800 | 0.0868328
816 | 0.0464089
832 | 0.018544
848 | 0.00323783
864 | 0
880 | 0
896 | 0
912 | 0
928 | 0
944 | 0
960 | 0
976 | 0
992 | 0
1008 | 0
1024 | 0
1040 | 0
1056 | 0.000783677
1072 | 0.00745483
1088 | 0.0201202
1104 | 0.0380144
1120 | 0.0605271
1136 | 0.0882841
1152 | 0.122191
1168 | 0.161437
1184 | 0.198721
1200 | 0.230811
1216 | 0.261039
1232 | 0.300336
1248 | 0.349846
1264 | 0.406136
1280 | 0.47106
1296 | 0.527559
1312 | 0.587441
1328 | 0.639466
1344 | 0.682939
1360 | 0.717435
1376 | 0.740919
1392 | 0.750866
1408 | 0.746837
1424 | 0.731399
1440 | 0.705716
1456 | 0.672534
1472 | 0.628043
1488 | 0.578363
1504 | 0.519553
1520 | 0.455447
1536 | 0.394909
1552 | 0.345
1568 | 0.301086
1584 | 0.25842
1600 | 0.215788
1616 | 0.172742
1632 | 0.133002
1648 | 0.0977143
1664 | 0.0684732
1680 | 0.0423792
1696 | 0.0221903
1712 | 0.00822571
1728 | 0.00100795
1744 | 0
1760 | 0
1776 | 0
1792 | 0
1808 | 0
1824 | 0
1840 | 0
1856 | 0
1872 | 0.134592
1888 | 0.134521
1904 | 0.133399
1920 | 0.132294
1936 | 0.131209
1952 | 0.13014
1968 | 0.129089
1984 | 0.128224
2000 | 0.130198
2016 | 0.13427
2032 | 0.138919
2048 | 0.143922
2064 | 0.149299
2080 | 0.155094
2096 | 0
2112 | 0
2128 | 0.217426
2144 | 0.226599
2160 | 0.236579
2176 | 0.247436
2192 | 0.25841
2208 | 0.266951
2224 | 0.269819
2240 | 0.266563
2256 | 0.257563
2272 | 0.243094
2288 | 0.226179
2304 | 0.211043
2320 | 0.197806
2336 | 0.186132
2352 | 0.00338306
2368 | 0.0143024
2384 | 0.0320505
2400 | 0.0421016
2416 | 0.0527636
2432 | 0.0681534
2448 | 0.0753645
2464 | 0.0759798
2480 | 0.0740604
2496 | 0.0732053
2512 | 0.0731125
2528 | 0.0732303
2544 | 0.0741482
2560 | 0.0761283
2576 | 0.0759082
2592 | 0.0691405
2608 | 0.0541288
2624 | 0.203678
2640 | 0.196746
2656 | 0.184857
2672 | 0.181519
2688 | 0.186808
2704 | 0.200556
2720 | 0.225437
2736 | 0.264478
2752 | 0.320033
2768 | 0.388589
2784 | 0.465077
2800 | 0.543662
2816 | 0.615392
2832 | 0.684567
2848 | 0.491308
2864 | 0.543971
2880 | 0.604296
2896 | 0.671564
2912 | 0.737282
2928 | 0.795026
2944 | 0.83329
2960 | 0.849752
2976 | 0.844609
2992 | 0.819416
3008 | 0.778942
3024 | 0.742882
3040 | 0.735886
3056 | 0.741049
3072 | 0.752236
3088 | 0.765688
3104 | 0.764419
3120 | 0.749874
3136 | 0.724089
3152 | 0.689532
3168 | 0.650099
3184 | 0.612678
3200 | 0.581572
3216 | 0.558119
3232 | 0.540915
3248 | 0.515147
3264 | 0.460926
3280 | 0.376058
3296 | 0.280765
3312 | 0.193291
3328 | 0.116449
3344 | 0.0552145
3360 | 0.016143
3376 | 0.00240534
3392 | 0
3408 | 0
3424 | 0
3440 | 0
3456 | 0
3472 | 0
3488 | 0
3504 | 0
3520 | 0
3536 | 0
3552 | 0
3568 | 0
3584 | 0
3600 | 0
3616 | 0
3632 | 0
3648 | 0
3664 | 0
3680 | 0
3696 | 0
3712 | 0
3728 | 0
3744 | 0
3760 | 0
3776 | 0
3792 | 0
3808 | 0
Valeur de l'integrale : 943.308
