224 | 0
240 | 0
256 | 0
272 | 0
288 | 0
304 | 0
320 | 0
336 | 0
352 | 0.000997435
368 | 0.00948584
384 | 0.0252918
400 | 0.0472625
416 | 0.0785465
432 | 0.124305
448 | 0.173099
464 | 0.224453
480 | 0.280495
496 | 0.341242
512 | 0.404756
528 | 0.470552
544 | 0.53362
560 | 0.590091
576 | 0.631608
592 | 0.663629
608 | 0.697143
624 | 0.719271
640 | 0.715552
656 | 0.699157
672 | 0.671725
688 | 0.631811
704 | 0.576942
720 | 0.50395
736 | 0.410951
752 | 0.304097
768 | 0.205832
784 | 0.139816
800 | 0.0868328
816 | 0.0464089
832 | 0.018544
848 | 0.00323783
864 | 0
880 | 0
896 | 0
912 | 0
928 | 0
944 | 0
960 | 0
976 | 0
992 | 0
1008 | 0
1024 | 0
1040 | 0
1056 | 0.000783677
1072 | 0.00745483
1088 | 0.0201202
1104 | 0.0380144
1120 | 0.0605271
1136 | 0.0882841
1152 | 0.122191
1168 | 0.161437
1184 | 0.198721
1200 | 0.230811
1216 | 0.261039
1232 | 0.300336
1248 | 0.349846
1264 | 0.406136
1280 | 0.47106
1296 | 0.527559
1312 | 0.587441
1328 | 0.639466
1344 | 0.682939
1360 | 0.717435
1376 | 0.740919
1392 | 0.750866
1408 | 0.746837
1424 | 0.731399
1440 | 0.705716
1456 | 0.672534
1472 | 0.628043
1488 | 0.578363
1504 | 0.519553
1520 | 0.455447
1536 | 0.394909
1552 | 0.345
1568 | 0.301086
1584 | 0.25842
1600 | 0.215788
1616 | 0.172742
1632 | 0.133002
1648 | 0.0977143
1664 | 0.0684732
1680 | 0.0423792
1696 | 0.0221903
1712 | 0.00822571
1728 | 0.00100795
1744 | 0
1760 | 0
1776 | 0
1792 | 0
1808 | 0
1824 | 0
1840 | 0
1856 | 0
1872 | 0
1888 | 0
1904 | 0
1920 | 0
1936 | 0
1952 | 0
1968 | 0
1984 | 0
2000 | 0
2016 | 0
2032 | 0
2048 | 0
2064 | 0
2080 | 0
2096 | 0
2112 | 0
2128 | 0
2144 | 0
2160 | 0
2176 | 0
2192 | 0
2208 | 0
2224 | 0
2240 | 0
2256 | 0
2272 | 0
2288 | 0
2304 | 0
2320 | 0
2336 | 0
2352 | 0.00338306
2368 | 0.0143024
2384 | 0.0320505
2400 | 0.0421016
2416 | 0.0527636
2432 | 0.0681534
2448 | 0.0753645
2464 | 0.0759798
2480 | 0.0740604
2496 | 0.0732053
2512 | 0.0731125
2528 | 0.0732303
2544 | 0.0741482
2560 | 0.0761283
2576 | 0.0759082
2592 | 0.0691405
2608 | 0.0541288
2624 | 0.0446225
2640 | 0.033459
2656 | 0.0152917
2672 | 0.00387584
2688 | 0
2704 | 0.0019857
2720 | 0.0135239
2736 | 0.0372986
2752 | 0.0759364
2768 | 0.130312
2784 | 0.198488
2800 | 0.279188
2816 | 0.355713
2832 | 0.429512
2848 | 0.491308
2864 | 0.543971
2880 | 0.604296
2896 | 0.671564
2912 | 0.737282
2928 | 0.795026
2944 | 0.83329
2960 | 0.849752
2976 | 0.844609
2992 | 0.819416
3008 | 0.778942
3024 | 0.742882
3040 | 0.735886
3056 | 0.741049
3072 | 0.752236
3088 | 0.765688
3104 | 0.764419
3120 | 0.749874
3136 | 0.724089
3152 | 0.689532
3168 | 0.650099
3184 | 0.612678
3200 | 0.581572
3216 | 0.558119
3232 | 0.540915
3248 | 0.515147
3264 | 0.460926
3280 | 0.376058
3296 | 0.280765
3312 | 0.193291
3328 | 0.116449
3344 | 0.0552145
3360 | 0.016143
3376 | 0.00240534
3392 | 0
3408 | 0
3424 | 0
3440 | 0
3456 | 0
3472 | 0
3488 | 0
3504 | 0
3520 | 0
3536 | 0
3552 | 0
3568 | 0
3584 | 0
3600 | 0
3616 | 0
3632 | 0
3648 | 0
3664 | 0
3680 | 0
3696 | 0
3712 | 0
3728 | 0
3744 | 0
3760 | 0
3776 | 0
3792 | 0
3808 | 0
Valeur de l'integrale : 763.427
