23
23
23
23
23
23
23
23.1386
23.1339
23.1411
23.148
23.1561
23.1617
23.1653
23.17
23.1746
23.1801
23.176
23.1728
23.174
23.1807
23.1883
23.0922
23.0946
23.0867
23.0776
23.0667
23.0557
23.0454
23.0319
23.0167
23
23
23
23
23
23
23
23
23
23
23
23
23
23
23
23
23
23
23
23
23
23
23
23
23
23
23
23
23
23
23
23
23
23
23
23
23
23
23
23
23
23
23
23
23
23
23
23
23
23
23
23
23
23
23
23
23
23
23
23
23
23
23
23
23
23
23
23
23
23
23
23.1254
23.1282
23.1244
23.1234
23.1225
23.1216
23.1209
23.1209
23.1218
23.1244
23.1281
23.1324
23.1369
23.1418
23.147
23
23.198
23.2056
23.2138
23.2226
23.2322
23.2419
23.2493
23.249
23.2411
23.2284
23.2134
23.1999
23.188
23.1774
23.1693
23
23
23
23
23
23
23
23
23
23
23
23
23
23
23
23
23.1491
23.1526
23.1565
23.1623
23.1697
23.178
23.1887
23.2007
23.2143
23.2293
23.2415
23.2448
23.243
23.2389
23.2388
23
23
23
23
23
23
23
23
23
23
23
23
23
23
23
23
23
23
23
23
23
23
23
23
23
23
23
23
23
23
23
23
23
23
23
23
23
23
23
23
23
23
23
23
23
23
23
23
23
23
23
23
23
23
23
23
23
23
23
23
