0
0
0
0.00865573
0.0211577
0.0321914
0.17438
0.180299
0.195662
0.209939
0.22498
0.236804
0.246114
0.25608
0.265252
0.273775
0.274257
0.273283
0.272408
0.274782
0.276944
0.279612
0.180756
0.176306
0.162953
0.147962
0.130517
0.112573
0.0945505
0.0725752
0.0479875
0.0208356
0.00799598
0
0
0
0
0
0
0
0
0
0
0
0
0
0
0
0
0
0
0
0
0
0
0
0
0
0
0
0
0
0
0
0
0
0
0
0
0
0
0
0
0
0
0
0
0
0
0
0
0
0
0
0
0
0
0
0
0
0
0
0
0
0
0
0
0
0
0
0
0.117414
0.119835
0.118943
0.115662
0.114831
0.114025
0.113468
0.11373
0.115232
0.116767
0.119158
0.122559
0.126421
0.130551
0.13496
0.139678
0.187739
0.18815
0.19498
0.202325
0.210245
0.218775
0.22731
0.231443
0.226655
0.215374
0.201991
0.189832
0.179054
0.169434
0.162008
0.155262
0
0
0
0
0
0
0
0
0
0
0
0
0
0
0
0.139022
0.143431
0.146702
0.150294
0.155596
0.162371
0.169994
0.17968
0.190536
0.202787
0.215923
0.223405
0.226235
0.22471
0.224646
0.224646
0
0
0
0
0
0
0
0
0
0
0
0
0
0
0
0
0
0
0
0
0
0
0
0
0
0
0
0
0
0
0
0
0
0
0
0
0
0
0
0
0
0
0
0
0
0
0
0
0
0
0
0
0
0
0
0
0
0
0
