0
0
0.00820608
0.0201211
0.0307018
0.166554
0.172454
0.187571
0.201667
0.216415
0.228182
0.237528
0.247504
0.256711
0.264915
0.263521
0.261464
0.260142
0.26424
0.266446
0.268235
0.270475
0.174717
0.170274
0.157139
0.142448
0.125486
0.108024
0.0905352
0.0693279
0.0457187
0.0197914
0.00757022
0
0
0
0
0
0
0
0
0
0
0
0
0
0
0
0
0
0
0
0
0
0
0
0
0
0
0
0
0
0
0
0
0
0
0
0
0
0
0
0
0
0
0
0
0
0
0
0
0
0
0
0
0
0
0
0
0
0
0
0
0
0
0
0
0
0
0
0.110308
0.112507
0.111721
0.110945
0.108085
0.107371
0.106877
0.10712
0.108671
0.110693
0.11211
0.114311
0.117438
0.120979
0.124756
0.128776
0.311915
0.17885
0.179223
0.18541
0.192039
0.19916
0.206798
0.212347
0.21202
0.203757
0.191738
0.180749
0.170951
0.162161
0.155345
0.149132
0.144372
0
0
0
0
0
0
0
0
0
0
0
0
0
0
0.129433
0.134087
0.138184
0.141218
0.144543
0.14944
0.155679
0.162674
0.171521
0.181386
0.192267
0.201377
0.207869
0.210317
0.212036
0.212036
0.211783
0
0
0
0
0
0
0
0
0
0
0
0
0
0
0
0
0
0
0
0
0
0
0
0
0
0
0
0
0
0
0
0
0
0
0
0
0
0
0
0
0
0
0
0
0
0
0
0
0
0
0
0
0
0
0
0
0
0
