0
0.00780084
0.0191814
0.0293439
0.159399
0.165263
0.180122
0.194022
0.208478
0.220166
0.229521
0.239485
0.248704
0.256949
0.255531
0.251838
0.249411
0.252684
0.256654
0.2586
0.260057
0.261916
0.169069
0.164641
0.151726
0.137329
0.120829
0.103828
0.086847
0.0663588
0.0436549
0.0188469
0.0071875
0
0
0
0
0
0
0
0
0
0
0
0
0
0
0
0
0
0
0
0
0
0
0
0
0
0
0
0
0
0
0
0
0
0
0
0
0
0
0
0
0
0
0
0
0
0
0
0
0
0
0
0
0
0
0
0
0
0
0
0
0
0
0
0
0
0
0.102842
0.105966
0.105325
0.104636
0.103955
0.10145
0.10101
0.101227
0.102621
0.104625
0.106499
0.107809
0.109843
0.112727
0.115986
0.119454
0.288637
0.297814
0.170765
0.171105
0.176735
0.182749
0.189185
0.194339
0.195883
0.191852
0.182476
0.172495
0.163549
0.155486
0.149209
0.143468
0.139057
0.136115
0
0
0
0
0
0
0
0
0
0
0
0
0
0.121047
0.125145
0.129491
0.133307
0.136129
0.139216
0.143753
0.149517
0.155958
0.164071
0.172923
0.180648
0.188666
0.194353
0.199174
0.200767
0.20054
0.197771
0
0
0
0
0
0
0
0
0
0
0
0
0
0
0
0
0
0
0
0
0
0
0
0
0
0
0
0
0
0
0
0
0
0
0
0
0
0
0
0
0
0
0
0
0
0
0
0
0
0
0
0
0
0
0
0
0
