0.00743374
0.0183256
0.028101
0.152834
0.158649
0.173242
0.186936
0.201103
0.212694
0.222036
0.231968
0.241181
0.249449
0.248318
0.244644
0.240637
0.242547
0.245738
0.249492
0.251203
0.252362
0.253882
0.163774
0.159368
0.146673
0.132566
0.116505
0.0999461
0.0834476
0.0636335
0.0417693
0.0179884
0.00684162
0
0
0
0
0
0
0
0
0
0
0
0
0
0
0
0
0
0
0
0
0
0
0
0
0
0
0
0
0
0
0
0
0
0
0
0
0
0
0
0
0
0
0
0
0
0
0
0
0
0
0
0
0
0
0
0
0
0
0
0
0
0
0
0
0
0.0953335
0.0990583
0.0995717
0.0990056
0.0983961
0.0978035
0.0957529
0.0959482
0.0971995
0.0990056
0.10087
0.10261
0.103826
0.105712
0.10838
0.111389
0.268593
0.276522
0.284933
0.163379
0.16369
0.168836
0.174315
0.178705
0.180458
0.178542
0.172869
0.164962
0.156762
0.149339
0.143539
0.138219
0.13412
0.131381
0.128628
0
0
0
0
0
0
0
0
0
0
0
0
0.113083
0.117288
0.121132
0.125199
0.128763
0.131393
0.134268
0.138483
0.143825
0.149774
0.157116
0.163467
0.170352
0.177465
0.184799
0.189198
0.19043
0.187931
0.185497
0
0
0
0
0
0
0
0
0
0
0
0
0
0
0
0
0
0
0
0
0
0
0
0
0
0
0
0
0
0
0
0
0
0
0
0
0
0
0
0
0
0
0
0
0
0
0
0
0
0
0
0
0
0
0
0
