0
0
0
0
0
0
0
0
0
0
0
0
0
0
0
0
6.70268
18.0629
20.745
19.3623
19.4141
18.6637
18.4171
19.1802
12.9022
12.4074
18.8856
19.3456
19.355
19.3527
19.3837
20.7929
13.1842
1.0188
0
0
0
0
0
0
0
0
0
0
0
0
0
0
0
0
0
0
0
0
0
0
0
0
0
0
0
0
0
0
0
0
0
0
0
0
0
0
0
0
0
0
0
0
0
0
0
0
0
0
0
0
0
0
0
0
0
0
0
0
0
0
0
0
0
0
0
0
0
0
0
0
0
0
0
0
0
0
0
0
0
1.03963
1.375
0
0
0
0
0
0
0
0
0
0
0
0
0
0
1.88874
1.88874
0
0
0
0
0
0
0
0
0
0
0
0
0
0
0
0
0
0
0
0
0
0
0
0
0
0
0
0
0
1.88874
1.88874
0
0
0
0
0
0
0
0
0
0
0
0
0
0
0
0
0
0
0
0
0
0
0
0
0
0
0
0
0
0
0
0
0
0
0
0
0
0
0
0
0
0
0
0
0
0
0
0
0
0
0
0
0
0
0
0
0
0
0
0
0
0
0
0
0
0
0
0
0
0
0
0
0
