23
23
23.1112
23.1082
23.1151
23.1219
23.1295
23.1352
23.1392
23.1441
23.1488
23.1528
23.1478
23.1435
23.141
23.1411
23.1423
23.1441
23.1462
23.1498
23.1548
23.1603
23.0782
23.0799
23.0727
23.0646
23.0552
23.0457
23.0369
23.0256
23.0132
23
23
23
23
23
23
23
23
23
23
23
23
23
23
23
23
23
23
23
23
23
23
23
23
23
23
23
23
23
23
23
23
23
23
23
23
23
23
23
23
23
23
23
23
23
23
23
23
23
23
23
23
23
23
23
23
23
23
23
23
23
23
23
23
23
23
23.0887
23.0921
23.0934
23.0939
23.0934
23.0929
23.0925
23.0912
23.0923
23.094
23.0956
23.0974
23.099
23.1001
23.1019
23.1044
23.2512
23.2581
23.2654
23.2731
23.1566
23.1569
23.1616
23.1654
23.1669
23.1656
23.162
23.1571
23.1505
23.1437
23.1383
23.1333
23.1295
23.127
23.1244
23.121
23
23
23
23
23
23
23
23
23
23
23
23.1061
23.1098
23.1138
23.1174
23.1212
23.1245
23.127
23.1297
23.1336
23.1385
23.144
23.1493
23.155
23.1612
23.1695
23.1762
23.18
23.179
23.1768
23.1764
23
23
23
23
23
23
23
23
23
23
23
23
23
23
23
23
23
23
23
23
23
23
23
23
23
23
23
23
23
23
23
23
23
23
23
23
23
23
23
23
23
23
23
23
23
23
23
23
23
23
23
23
23
23
23
