320 | 0
336 | 0
352 | 0.000760704
368 | 0.00729541
384 | 0.0197089
400 | 0.0372701
416 | 0.0624443
432 | 0.0998242
448 | 0.140298
464 | 0.183171
480 | 0.228191
496 | 0.275139
512 | 0.322795
528 | 0.367152
544 | 0.402129
560 | 0.426733
576 | 0.449786
592 | 0.470686
608 | 0.488272
624 | 0.506083
640 | 0.524286
656 | 0.542976
672 | 0.553444
688 | 0.560237
704 | 0.570708
720 | 0.576125
736 | 0.567215
752 | 0.547961
768 | 0.519908
784 | 0.482267
800 | 0.433613
816 | 0.372221
832 | 0.297742
848 | 0.215812
864 | 0.144127
880 | 0.0978709
896 | 0.0607287
912 | 0.0317887
928 | 0.0121818
944 | 0.00201699
960 | 0
976 | 0
992 | 0
1008 | 0
1024 | 0
1040 | 0
1056 | 0.000629709
1072 | 0.0060316
1088 | 0.01642
1104 | 0.0312709
1120 | 0.0501265
1136 | 0.0725894
1152 | 0.0983131
1168 | 0.125968
1184 | 0.149963
1200 | 0.167788
1216 | 0.182008
1232 | 0.202512
1248 | 0.23052
1264 | 0.267253
1280 | 0.306399
1296 | 0.347591
1312 | 0.390991
1328 | 0.432142
1344 | 0.473594
1360 | 0.512309
1376 | 0.55652
1392 | 0.589279
1408 | 0.616946
1424 | 0.633683
1440 | 0.63949
1456 | 0.637853
1472 | 0.625321
1488 | 0.605047
1504 | 0.573867
1520 | 0.536738
1536 | 0.50107
1552 | 0.46294
1568 | 0.42272
1584 | 0.380773
1600 | 0.343233
1616 | 0.309341
1632 | 0.276049
1648 | 0.248555
1664 | 0.225728
1680 | 0.197989
1696 | 0.166691
1712 | 0.132841
1728 | 0.101729
1744 | 0.074426
1760 | 0.0511892
1776 | 0.0315702
1792 | 0.0163895
1808 | 0.00602385
1824 | 0.000730119
1840 | 0
1856 | 0
1872 | 0
1888 | 0
1904 | 0
1920 | 0
1936 | 0
1952 | 0
1968 | 0
1984 | 0
2000 | 0
2016 | 0
2032 | 0
2048 | 0
2064 | 0
2080 | 0
2096 | 0
2112 | 0
2128 | 0
2144 | 0
2160 | 0
2176 | 0
2192 | 0
2208 | 0
2224 | 0
2240 | 0
2256 | 0
2272 | 0
2288 | 0
2304 | 0
2320 | 0
2336 | 0
2352 | 0.00263998
2368 | 0.0112733
2384 | 0.0254569
2400 | 0.0336111
2416 | 0.0423386
2432 | 0.055057
2448 | 0.0613375
2464 | 0.0618912
2480 | 0.059741
2496 | 0.0577353
2512 | 0.0558598
2528 | 0.0541668
2544 | 0.0529831
2560 | 0.0525716
2576 | 0.0530383
2592 | 0.054258
2608 | 0.0559713
2624 | 0.0578544
2640 | 0.0598686
2656 | 0.0620282
2672 | 0.0617571
2688 | 0.0558322
2704 | 0.0446683
2720 | 0.0437262
2736 | 0.0478559
2752 | 0.0536044
2768 | 0.0729274
2784 | 0.107182
2800 | 0.157575
2816 | 0.212309
2832 | 0.271406
2848 | 0.326544
2864 | 0.375873
2880 | 0.427202
2896 | 0.4806
2912 | 0.530219
2928 | 0.57399
2944 | 0.614168
2960 | 0.647987
2976 | 0.673287
2992 | 0.689917
3008 | 0.700032
3024 | 0.713353
3040 | 0.740638
3056 | 0.768653
3072 | 0.789901
3088 | 0.801001
3104 | 0.799333
3120 | 0.788167
3136 | 0.768802
3152 | 0.74057
3168 | 0.708373
3184 | 0.679454
3200 | 0.646362
3216 | 0.608727
3232 | 0.569899
3248 | 0.534242
3264 | 0.497539
3280 | 0.460469
3296 | 0.425826
3312 | 0.395134
3328 | 0.367545
3344 | 0.335909
3360 | 0.293695
3376 | 0.234255
3392 | 0.173776
3408 | 0.121595
3424 | 0.0757294
3440 | 0.0374006
3456 | 0.0114853
3472 | 0.00178191
3488 | 0
3504 | 0
3520 | 0
3536 | 0
3552 | 0
3568 | 0
3584 | 0
3600 | 0
3616 | 0
3632 | 0
3648 | 0
3664 | 0
3680 | 0
3696 | 0
3712 | 0
3728 | 0
3744 | 0
3760 | 0
3776 | 0
3792 | 0
3808 | 0
Valeur de l'integrale : 765.729
