23
23
23
23
23
23
23
23
23
23
23
23
23
23
23
23
23
23
23.3556
23.3634
23.4028
23.4453
23.1225
23.1543
23.1506
23.1506
23.1453
23.1441
23.1116
23.0748
23.0392
23
23
23
23
23
23
23
23
23
23
23
23
23
23
23
23
23
23
23
23
23
23
23
23
23
23
23
23
23
23
23
23
23
23
23
23
23
23
23
23
23
23
23
23
23
23
23
23
23
23
23
23
23
23
23
23
23
23
23
23
23
23
23
23
23
23
23
23
23
23
23
23
23
23
23
23
23
23
23
23
23
23
23.46
23.5156
23.5156
23.5156
23
23
23
23
23
23
23
23
23
23
23
23
23.9444
23.9444
23.9444
23.9444
23
23
23
23
23
23
23
23
23
23
23
23
23
23
23
23
23
23
23
23
23
23
23
23
23
23
23
23.9101
23.9444
23.9444
23.9444
23
23
23
23
23
23
23
23
23
23
23
23
23
23
23
23
23
23
23
23
23
23
23
23
23
23
23
23
23
23
23
23
23
23
23
23
23
23
23
23
23
23
23
23
23
23
23
23
23
23
23
23
23
23
23
23
23
23
23
23
23
23
23
23
23
23
23
23
23
23
23
