0
0
0
0
0
0
0
0
0
0
0
0
0
3.18061
8.5215
12.4269
15.79
18.9498
19.6618
19.046
19.0108
16.3036
16.2083
16.6208
16.6927
16.6927
19.1663
19.3627
19.9206
17.1187
14.6841
11.5487
7.32263
0.479457
0
0
0
0
0
0
0
0
0
0
0
0
0
0
0
0
0
0
0
0
0
0
0
0
0
0
0
0
0
0
0
0
0
0
0
0
0
0
0
0
0
0
0
0
0
0
0
0
0
0
0
0
0
0
0
0
0
0
0
0
0
0
0
0
0
0
0
0
0
0
0
0
0
0
0
0
0
0
0.359831
0.392857
0.392857
0.392857
0.392857
0
0
0
0
0
0
0
0
0
0
0
0.755495
0.755495
0.755495
0.755495
0.755495
0
0
0
0
0
0
0
0
0
0
0
0
0
0
0
0
0
0
0
0
0
0
0
0
0
0
0.671469
0.733431
0.755495
0.755495
0.755495
0
0
0
0
0
0
0
0
0
0
0
0
0
0
0
0
0
0
0
0
0
0
0
0
0
0
0
0
0
0
0
0
0
0
0
0
0
0
0
0
0
0
0
0
0
0
0
0
0
0
0
0
0
0
0
0
0
0
0
0
0
0
0
0
0
0
0
0
0
0
