0
0
0
0
0
0
0
0
0
0
0
0
2.74946
7.48859
11.0485
13.8368
16.3859
18.7525
19.5395
19.102
16.8414
16.6987
16.7635
17.0874
17.1471
17.1463
19.2078
19.8224
17.5109
15.5886
13.2377
10.2589
6.38144
0.407541
0
0
0
0
0
0
0
0
0
0
0
0
0
0
0
0
0
0
0
0
0
0
0
0
0
0
0
0
0
0
0
0
0
0
0
0
0
0
0
0
0
0
0
0
0
0
0
0
0
0
0
0
0
0
0
0
0
0
0
0
0
0
0
0
0
0
0
0
0
0
0
0
0
0
0
0
0
0.296931
0.317406
0.317308
0.317308
0.317308
0.317406
0
0
0
0
0
0
0
0
0
0
0.629579
0.629579
0.629579
0.629579
0.629579
0.629579
0
0
0
0
0
0
0
0
0
0
0
0
0
0
0
0
0
0
0
0
0
0
0
0
0
0.505329
0.570125
0.614182
0.629579
0.629579
0.629579
0
0
0
0
0
0
0
0
0
0
0
0
0
0
0
0
0
0
0
0
0
0
0
0
0
0
0
0
0
0
0
0
0
0
0
0
0
0
0
0
0
0
0
0
0
0
0
0
0
0
0
0
0
0
0
0
0
0
0
0
0
0
0
0
0
0
0
0
0
