0.230666
0.229771
0.21094
0.189988
0.179064
0.180491
0.186191
0.180391
0.160375
0.133077
0.105779
0.0784147
0.0504281
0.0237981
0.00502749
0
0
0
0
0
0
0
0.0790999
0.153097
0.216298
0.224706
0.21582
0.225124
0.298673
0.305617
0.317829
0.346581
0.429827
0.539549
0.619724
0.62122
0.589169
0.531576
0.484258
0.421558
0.35254
0.293827
0.265249
0.267231
0.2952
0.305936
0.326625
0.328452
0.332124
0.331284
0.306477
0.278169
0.25707
0.239756
0.234674
0.243134
0.26262
0.29313
0.314386
0.322586
0.328434
0.353245
0.330455
0.295393
0.295212
0.319454
0.342487
0.364457
0.35159
0.338896
0.327965
0.293772
0.24779
0.204763
0.149846
0.116154
0.117141
0.134745
0.161526
0.187642
0.214801
0.26139
0.29791
0.312241
0.314883
0.323699
0.335141
0.347264
0.360298
0.372119
0.371902
0.354275
0.306156
0.24171
0.180434
0.12218
0.0698928
0.40016
0.362987
0.334957
0.321713
0.309545
0.298265
0.53103
0.230483
0.281506
0.33636
0.393047
0.448062
0.755951
0.508838
0.492151
0.446778
0.399405
0.342658
0.28829
0
0
0.0142341
0.0418005
0.0697586
0.0997717
0.13168
0.156314
0.17834
0.194128
0.192035
0.178137
0.15583
0.13062
0.10471
0.0775758
0.0444162
0.017763
0.00337002
0
0
0
0
0.0352922
0.0850185
0.129326
0.171766
0.218702
0.270996
0.324126
0.273748
0.202909
0.147354
0.104331
0.065768
0.0308511
0
0
0
0
0
0
0
0
0
0
0