112 | 0
128 | 0
144 | 0
160 | 0
176 | 0
192 | 0
208 | 0
224 | 0
240 | 0
256 | 0
272 | 0
288 | 0
304 | 0
320 | 0
336 | 0
352 | 0
368 | 0
384 | 0
400 | 0
416 | 0
432 | 0
448 | 0
464 | 0
480 | 0
496 | 0
512 | 0
528 | 0
544 | 0
560 | 0
576 | 0
592 | 0
608 | 0
624 | 0
640 | 0
656 | 0
672 | 0
688 | 0
704 | 0
720 | 0
736 | 0
752 | 0
768 | 0
784 | 0
800 | 0
816 | 0
832 | 0
848 | 0
864 | 0
880 | 0
896 | 0
912 | 0
928 | 0
944 | 0
960 | 0
976 | 0
992 | 0
1008 | 0
1024 | 0
1040 | 0
1056 | 0
1072 | 0
1088 | 0
1104 | 0
1120 | 0
1136 | 0
1152 | 0
1168 | 0
1184 | 0
1200 | 0
1216 | 0
1232 | 0.00668407
1248 | 0.0376461
1264 | 0.102758
1280 | 0.193175
1296 | 0.329649
1312 | 0.45267
1328 | 0.574956
1344 | 0.671333
1360 | 0.720808
1376 | 0.712729
1392 | 0.654305
1408 | 0.539519
1424 | 0.417296
1440 | 0.300964
1456 | 0.184092
1472 | 0.0977842
1488 | 0.0384016
1504 | 0.00775144
1520 | 0
1536 | 0
1552 | 0
1568 | 0
1584 | 0
1600 | 0
1616 | 0
1632 | 0
1648 | 0
1664 | 0
1680 | 0
1696 | 0
1712 | 0
1728 | 0
1744 | 0
1760 | 0
1776 | 0.00309789
1792 | 0.0194352
1808 | 0.0499889
1824 | 0.0947188
1840 | 0.153433
1856 | 0.223081
1872 | 0.28136
1888 | 0.347252
1904 | 0.432442
1920 | 0.519237
1936 | 0.603927
1952 | 0.675018
1968 | 0.715176
1984 | 0.744552
2000 | 0.777203
2016 | 0.797148
2032 | 0.799063
2048 | 0.78097
2064 | 0.745442
2080 | 0.710519
2096 | 0.670757
2112 | 0.600964
2128 | 0.513857
2144 | 0.430224
2160 | 0.364728
2176 | 0.333749
2192 | 0.343929
2208 | 0.388909
2224 | 0.507894
2240 | 0.634693
2256 | 0.754989
2272 | 0.853385
2288 | 0.917599
2304 | 0.950842
2320 | 0.964842
2336 | 0.961349
2352 | 0.93155
2368 | 0.875383
2384 | 0.800048
2400 | 0.727245
2416 | 0.673051
2432 | 0.640699
2448 | 0.649084
2464 | 0.697642
2480 | 0.77284
2496 | 0.852982
2512 | 0.91535
2528 | 0.950154
2544 | 0.964314
2560 | 0.96764
2576 | 0.966545
2592 | 0.946565
2608 | 0.899436
2624 | 0.827838
2640 | 0.726326
2656 | 0.58524
2672 | 0.40363
2688 | 0.244262
2704 | 0.133897
Valeur de l'integrale : 684.689
