128 | 0
144 | 0
160 | 0
176 | 0
192 | 0
208 | 0
224 | 0
240 | 0
256 | 0
272 | 0
288 | 0
304 | 0
320 | 0
336 | 0
352 | 0
368 | 0
384 | 0
400 | 0
416 | 0
432 | 0
448 | 0
464 | 0
480 | 0
496 | 0
512 | 0
528 | 0
544 | 0
560 | 0
576 | 0
592 | 0
608 | 0
624 | 0
640 | 0
656 | 0
672 | 0
688 | 0
704 | 0
720 | 0
736 | 0
752 | 0
768 | 0
784 | 0
800 | 0
816 | 0
832 | 0
848 | 0
864 | 0
880 | 0
896 | 0
912 | 0
928 | 0
944 | 0
960 | 0
976 | 0
992 | 0
1008 | 0
1024 | 0
1040 | 0
1056 | 0
1072 | 0
1088 | 0
1104 | 0
1120 | 0
1136 | 0
1152 | 0
1168 | 0
1184 | 0
1200 | 0
1216 | 0
1232 | 0.00591716
1248 | 0.0318988
1264 | 0.089359
1280 | 0.174901
1296 | 0.299889
1312 | 0.397161
1328 | 0.495295
1344 | 0.603019
1360 | 0.666183
1376 | 0.684884
1392 | 0.653416
1408 | 0.583815
1424 | 0.473042
1440 | 0.363641
1456 | 0.262779
1472 | 0.165212
1488 | 0.0880312
1504 | 0.03445
1520 | 0.00692801
1536 | 0
1552 | 0
1568 | 0
1584 | 0
1600 | 0
1616 | 0
1632 | 0
1648 | 0
1664 | 0
1680 | 0
1696 | 0
1712 | 0
1728 | 0
1744 | 0
1760 | 0
1776 | 0.00275455
1792 | 0.017024
1808 | 0.0431562
1824 | 0.0817565
1840 | 0.132432
1856 | 0.192429
1872 | 0.256119
1888 | 0.318668
1904 | 0.389419
1920 | 0.476109
1936 | 0.561669
1952 | 0.635336
1968 | 0.679283
1984 | 0.712562
2000 | 0.754459
2016 | 0.785336
2032 | 0.798075
2048 | 0.787763
2064 | 0.758407
2080 | 0.711711
2096 | 0.672352
2112 | 0.630465
2128 | 0.558812
2144 | 0.47698
2160 | 0.407981
2176 | 0.366886
2192 | 0.358283
2208 | 0.390978
2224 | 0.487502
2240 | 0.587018
2256 | 0.690125
2272 | 0.788926
2288 | 0.870752
2304 | 0.924847
2320 | 0.953214
2336 | 0.958768
2352 | 0.936566
2368 | 0.888527
2384 | 0.82489
2400 | 0.764473
2416 | 0.720852
2432 | 0.695821
2448 | 0.681069
2464 | 0.697246
2480 | 0.741239
2496 | 0.802837
2512 | 0.869898
2528 | 0.922822
2544 | 0.95265
2560 | 0.964861
2576 | 0.965827
2592 | 0.949656
2608 | 0.909796
2624 | 0.850551
2640 | 0.768728
2656 | 0.658559
2672 | 0.521908
2688 | 0.354664
2704 | 0.205506
Valeur de l'integrale : 685.51
