0.218847
0.21913
0.20609
0.191339
0.182775
0.177615
0.164692
0.143767
0.122856
0.102953
0.0818482
0.0613027
0.0395371
0.0187975
0.00398291
0
0
0
0
0
0.0615766
0.118962
0.171962
0.177234
0.171659
0.177258
0.233026
0.297533
0.354461
0.373717
0.393543
0.428031
0.495477
0.555856
0.576902
0.532177
0.509537
0.473805
0.435514
0.39279
0.339417
0.297127
0.278818
0.285446
0.311418
0.313342
0.323342
0.322516
0.306698
0.290627
0.281485
0.270458
0.255877
0.253994
0.268351
0.274842
0.274842
0.289991
0.306331
0.325082
0.323025
0.323547
0.324061
0.322486
0.329023
0.346249
0.348829
0.332595
0.310274
0.297413
0.28279
0.253022
0.200214
0.164842
0.147705
0.145732
0.158881
0.174309
0.195079
0.215413
0.236337
0.272072
0.299919
0.319213
0.331288
0.340694
0.350489
0.358228
0.35525
0.341104
0.316195
0.277403
0.229974
0.182689
0.137036
0.387297
0.335908
0.2941
0.265919
0.248329
0.240974
0.426842
0.432384
0.46358
0.258751
0.29847
0.340172
0.573309
0.581501
0.589751
0.398975
0.387028
0.344816
0.30304
0.272945
0.240763
0.0111053
0.0326614
0.0542557
0.075958
0.0981219
0.123217
0.148393
0.164292
0.176359
0.179189
0.164878
0.146151
0.127959
0.107513
0.0791205
0.0540815
0.0313995
0.012707
0.00244658
0
0
0.0287035
0.0648145
0.0974073
0.127673
0.160282
0.195574
0.230859
0.238698
0.24181
0.197915
0.146689
0.108221
0.0777276
0.0496233
0.0235664
0
0
0
0
0
0
0
0
0