144 | 0
160 | 0
176 | 0
192 | 0
208 | 0
224 | 0
240 | 0
256 | 0
272 | 0
288 | 0
304 | 0
320 | 0
336 | 0
352 | 0
368 | 0
384 | 0
400 | 0
416 | 0
432 | 0
448 | 0
464 | 0
480 | 0
496 | 0
512 | 0
528 | 0
544 | 0
560 | 0
576 | 0
592 | 0
608 | 0
624 | 0
640 | 0
656 | 0
672 | 0
688 | 0
704 | 0
720 | 0
736 | 0
752 | 0
768 | 0
784 | 0
800 | 0
816 | 0
832 | 0
848 | 0
864 | 0
880 | 0
896 | 0
912 | 0
928 | 0
944 | 0
960 | 0
976 | 0
992 | 0
1008 | 0
1024 | 0
1040 | 0
1056 | 0
1072 | 0
1088 | 0
1104 | 0
1120 | 0
1136 | 0
1152 | 0
1168 | 0
1184 | 0
1200 | 0
1216 | 0
1232 | 0.00527506
1248 | 0.028636
1264 | 0.0771881
1280 | 0.154772
1296 | 0.275928
1312 | 0.365858
1328 | 0.441288
1344 | 0.528858
1360 | 0.605823
1376 | 0.639595
1392 | 0.634183
1408 | 0.590112
1424 | 0.521852
1440 | 0.419698
1456 | 0.322693
1472 | 0.238992
1488 | 0.150642
1504 | 0.0800473
1520 | 0.0312357
1536 | 0.00626272
1552 | 0
1568 | 0
1584 | 0
1600 | 0
1616 | 0
1632 | 0
1648 | 0
1664 | 0
1680 | 0
1696 | 0
1712 | 0
1728 | 0
1744 | 0
1760 | 0
1776 | 0.00247926
1792 | 0.0153738
1808 | 0.038455
1824 | 0.071927
1840 | 0.116487
1856 | 0.169183
1872 | 0.224737
1888 | 0.293227
1904 | 0.36059
1920 | 0.432616
1936 | 0.518846
1952 | 0.594549
1968 | 0.642169
1984 | 0.680004
2000 | 0.725534
2016 | 0.764608
2032 | 0.78747
2048 | 0.788149
2064 | 0.767344
2080 | 0.72775
2096 | 0.676551
2112 | 0.635177
2128 | 0.59003
2144 | 0.521646
2160 | 0.452512
2176 | 0.405911
2192 | 0.385832
2208 | 0.398833
2224 | 0.478079
2240 | 0.560377
2256 | 0.642954
2272 | 0.729778
2288 | 0.813563
2304 | 0.883575
2320 | 0.930293
2336 | 0.948563
2352 | 0.937142
2368 | 0.898426
2384 | 0.843355
2400 | 0.791757
2416 | 0.755349
2432 | 0.735095
2448 | 0.723857
2464 | 0.719542
2480 | 0.736557
2496 | 0.772757
2512 | 0.824868
2528 | 0.882501
2544 | 0.928459
2560 | 0.95452
2576 | 0.963438
2592 | 0.95089
2608 | 0.917462
2624 | 0.866958
2640 | 0.798505
2656 | 0.708343
2672 | 0.599699
2688 | 0.470545
2704 | 0.306018
Valeur de l'integrale : 685.234
