0
0.31
0.32
0.265
0.185
0.16
0.178896
0.178771
0.178771
0.178771
0.196319
0.197303
0.197531
0.135698
0.0363774
0
0
0
0
0
0
0
0
0
0
0
0
0
0.472826
0.470761
0.451087
0
0
0
0.543652
0.527032
0.541081
0.631001
0.625
0.834089
0.680015
0.541912
0.301272
0.143713
0.284672
0.233533
0.293775
0.298913
0.302302
0.312389
0.337812
0.369128
0.40887
0.301709
0.31068
0.278261
0.182792
0.184838
0.23638
0.251852
0.251852
0.355556
0.56338
0.425603
0.278261
0.278261
0.278261
0.421746
0.237037
0.251473
0.351906
0.432624
0.468007
0.450176
0.31411
0.190751
0.177367
0.118519
0.118519
0.111208
0.0401128
0.0815138
0.206119
0.291024
0.317881
0.319069
0.32
0.32
0.314368
0.304762
0.308806
0.393644
0.417391
0.417391
0.417391
0.391304
0.278261
0.168332
0.0905233
0
0
0
0
2.48531
0
0
0
0
0
2.22391
0
0.346369
0.346369
0.357542
0.346853
1.97557
0
0
0
0
0
0
0
0
0.0855615
0.171123
0.195793
0.196621
0.202532
0.21649
0.19961
0.183315
0.156643
0.0981595
0.0272109
0
0
0
0
0
0
0
0
0
0
0.326054
0.447689
0.354708
0.298701
0.29499
0.293812
0.260599
0
0
0
0
0
0
0
0
0
0
0
0
0
0
0
0
0