16 | 0
32 | 0
48 | 0
64 | 0
80 | 0
96 | 0
112 | 0
128 | 0
144 | 0
160 | 0
176 | 0
192 | 0
208 | 0
224 | 0
240 | 0
256 | 0
272 | 0
288 | 0
304 | 0
320 | 0
336 | 0
352 | 0
368 | 0
384 | 0
400 | 0
416 | 0
432 | 0
448 | 0
464 | 0
480 | 0
496 | 0
512 | 0
528 | 0
544 | 0
560 | 0
576 | 0
592 | 0
608 | 0
624 | 0
640 | 0
656 | 0
672 | 0
688 | 0
704 | 0
720 | 0
736 | 0
752 | 0
768 | 0
784 | 0
800 | 0
816 | 0
832 | 0
848 | 0
864 | 0
880 | 0
896 | 0
912 | 0
928 | 0
944 | 0
960 | 0
976 | 0
992 | 0
1008 | 0
1024 | 0
1040 | 0
1056 | 0
1072 | 0
1088 | 0
1104 | 0
1120 | 0
1136 | 0
1152 | 0
1168 | 0
1184 | 0
1200 | 0
1216 | 0
1232 | 0.0484988
1248 | 0.215278
1264 | 0.451852
1280 | 0.646394
1296 | 0.825133
1312 | 0.819505
1328 | 0.795491
1344 | 0.79399
1360 | 0.628725
1376 | 0.418779
1392 | 0.206667
1408 | 0.05
1424 | 0
1440 | 0
1456 | 0
1472 | 0
1488 | 0
1504 | 0
1520 | 0
1536 | 0
1552 | 0
1568 | 0
1584 | 0
1600 | 0
1616 | 0
1632 | 0
1648 | 0
1664 | 0
1680 | 0
1696 | 0
1712 | 0
1728 | 0
1744 | 0
1760 | 0
1776 | 0.0288866
1792 | 0.103352
1808 | 0.192737
1824 | 0.282123
1840 | 0.370629
1856 | 0.445402
1872 | 0.490909
1888 | 0.59322
1904 | 0.701997
1920 | 0.791209
1936 | 0.828543
1952 | 0.834225
1968 | 0.723335
1984 | 0.687858
2000 | 0.8125
2016 | 0.834225
2032 | 0.804589
2048 | 0.708141
2064 | 0.598101
2080 | 0.462156
2096 | 0.404289
2112 | 0.36126
2128 | 0.286713
2144 | 0.217791
2160 | 0.234694
2176 | 0.385496
2192 | 0.593478
2208 | 0.80369
2224 | 0.941406
2240 | 0.96875
2256 | 0.96875
2272 | 0.96875
2288 | 0.96875
2304 | 0.96875
2320 | 0.968741
2336 | 0.900383
2352 | 0.694242
2368 | 0.487013
2384 | 0.376623
2400 | 0.468537
2416 | 0.670659
2432 | 0.850512
2448 | 0.939986
2464 | 0.960587
2480 | 0.96875
2496 | 0.96875
2512 | 0.96875
2528 | 0.96875
2544 | 0.96875
2560 | 0.968539
2576 | 0.947149
2592 | 0.730435
2608 | 0.467391
2624 | 0.308696
2640 | 0.169565
2656 | 0.0358696
2672 | 0
2688 | 0
2704 | 0
Valeur de l'integrale : 672.891
