160 | 0.21475
176 | 0.217151
192 | 0.205316
208 | 0.191896
224 | 0.178451
240 | 0.16415
256 | 0.147444
272 | 0.128711
288 | 0.110964
304 | 0.0920897
320 | 0.0745304
336 | 0.0547701
352 | 0.0363292
368 | 0.0167809
384 | 0.00369131
400 | 0
416 | 0
432 | 0
448 | 0
464 | 0.0557112
480 | 0.105508
496 | 0.157449
512 | 0.157276
528 | 0.158692
544 | 0.157295
560 | 0.215411
576 | 0.264514
592 | 0.324178
608 | 0.384636
624 | 0.401399
640 | 0.430621
656 | 0.453988
672 | 0.499422
688 | 0.529701
704 | 0.533311
720 | 0.511408
736 | 0.481174
752 | 0.457969
768 | 0.41969
784 | 0.382412
800 | 0.336488
816 | 0.301215
832 | 0.287066
848 | 0.293548
864 | 0.310734
880 | 0.313155
896 | 0.319692
912 | 0.305714
928 | 0.292097
944 | 0.285376
960 | 0.278538
976 | 0.268569
992 | 0.266106
1008 | 0.271107
1024 | 0.277789
1040 | 0.275153
1056 | 0.275153
1072 | 0.288872
1088 | 0.314239
1104 | 0.314345
1120 | 0.314742
1136 | 0.327807
1152 | 0.337479
1168 | 0.335217
1184 | 0.339754
1200 | 0.342293
1216 | 0.327787
1232 | 0.321654
1248 | 0.317335
1264 | 0.349966
1280 | 0.400967
1296 | 0.471835
1312 | 0.526282
1328 | 0.579178
1344 | 0.639267
1360 | 0.700959
1376 | 0.762072
1392 | 0.786103
1408 | 0.785238
1424 | 0.758136
1440 | 0.713447
1456 | 0.653419
1472 | 0.604027
1488 | 0.547129
1504 | 0.4767
1520 | 0.420463
1536 | 0.382542
1552 | 0.356935
1568 | 0.337918
1584 | 0.314767
1600 | 0.281338
1616 | 0.246305
1632 | 0.204506
1648 | 0.16261
1664 | 0.389992
1680 | 0.340702
1696 | 0.292792
1712 | 0.257959
1728 | 0.234538
1744 | 0.219894
1760 | 0.388907
1776 | 0.395758
1792 | 0.436562
1808 | 0.485659
1824 | 0.334434
1840 | 0.407648
1856 | 0.662464
1872 | 0.718233
1888 | 0.785381
1904 | 0.864606
1920 | 0.762722
1936 | 0.820612
1952 | 0.860478
1968 | 0.885512
1984 | 0.898148
2000 | 0.918138
2016 | 0.767509
2032 | 0.817597
2048 | 0.847992
2064 | 0.857963
2080 | 0.848371
2096 | 0.826036
2112 | 0.793894
2128 | 0.760645
2144 | 0.722755
2160 | 0.661556
2176 | 0.598243
2192 | 0.555158
2208 | 0.537399
2224 | 0.568681
2240 | 0.613426
2256 | 0.661052
2272 | 0.711978
2288 | 0.770675
2304 | 0.834415
2320 | 0.893427
2336 | 0.95484
2352 | 0.989911
2368 | 0.989855
2384 | 0.970768
2400 | 0.954008
2416 | 0.9531
2432 | 0.966305
2448 | 0.963358
2464 | 0.96232
2480 | 0.962322
2496 | 0.938808
2512 | 0.925446
2528 | 0.937269
2544 | 0.961193
2560 | 0.977045
2576 | 0.97581
2592 | 0.94994
2608 | 0.922039
2624 | 0.879366
2640 | 0.820565
2656 | 0.744357
2672 | 0.654421
2688 | 0.550105
2704 | 0.416796
Valeur de l'integrale : 1251.74
