160 | 0
176 | 0
192 | 0
208 | 0
224 | 0
240 | 0
256 | 0
272 | 0
288 | 0
304 | 0
320 | 0
336 | 0
352 | 0
368 | 0
384 | 0
400 | 0
416 | 0
432 | 0
448 | 0
464 | 0
480 | 0
496 | 0
512 | 0
528 | 0
544 | 0
560 | 0
576 | 0
592 | 0
608 | 0
624 | 0
640 | 0
656 | 0
672 | 0
688 | 0
704 | 0
720 | 0
736 | 0
752 | 0
768 | 0
784 | 0
800 | 0
816 | 0
832 | 0
848 | 0
864 | 0
880 | 0
896 | 0
912 | 0
928 | 0
944 | 0
960 | 0
976 | 0
992 | 0
1008 | 0
1024 | 0
1040 | 0
1056 | 0
1072 | 0
1088 | 0
1104 | 0
1120 | 0
1136 | 0
1152 | 0
1168 | 0
1184 | 0
1200 | 0
1216 | 0
1232 | 0.00497183
1248 | 0.0258328
1264 | 0.0700657
1280 | 0.135865
1296 | 0.248618
1312 | 0.340076
1328 | 0.410087
1344 | 0.477036
1360 | 0.538539
1376 | 0.587493
1392 | 0.597693
1408 | 0.578184
1424 | 0.533175
1440 | 0.470358
1456 | 0.377668
1472 | 0.296501
1488 | 0.220194
1504 | 0.138434
1520 | 0.0733912
1536 | 0.0285701
1552 | 0.00571401
1568 | 0
1584 | 0
1600 | 0
1616 | 0
1632 | 0
1648 | 0
1664 | 0
1680 | 0
1696 | 0
1712 | 0
1728 | 0
1744 | 0
1760 | 0
1776 | 0.00225632
1792 | 0.0140131
1808 | 0.035143
1824 | 0.0649434
1840 | 0.103985
1856 | 0.150948
1872 | 0.200206
1888 | 0.260816
1904 | 0.334724
1920 | 0.403554
1936 | 0.475634
1952 | 0.552953
1968 | 0.603475
1984 | 0.64558
2000 | 0.695348
2016 | 0.73802
2032 | 0.76861
2048 | 0.779585
2064 | 0.769755
2080 | 0.739418
2096 | 0.69511
2112 | 0.641634
2128 | 0.597187
2144 | 0.553971
2160 | 0.495967
2176 | 0.446979
2192 | 0.419934
2208 | 0.41986
2224 | 0.476573
2240 | 0.545115
2256 | 0.614083
2272 | 0.684592
2288 | 0.759551
2304 | 0.832263
2320 | 0.893427
2336 | 0.927814
2352 | 0.929034
2368 | 0.903148
2384 | 0.857619
2400 | 0.812611
2416 | 0.781417
2432 | 0.764487
2448 | 0.755574
2464 | 0.752175
2480 | 0.752184
2496 | 0.765924
2512 | 0.796605
2528 | 0.841733
2544 | 0.892254
2560 | 0.932814
2576 | 0.953978
2592 | 0.94994
2608 | 0.922039
2624 | 0.879366
2640 | 0.820565
2656 | 0.744357
2672 | 0.654421
2688 | 0.550105
2704 | 0.416796
Valeur de l'integrale : 683.556
