176 | 0
192 | 0
208 | 0
224 | 0
240 | 0
256 | 0
272 | 0
288 | 0
304 | 0
320 | 0
336 | 0
352 | 0
368 | 0
384 | 0
400 | 0
416 | 0
432 | 0
448 | 0
464 | 0
480 | 0
496 | 0
512 | 0
528 | 0
544 | 0
560 | 0
576 | 0
592 | 0
608 | 0
624 | 0
640 | 0
656 | 0
672 | 0
688 | 0
704 | 0
720 | 0
736 | 0
752 | 0
768 | 0
784 | 0
800 | 0
816 | 0
832 | 0
848 | 0
864 | 0
880 | 0
896 | 0
912 | 0
928 | 0
944 | 0
960 | 0
976 | 0
992 | 0
1008 | 0
1024 | 0
1040 | 0
1056 | 0
1072 | 0
1088 | 0
1104 | 0
1120 | 0
1136 | 0
1152 | 0
1168 | 0
1184 | 0
1200 | 0
1216 | 0
1232 | 0.00457337
1248 | 0.0244856
1264 | 0.0638184
1280 | 0.124513
1296 | 0.222044
1312 | 0.310038
1328 | 0.383974
1344 | 0.446508
1360 | 0.490427
1376 | 0.527991
1392 | 0.553594
1408 | 0.549362
1424 | 0.526783
1440 | 0.484914
1456 | 0.428617
1472 | 0.350159
1488 | 0.275418
1504 | 0.204137
1520 | 0.128056
1536 | 0.067757
1552 | 0.0263237
1568 | 0.00523972
1584 | 0
1600 | 0
1616 | 0
1632 | 0
1648 | 0
1664 | 0
1680 | 0
1696 | 0
1712 | 0
1728 | 0
1744 | 0
1760 | 0
1776 | 0.00207016
1792 | 0.0128855
1808 | 0.0323517
1824 | 0.0599111
1840 | 0.0948778
1856 | 0.13628
1872 | 0.180503
1888 | 0.234857
1904 | 0.301105
1920 | 0.377306
1936 | 0.446743
1952 | 0.510776
1968 | 0.563616
1984 | 0.609143
2000 | 0.662984
2016 | 0.709761
2032 | 0.744094
2048 | 0.76313
2064 | 0.763612
2080 | 0.744216
2096 | 0.709162
2112 | 0.662059
2128 | 0.605484
2144 | 0.562879
2160 | 0.528319
2176 | 0.487807
2192 | 0.456879
2208 | 0.448121
2224 | 0.487728
2240 | 0.538254
2256 | 0.596036
2272 | 0.655306
2288 | 0.716793
2304 | 0.782727
2320 | 0.846936
2336 | 0.893967
2352 | 0.91085
2368 | 0.897536
2384 | 0.866176
2400 | 0.829069
2416 | 0.80181
2432 | 0.787311
2448 | 0.780017
2464 | 0.777257
2480 | 0.777257
2496 | 0.777264
2512 | 0.788697
2528 | 0.815279
2544 | 0.85506
2560 | 0.899957
2576 | 0.933794
2592 | 0.942055
2608 | 0.923516
2624 | 0.887502
2640 | 0.837564
2656 | 0.771619
2672 | 0.69501
2688 | 0.607754
2704 | 0.496322
Valeur de l'integrale : 680.607
