0.21318
0.215574
0.204687
0.187259
0.16631
0.148759
0.133466
0.117443
0.100374
0.0846561
0.0672907
0.0507236
0.0327768
0.0156638
0.00332514
0
0
0
0.0499892
0.0964447
0.141498
0.145048
0.142501
0.146338
0.19342
0.246516
0.291744
0.355085
0.408487
0.434393
0.453692
0.460883
0.48094
0.493742
0.51435
0.485622
0.466353
0.44144
0.407626
0.375417
0.336609
0.306934
0.294291
0.294065
0.310731
0.310627
0.30467
0.292867
0.287324
0.282424
0.276123
0.276588
0.281329
0.279656
0.277829
0.275412
0.275412
0.296745
0.30585
0.307864
0.319732
0.339392
0.348246
0.344801
0.336865
0.323761
0.313603
0.298295
0.276078
0.263964
0.236972
0.207971
0.188126
0.180659
0.175972
0.176217
0.187523
0.200022
0.216594
0.232184
0.248921
0.284338
0.315338
0.333531
0.344198
0.350467
0.348019
0.336041
0.314724
0.283977
0.253358
0.221476
0.183908
0.392244
0.34681
0.300307
0.259445
0.229729
0.209781
0.357217
0.361036
0.388546
0.414732
0.441192
0.277066
0.46181
0.467047
0.472354
0.476661
0.480452
0.322668
0.311169
0.28828
0.263092
0.235155
0.217427
0.0446631
0.0623673
0.0802117
0.098859
0.117138
0.136112
0.152707
0.157553
0.157409
0.153358
0.141042
0.125292
0.102244
0.0805651
0.0600999
0.0415099
0.024283
0.0098915
0.00192042
0.0253394
0.0575779
0.081815
0.101593
0.126493
0.152993
0.179267
0.183959
0.185808
0.185808
0.185802
0.153473
0.114864
0.0855119
0.061977
0.0412081
0.0206679
0
0
0
0
0
0
0