176 | 0.21318
192 | 0.215574
208 | 0.204687
224 | 0.187259
240 | 0.16631
256 | 0.148759
272 | 0.133466
288 | 0.117443
304 | 0.100374
320 | 0.0846561
336 | 0.0672907
352 | 0.0507236
368 | 0.0327768
384 | 0.0156638
400 | 0.00332514
416 | 0
432 | 0
448 | 0
464 | 0.0499892
480 | 0.0964447
496 | 0.141498
512 | 0.145048
528 | 0.142501
544 | 0.146338
560 | 0.19342
576 | 0.246516
592 | 0.291744
608 | 0.355085
624 | 0.408487
640 | 0.434393
656 | 0.453692
672 | 0.460883
688 | 0.48094
704 | 0.493742
720 | 0.51435
736 | 0.485622
752 | 0.466353
768 | 0.44144
784 | 0.407626
800 | 0.375417
816 | 0.336609
832 | 0.306934
848 | 0.294291
864 | 0.294065
880 | 0.310731
896 | 0.310627
912 | 0.30467
928 | 0.292867
944 | 0.287324
960 | 0.282424
976 | 0.276123
992 | 0.276588
1008 | 0.281329
1024 | 0.279656
1040 | 0.277829
1056 | 0.275412
1072 | 0.275412
1088 | 0.296745
1104 | 0.30585
1120 | 0.307864
1136 | 0.319732
1152 | 0.339392
1168 | 0.348246
1184 | 0.344801
1200 | 0.336865
1216 | 0.323761
1232 | 0.318176
1248 | 0.322781
1264 | 0.339896
1280 | 0.388477
1296 | 0.459016
1312 | 0.518009
1328 | 0.5721
1344 | 0.627167
1360 | 0.666399
1376 | 0.704208
1392 | 0.741117
1408 | 0.749384
1424 | 0.743377
1440 | 0.717098
1456 | 0.677538
1472 | 0.634497
1488 | 0.590756
1504 | 0.537668
1520 | 0.472254
1536 | 0.418224
1552 | 0.374343
1568 | 0.341281
1584 | 0.314724
1600 | 0.283977
1616 | 0.253358
1632 | 0.221476
1648 | 0.183908
1664 | 0.392244
1680 | 0.34681
1696 | 0.300307
1712 | 0.259445
1728 | 0.229729
1744 | 0.209781
1760 | 0.357217
1776 | 0.363106
1792 | 0.401431
1808 | 0.447084
1824 | 0.501103
1840 | 0.371944
1856 | 0.59809
1872 | 0.64755
1888 | 0.707211
1904 | 0.777766
1920 | 0.857758
1936 | 0.769411
1952 | 0.821945
1968 | 0.851896
1984 | 0.872235
2000 | 0.898139
2016 | 0.927188
2032 | 0.788757
2048 | 0.825497
2064 | 0.843824
2080 | 0.843075
2096 | 0.8263
2112 | 0.798171
2128 | 0.758191
2144 | 0.720432
2160 | 0.685728
2176 | 0.641165
2192 | 0.597921
2208 | 0.573413
2224 | 0.589972
2240 | 0.61882
2256 | 0.656136
2272 | 0.696815
2288 | 0.741076
2304 | 0.792618
2320 | 0.848857
2336 | 0.919307
2352 | 0.968428
2368 | 0.979351
2384 | 0.96777
2400 | 0.955562
2416 | 0.954803
2432 | 0.966578
2448 | 0.963976
2464 | 0.963065
2480 | 0.963065
2496 | 0.963066
2512 | 0.94217
2528 | 0.930143
2544 | 0.940572
2560 | 0.961934
2576 | 0.975002
2592 | 0.962723
2608 | 0.923516
2624 | 0.887502
2640 | 0.837564
2656 | 0.771619
2672 | 0.69501
2688 | 0.607754
2704 | 0.496322
Valeur de l'integrale : 1246.86
