192 | 0.21194
208 | 0.214247
224 | 0.199521
240 | 0.175577
256 | 0.152196
272 | 0.136007
288 | 0.1228
304 | 0.107212
320 | 0.0929887
336 | 0.0771609
352 | 0.0627292
368 | 0.0461674
384 | 0.0307761
400 | 0.014238
416 | 0.00311942
432 | 0
448 | 0
464 | 0.0456843
480 | 0.0874203
496 | 0.13051
512 | 0.131402
528 | 0.132389
544 | 0.132459
560 | 0.181126
576 | 0.223627
592 | 0.273727
608 | 0.322813
624 | 0.380001
640 | 0.437943
656 | 0.455161
672 | 0.459955
688 | 0.447044
704 | 0.452168
720 | 0.478897
736 | 0.490467
752 | 0.471815
768 | 0.450542
784 | 0.428475
800 | 0.399011
816 | 0.372236
832 | 0.339111
848 | 0.312535
864 | 0.294719
880 | 0.295028
896 | 0.308565
912 | 0.297929
928 | 0.292939
944 | 0.288533
960 | 0.284533
976 | 0.279951
992 | 0.282713
1008 | 0.289849
1024 | 0.28875
1040 | 0.279547
1056 | 0.277862
1072 | 0.275631
1088 | 0.28304
1104 | 0.29105
1120 | 0.300799
1136 | 0.313209
1152 | 0.331015
1168 | 0.348962
1184 | 0.356296
1200 | 0.341525
1216 | 0.32034
1232 | 0.315214
1248 | 0.319519
1264 | 0.343803
1280 | 0.376145
1296 | 0.443682
1312 | 0.501981
1328 | 0.560872
1344 | 0.617937
1360 | 0.653712
1376 | 0.672175
1392 | 0.689876
1408 | 0.710783
1424 | 0.713529
1440 | 0.706533
1456 | 0.683615
1472 | 0.659061
1488 | 0.620542
1504 | 0.579248
1520 | 0.529494
1536 | 0.466608
1552 | 0.408245
1568 | 0.358865
1584 | 0.320026
1600 | 0.286969
1616 | 0.258632
1632 | 0.230439
1648 | 0.200985
1664 | 0.394155
1680 | 0.352017
1696 | 0.308605
1712 | 0.268435
1728 | 0.232917
1744 | 0.207068
1760 | 0.337694
1776 | 0.335478
1792 | 0.371535
1808 | 0.41453
1824 | 0.465005
1840 | 0.520799
1856 | 0.550266
1872 | 0.589606
1888 | 0.643193
1904 | 0.706779
1920 | 0.778905
1936 | 0.854964
1952 | 0.775391
1968 | 0.81632
1984 | 0.841881
2000 | 0.874683
2016 | 0.908262
2032 | 0.933276
2048 | 0.79842
2064 | 0.823486
2080 | 0.831259
2096 | 0.823317
2112 | 0.801083
2128 | 0.765512
2144 | 0.720607
2160 | 0.685859
2176 | 0.665668
2192 | 0.638262
2208 | 0.611681
2224 | 0.617163
2240 | 0.633586
2256 | 0.65779
2272 | 0.68968
2288 | 0.725131
2304 | 0.76425
2320 | 0.81018
2336 | 0.87628
2352 | 0.934535
2368 | 0.959855
2384 | 0.959127
2400 | 0.954212
2416 | 0.956173
2432 | 0.966797
2448 | 0.964467
2464 | 0.963655
2480 | 0.963655
2496 | 0.963655
2512 | 0.963656
2528 | 0.944853
2544 | 0.933921
2560 | 0.943212
2576 | 0.960991
2592 | 0.962841
2608 | 0.937641
2624 | 0.891598
2640 | 0.849229
2656 | 0.792975
2672 | 0.726315
2688 | 0.651447
2704 | 0.555817
Valeur de l'integrale : 1241.16
