192 | 0
208 | 0
224 | 0
240 | 0
256 | 0
272 | 0
288 | 0
304 | 0
320 | 0
336 | 0
352 | 0
368 | 0
384 | 0
400 | 0
416 | 0
432 | 0
448 | 0
464 | 0
480 | 0
496 | 0
512 | 0
528 | 0
544 | 0
560 | 0
576 | 0
592 | 0
608 | 0
624 | 0
640 | 0
656 | 0
672 | 0
688 | 0
704 | 0
720 | 0
736 | 0
752 | 0
768 | 0
784 | 0
800 | 0
816 | 0
832 | 0
848 | 0
864 | 0
880 | 0
896 | 0
912 | 0
928 | 0
944 | 0
960 | 0
976 | 0
992 | 0
1008 | 0
1024 | 0
1040 | 0
1056 | 0
1072 | 0
1088 | 0
1104 | 0
1120 | 0
1136 | 0
1152 | 0
1168 | 0
1184 | 0
1200 | 0
1216 | 0
1232 | 0.00423404
1248 | 0.022692
1264 | 0.0607728
1280 | 0.114374
1296 | 0.205639
1312 | 0.28012
1328 | 0.353065
1344 | 0.420616
1360 | 0.46165
1376 | 0.484635
1392 | 0.502052
1408 | 0.512431
1424 | 0.504082
1440 | 0.482533
1456 | 0.445148
1472 | 0.400721
1488 | 0.327651
1504 | 0.257135
1520 | 0.190263
1536 | 0.119125
1552 | 0.0629262
1568 | 0.0243459
1584 | 0.00479559
1600 | 0
1616 | 0
1632 | 0
1648 | 0
1664 | 0
1680 | 0
1696 | 0
1712 | 0
1728 | 0
1744 | 0
1760 | 0
1776 | 0.00191264
1792 | 0.0119258
1808 | 0.029996
1824 | 0.0555953
1840 | 0.088195
1856 | 0.125383
1872 | 0.164351
1888 | 0.213597
1904 | 0.273622
1920 | 0.342621
1936 | 0.420465
1952 | 0.482487
1968 | 0.522902
1984 | 0.571201
2000 | 0.628422
2016 | 0.679153
2032 | 0.717648
2048 | 0.7411
2064 | 0.749784
2080 | 0.74068
2096 | 0.716135
2112 | 0.678022
2128 | 0.62751
2144 | 0.572536
2160 | 0.538134
2176 | 0.518776
2192 | 0.494242
2208 | 0.48007
2224 | 0.506767
2240 | 0.543115
2256 | 0.586197
2272 | 0.636029
2288 | 0.687943
2304 | 0.742438
2320 | 0.801275
2336 | 0.850818
2352 | 0.880305
2368 | 0.882174
2384 | 0.862885
2400 | 0.839781
2416 | 0.818199
2432 | 0.805547
2448 | 0.799432
2464 | 0.797133
2480 | 0.797133
2496 | 0.797133
2512 | 0.797139
2528 | 0.806872
2544 | 0.830298
2560 | 0.865771
2576 | 0.902969
2592 | 0.923682
2608 | 0.91802
2624 | 0.891598
2640 | 0.849229
2656 | 0.792975
2672 | 0.726315
2688 | 0.651447
2704 | 0.555817
Valeur de l'integrale : 676.736
