0.21194
0.214247
0.199521
0.175577
0.152196
0.136007
0.1228
0.107212
0.0929887
0.0771609
0.0627292
0.0461674
0.0307761
0.014238
0.00311942
0
0
0.0456843
0.0874203
0.13051
0.131402
0.132389
0.132459
0.181126
0.223627
0.273727
0.322813
0.380001
0.437943
0.455161
0.459955
0.447044
0.452168
0.478897
0.490467
0.471815
0.450542
0.428475
0.399011
0.372236
0.339111
0.312535
0.294719
0.295028
0.308565
0.297929
0.292939
0.288533
0.284533
0.279951
0.282713
0.289849
0.28875
0.279547
0.277862
0.275631
0.28304
0.29105
0.300799
0.313209
0.331015
0.348962
0.356296
0.341525
0.32034
0.31098
0.296827
0.28303
0.261771
0.238043
0.221861
0.207807
0.197321
0.192062
0.18754
0.187824
0.198352
0.209447
0.224
0.238467
0.25834
0.292891
0.322113
0.339231
0.347483
0.345319
0.334519
0.31523
0.286969
0.258632
0.230439
0.200985
0.394155
0.352017
0.308605
0.268435
0.232917
0.207068
0.337694
0.333565
0.359609
0.384534
0.40941
0.432604
0.424883
0.425255
0.429596
0.433156
0.436284
0.434499
0.292903
0.293418
0.27068
0.246261
0.229109
0.215628
0.0573202
0.0737021
0.0905787
0.107182
0.123061
0.138002
0.148071
0.147725
0.146892
0.14402
0.131611
0.110396
0.090471
0.0715928
0.0536511
0.0371877
0.0218114
0.00890522
0.0254619
0.0542302
0.0776814
0.0962421
0.114431
0.137974
0.16125
0.165035
0.166522
0.166522
0.166522
0.166517
0.137981
0.103623
0.0774411
0.0580222
0.039159
0.0196213
0
0
0
0
0
0