208 | 0
224 | 0
240 | 0
256 | 0
272 | 0
288 | 0
304 | 0
320 | 0
336 | 0
352 | 0
368 | 0
384 | 0
400 | 0
416 | 0
432 | 0
448 | 0
464 | 0
480 | 0
496 | 0
512 | 0
528 | 0
544 | 0
560 | 0
576 | 0
592 | 0
608 | 0
624 | 0
640 | 0
656 | 0
672 | 0
688 | 0
704 | 0
720 | 0
736 | 0
752 | 0
768 | 0
784 | 0
800 | 0
816 | 0
832 | 0
848 | 0
864 | 0
880 | 0
896 | 0
912 | 0
928 | 0
944 | 0
960 | 0
976 | 0
992 | 0
1008 | 0
1024 | 0
1040 | 0
1056 | 0
1072 | 0
1088 | 0
1104 | 0
1120 | 0
1136 | 0
1152 | 0
1168 | 0
1184 | 0
1200 | 0
1216 | 0
1232 | 0.00394159
1248 | 0.0211432
1264 | 0.0566736
1280 | 0.109369
1296 | 0.190693
1312 | 0.261301
1328 | 0.321747
1344 | 0.38956
1360 | 0.436985
1376 | 0.458372
1392 | 0.463901
1408 | 0.468285
1424 | 0.47307
1440 | 0.464583
1456 | 0.445594
1472 | 0.418242
1488 | 0.377546
1504 | 0.307861
1520 | 0.241127
1536 | 0.178155
1552 | 0.111359
1568 | 0.0586091
1584 | 0.0224629
1600 | 0.00440998
1616 | 0
1632 | 0
1648 | 0
1664 | 0
1680 | 0
1696 | 0
1712 | 0
1728 | 0
1744 | 0
1760 | 0
1776 | 0.00178126
1792 | 0.0111006
1808 | 0.0279601
1824 | 0.0518988
1840 | 0.082382
1856 | 0.11727
1872 | 0.152173
1888 | 0.19589
1904 | 0.250737
1920 | 0.313775
1936 | 0.385199
1952 | 0.456585
1968 | 0.495464
1984 | 0.532132
2000 | 0.592174
2016 | 0.646243
2032 | 0.688715
2048 | 0.716921
2064 | 0.730402
2080 | 0.729555
2096 | 0.715041
2112 | 0.686848
2128 | 0.645168
2144 | 0.595784
2160 | 0.548487
2176 | 0.528523
2192 | 0.522915
2208 | 0.513009
2224 | 0.530539
2240 | 0.555855
2256 | 0.587064
2272 | 0.624532
2288 | 0.668271
2304 | 0.714425
2320 | 0.76334
2336 | 0.807986
2352 | 0.840764
2368 | 0.855144
2384 | 0.850136
2400 | 0.838
2416 | 0.829214
2432 | 0.820452
2448 | 0.815224
2464 | 0.813271
2480 | 0.813271
2496 | 0.813271
2512 | 0.813271
2528 | 0.813276
2544 | 0.821715
2560 | 0.842545
2576 | 0.870645
2592 | 0.894931
2608 | 0.902067
2624 | 0.888653
2640 | 0.855963
2656 | 0.808065
2672 | 0.751195
2688 | 0.685706
2704 | 0.602004
Valeur de l'integrale : 672.143
