208 | 0.210897
224 | 0.208863
240 | 0.187973
256 | 0.161966
272 | 0.14029
288 | 0.126103
304 | 0.11296
320 | 0.0999659
336 | 0.0854254
352 | 0.0723646
368 | 0.0575206
384 | 0.0435658
400 | 0.028188
416 | 0.0134256
432 | 0.00285129
448 | 0
464 | 0.0417592
480 | 0.0805086
496 | 0.119371
512 | 0.121873
528 | 0.120926
544 | 0.123678
560 | 0.165321
576 | 0.210626
592 | 0.25046
608 | 0.304599
624 | 0.348387
640 | 0.409379
656 | 0.456666
672 | 0.460824
688 | 0.447396
704 | 0.422843
720 | 0.441212
736 | 0.459353
752 | 0.477415
768 | 0.456831
784 | 0.437883
800 | 0.418874
816 | 0.394287
832 | 0.372013
848 | 0.34263
864 | 0.311955
880 | 0.295565
896 | 0.294009
912 | 0.296973
928 | 0.287813
944 | 0.288917
960 | 0.285926
976 | 0.282148
992 | 0.28561
1008 | 0.294447
1024 | 0.296186
1040 | 0.287985
1056 | 0.279454
1072 | 0.277891
1088 | 0.28269
1104 | 0.279136
1120 | 0.287786
1136 | 0.306456
1152 | 0.324101
1168 | 0.340299
1184 | 0.356229
1200 | 0.352007
1216 | 0.325272
1232 | 0.312662
1248 | 0.316703
1264 | 0.339382
1280 | 0.378141
1296 | 0.428663
1312 | 0.485151
1328 | 0.542336
1344 | 0.604255
1360 | 0.643789
1376 | 0.660144
1392 | 0.661321
1408 | 0.665982
1424 | 0.680333
1440 | 0.681498
1456 | 0.676086
1472 | 0.666089
1488 | 0.645084
1504 | 0.608271
1520 | 0.569171
1536 | 0.5207
1552 | 0.45433
1568 | 0.391786
1584 | 0.33811
1600 | 0.294293
1616 | 0.263674
1632 | 0.23744
1648 | 0.211123
1664 | 0.394117
1680 | 0.356508
1696 | 0.315805
1712 | 0.277944
1728 | 0.24268
1744 | 0.21131
1760 | 0.327266
1776 | 0.318651
1792 | 0.345826
1808 | 0.386394
1824 | 0.434088
1840 | 0.486473
1856 | 0.675467
1872 | 0.545916
1888 | 0.589872
1904 | 0.647665
1920 | 0.713328
1936 | 0.783254
1952 | 0.853154
1968 | 0.772585
1984 | 0.809132
2000 | 0.846764
2016 | 0.885998
2032 | 0.915284
2048 | 0.931096
2064 | 0.798585
2080 | 0.813299
2096 | 0.81393
2112 | 0.800313
2128 | 0.771049
2144 | 0.730701
2160 | 0.687954
2176 | 0.666947
2192 | 0.661668
2208 | 0.648295
2224 | 0.647752
2240 | 0.654521
2256 | 0.668194
2272 | 0.68895
2288 | 0.716723
2304 | 0.748105
2320 | 0.783137
2336 | 0.838367
2352 | 0.893339
2368 | 0.928597
2384 | 0.941824
2400 | 0.946784
2416 | 0.954853
2432 | 0.966975
2448 | 0.964866
2464 | 0.964134
2480 | 0.964134
2496 | 0.964134
2512 | 0.964134
2528 | 0.964135
2544 | 0.947044
2560 | 0.936988
2576 | 0.943448
2592 | 0.950251
2608 | 0.939371
2624 | 0.907329
2640 | 0.855963
2656 | 0.808065
2672 | 0.751195
2688 | 0.685706
2704 | 0.602004
Valeur de l'integrale : 1234.83
