224 | 0
240 | 0
256 | 0
272 | 0
288 | 0
304 | 0
320 | 0
336 | 0
352 | 0
368 | 0
384 | 0
400 | 0
416 | 0
432 | 0
448 | 0
464 | 0
480 | 0
496 | 0
512 | 0
528 | 0
544 | 0
560 | 0
576 | 0
592 | 0
608 | 0
624 | 0
640 | 0
656 | 0
672 | 0
688 | 0
704 | 0
720 | 0
736 | 0
752 | 0
768 | 0
784 | 0
800 | 0
816 | 0
832 | 0
848 | 0
864 | 0
880 | 0
896 | 0
912 | 0
928 | 0
944 | 0
960 | 0
976 | 0
992 | 0
1008 | 0
1024 | 0
1040 | 0
1056 | 0
1072 | 0
1088 | 0
1104 | 0
1120 | 0
1136 | 0
1152 | 0
1168 | 0
1184 | 0
1200 | 0
1216 | 0
1232 | 0.00377128
1248 | 0.0197924
1264 | 0.0530925
1280 | 0.102566
1296 | 0.183208
1312 | 0.243917
1328 | 0.301769
1344 | 0.35763
1360 | 0.407085
1376 | 0.435662
1392 | 0.440542
1408 | 0.43517
1424 | 0.435195
1440 | 0.438339
1456 | 0.431235
1472 | 0.42035
1488 | 0.395686
1504 | 0.356905
1520 | 0.290327
1536 | 0.226996
1552 | 0.167496
1568 | 0.104332
1584 | 0.0544418
1600 | 0.0208031
1616 | 0.00408122
1632 | 0
1648 | 0
1664 | 0
1680 | 0
1696 | 0
1712 | 0
1728 | 0
1744 | 0
1760 | 0
1776 | 0.00167795
1792 | 0.0104028
1808 | 0.0261861
1824 | 0.0486633
1840 | 0.0773417
1856 | 0.110132
1872 | 0.143005
1888 | 0.182368
1904 | 0.23141
1920 | 0.289409
1936 | 0.35539
1952 | 0.421374
1968 | 0.470225
1984 | 0.505663
2000 | 0.554629
2016 | 0.61153
2032 | 0.657384
2048 | 0.690086
2064 | 0.708708
2080 | 0.712855
2096 | 0.706502
2112 | 0.68793
2128 | 0.655668
2144 | 0.614774
2160 | 0.572214
2176 | 0.538764
2192 | 0.531925
2208 | 0.538494
2224 | 0.555953
2240 | 0.573752
2256 | 0.595514
2272 | 0.622787
2288 | 0.655883
2304 | 0.694816
2320 | 0.736336
2336 | 0.771979
2352 | 0.801146
2368 | 0.819434
2384 | 0.82637
2400 | 0.827126
2416 | 0.828029
2432 | 0.830574
2448 | 0.828323
2464 | 0.826634
2480 | 0.826634
2496 | 0.826634
2512 | 0.826634
2528 | 0.826634
2544 | 0.826639
2560 | 0.83397
2576 | 0.848448
2592 | 0.864496
2608 | 0.875901
2624 | 0.87523
2640 | 0.85559
2656 | 0.817392
2672 | 0.769138
2688 | 0.713287
2704 | 0.638897
Valeur de l'integrale : 666.973
