224 | 0.205817
240 | 0.197619
256 | 0.174563
272 | 0.150314
288 | 0.130907
304 | 0.11683
320 | 0.105899
336 | 0.0924467
352 | 0.0805225
368 | 0.0668166
384 | 0.0545115
400 | 0.0401615
416 | 0.0266956
432 | 0.0123542
448 | 0.00267462
464 | 0.0384552
480 | 0.0741131
496 | 0.110702
512 | 0.112104
528 | 0.11281
544 | 0.113617
560 | 0.155184
576 | 0.193688
592 | 0.237064
608 | 0.28077
624 | 0.330308
640 | 0.377352
656 | 0.429045
672 | 0.461785
688 | 0.449138
704 | 0.425125
720 | 0.414355
736 | 0.425875
752 | 0.449019
768 | 0.463054
784 | 0.444634
800 | 0.428304
816 | 0.413114
832 | 0.392627
848 | 0.373755
864 | 0.340607
880 | 0.311892
896 | 0.294598
912 | 0.284587
928 | 0.287606
944 | 0.284451
960 | 0.286463
976 | 0.283665
992 | 0.28714
1008 | 0.296132
1024 | 0.300007
1040 | 0.294991
1056 | 0.287324
1072 | 0.279373
1088 | 0.284413
1104 | 0.279077
1120 | 0.277087
1136 | 0.294167
1152 | 0.317038
1168 | 0.333055
1184 | 0.347531
1200 | 0.352299
1216 | 0.33536
1232 | 0.317542
1248 | 0.314247
1264 | 0.335519
1280 | 0.371928
1296 | 0.428391
1312 | 0.468644
1328 | 0.524276
1344 | 0.583571
1360 | 0.629341
1376 | 0.650625
1392 | 0.650689
1408 | 0.641099
1424 | 0.641136
1440 | 0.65276
1456 | 0.654746
1472 | 0.660085
1488 | 0.652676
1504 | 0.632636
1520 | 0.5974
1536 | 0.558747
1552 | 0.506195
1568 | 0.436282
1584 | 0.370366
1600 | 0.313127
1616 | 0.272353
1632 | 0.243877
1648 | 0.219269
1664 | 0.386714
1680 | 0.35903
1696 | 0.322111
1712 | 0.286311
1728 | 0.252824
1744 | 0.221434
1760 | 0.324509
1776 | 0.309934
1792 | 0.329777
1808 | 0.361878
1824 | 0.407025
1840 | 0.45671
1856 | 0.634349
1872 | 0.662756
1888 | 0.549154
1904 | 0.597742
1920 | 0.657936
1936 | 0.722642
1952 | 0.78736
1968 | 0.846516
1984 | 0.768094
2000 | 0.816268
2016 | 0.859445
2032 | 0.894046
2048 | 0.914542
2064 | 0.922078
2080 | 0.79074
2096 | 0.798458
2112 | 0.793288
2128 | 0.772498
2144 | 0.738683
2160 | 0.7001
2176 | 0.669912
2192 | 0.663099
2208 | 0.669548
2224 | 0.677677
2240 | 0.679406
2256 | 0.684703
2272 | 0.696323
2288 | 0.714435
2304 | 0.738988
2320 | 0.767115
2336 | 0.811081
2352 | 0.85662
2368 | 0.890227
2384 | 0.913368
2400 | 0.931073
2416 | 0.947838
2432 | 0.964835
2448 | 0.965198
2464 | 0.96453
2480 | 0.96453
2496 | 0.96453
2512 | 0.96453
2528 | 0.96453
2544 | 0.964532
2560 | 0.948838
2576 | 0.937562
2592 | 0.934107
2608 | 0.928758
2624 | 0.910847
2640 | 0.873407
2656 | 0.817392
2672 | 0.769138
2688 | 0.713287
2704 | 0.638897
Valeur de l'integrale : 1228.06
