240 | 0.194922
256 | 0.184561
272 | 0.162939
288 | 0.141019
304 | 0.122013
320 | 0.110094
336 | 0.0984904
352 | 0.0875186
368 | 0.0747887
384 | 0.0635762
400 | 0.0505349
416 | 0.0381782
432 | 0.0247072
448 | 0.0116403
464 | 0.038314
480 | 0.0686589
496 | 0.102572
512 | 0.104425
528 | 0.10439
544 | 0.106423
560 | 0.143435
576 | 0.18269
592 | 0.219411
608 | 0.26689
624 | 0.306391
640 | 0.35888
656 | 0.397741
672 | 0.435436
688 | 0.450907
704 | 0.428294
720 | 0.417154
736 | 0.401757
752 | 0.418196
768 | 0.437607
784 | 0.451209
800 | 0.43525
816 | 0.422338
832 | 0.410428
848 | 0.393335
864 | 0.370408
880 | 0.339236
896 | 0.310131
912 | 0.285834
928 | 0.276875
944 | 0.284465
960 | 0.282456
976 | 0.284314
992 | 0.288139
1008 | 0.296678
1024 | 0.301125
1040 | 0.298683
1056 | 0.293946
1072 | 0.286747
1088 | 0.285443
1104 | 0.280876
1120 | 0.27716
1136 | 0.283842
1152 | 0.304695
1168 | 0.325718
1184 | 0.340171
1200 | 0.34465
1216 | 0.336865
1232 | 0.327179
1248 | 0.318712
1264 | 0.332117
1280 | 0.366443
1296 | 0.419962
1312 | 0.466954
1328 | 0.506524
1344 | 0.564427
1360 | 0.60814
1376 | 0.636724
1392 | 0.64225
1408 | 0.632121
1424 | 0.619537
1440 | 0.618284
1456 | 0.629523
1472 | 0.640827
1488 | 0.647776
1504 | 0.640636
1520 | 0.621478
1536 | 0.586294
1552 | 0.54322
1568 | 0.486526
1584 | 0.413539
1600 | 0.345055
1616 | 0.291545
1632 | 0.253458
1648 | 0.226665
1664 | 0.380091
1680 | 0.355029
1696 | 0.326528
1712 | 0.29373
1728 | 0.261855
1744 | 0.231869
1760 | 0.328066
1776 | 0.30825
1792 | 0.321166
1808 | 0.346155
1824 | 0.383179
1840 | 0.430379
1856 | 0.598338
1872 | 0.625032
1888 | 0.658264
1904 | 0.559189
1920 | 0.610588
1936 | 0.670738
1952 | 0.730988
1968 | 0.784327
1984 | 0.838512
2000 | 0.778016
2016 | 0.830313
2032 | 0.868652
2048 | 0.894748
2064 | 0.90724
2080 | 0.907293
2096 | 0.778363
2112 | 0.780269
2128 | 0.767828
2144 | 0.742209
2160 | 0.709948
2176 | 0.682805
2192 | 0.666107
2208 | 0.670496
2224 | 0.694696
2240 | 0.704197
2256 | 0.705377
2272 | 0.709595
2288 | 0.719638
2304 | 0.735664
2320 | 0.757633
2336 | 0.794239
2352 | 0.829679
2368 | 0.855776
2384 | 0.878006
2400 | 0.904769
2416 | 0.932979
2432 | 0.957814
2448 | 0.963328
2464 | 0.964865
2480 | 0.964865
2496 | 0.964865
2512 | 0.964865
2528 | 0.964865
2544 | 0.964865
2560 | 0.964847
2576 | 0.948748
2592 | 0.928983
2608 | 0.914502
2624 | 0.902335
2640 | 0.878771
2656 | 0.83659
2672 | 0.780675
2688 | 0.733496
2704 | 0.669047
Valeur de l'integrale : 1221.07
