240 | 0
256 | 0
272 | 0
288 | 0
304 | 0
320 | 0
336 | 0
352 | 0
368 | 0
384 | 0
400 | 0
416 | 0
432 | 0
448 | 0
464 | 0
480 | 0
496 | 0
512 | 0
528 | 0
544 | 0
560 | 0
576 | 0
592 | 0
608 | 0
624 | 0
640 | 0
656 | 0
672 | 0
688 | 0
704 | 0
720 | 0
736 | 0
752 | 0
768 | 0
784 | 0
800 | 0
816 | 0
832 | 0
848 | 0
864 | 0
880 | 0
896 | 0
912 | 0
928 | 0
944 | 0
960 | 0
976 | 0
992 | 0
1008 | 0
1024 | 0
1040 | 0
1056 | 0
1072 | 0
1088 | 0
1104 | 0
1120 | 0
1136 | 0
1152 | 0
1168 | 0
1184 | 0
1200 | 0
1216 | 0
1232 | 0.00362344
1248 | 0.0189987
1264 | 0.049937
1280 | 0.0965596
1296 | 0.172922
1312 | 0.235125
1328 | 0.283119
1344 | 0.337014
1360 | 0.375977
1376 | 0.407881
1392 | 0.42019
1408 | 0.414707
1424 | 0.406451
1440 | 0.405629
1456 | 0.408725
1472 | 0.408246
1488 | 0.39903
1504 | 0.375438
1520 | 0.338404
1536 | 0.274682
1552 | 0.21443
1568 | 0.157745
1584 | 0.0974695
1600 | 0.0507215
1616 | 0.0193692
1632 | 0.00379807
1648 | 0
1664 | 0
1680 | 0
1696 | 0
1712 | 0
1728 | 0
1744 | 0
1760 | 0
1776 | 0.00158877
1792 | 0.00984793
1808 | 0.0246688
1824 | 0.0458124
1840 | 0.0728827
1856 | 0.10388
1872 | 0.134865
1888 | 0.172091
1904 | 0.216485
1920 | 0.268582
1936 | 0.329864
1952 | 0.391205
1968 | 0.43568
1984 | 0.481204
2000 | 0.529088
2016 | 0.575397
2032 | 0.624141
2048 | 0.660708
2064 | 0.684189
2080 | 0.693734
2096 | 0.692415
2112 | 0.681767
2128 | 0.658738
2144 | 0.626619
2160 | 0.591867
2176 | 0.561949
2192 | 0.541486
2208 | 0.546224
2224 | 0.575765
2240 | 0.593563
2256 | 0.609206
2272 | 0.628221
2288 | 0.652395
2304 | 0.682
2320 | 0.717046
2336 | 0.746023
2352 | 0.767609
2368 | 0.783342
2384 | 0.794253
2400 | 0.805834
2416 | 0.818194
2432 | 0.829403
2448 | 0.837212
2464 | 0.837883
2480 | 0.837883
2496 | 0.837883
2512 | 0.837883
2528 | 0.837883
2544 | 0.837883
2560 | 0.8378
2576 | 0.840007
2592 | 0.84356
2608 | 0.847815
2624 | 0.85173
2640 | 0.844696
2656 | 0.819557
2672 | 0.780675
2688 | 0.733496
2704 | 0.669047
Valeur de l'integrale : 661.35
