0.194922
0.184561
0.162939
0.141019
0.122013
0.110094
0.0984904
0.0875186
0.0747887
0.0635762
0.0505349
0.0381782
0.0247072
0.0116403
0.038314
0.0686589
0.102572
0.104425
0.10439
0.106423
0.143435
0.18269
0.219411
0.26689
0.306391
0.35888
0.397741
0.435436
0.450907
0.428294
0.417154
0.401757
0.418196
0.437607
0.451209
0.43525
0.422338
0.410428
0.393335
0.370408
0.339236
0.310131
0.285834
0.276875
0.284465
0.282456
0.284314
0.288139
0.296678
0.301125
0.298683
0.293946
0.286747
0.285443
0.280876
0.27716
0.283842
0.304695
0.325718
0.340171
0.34465
0.336865
0.323556
0.299713
0.28218
0.269883
0.24704
0.231829
0.223405
0.227413
0.232163
0.228843
0.22206
0.217414
0.213086
0.212655
0.220798
0.232581
0.248746
0.265198
0.283074
0.311612
0.32879
0.328781
0.31607
0.294334
0.272176
0.24966
0.226665
0.380091
0.355029
0.326528
0.29373
0.261855
0.231869
0.328066
0.306661
0.311318
0.321486
0.337367
0.357496
0.494458
0.490167
0.486173
0.342704
0.342006
0.340874
0.339783
0.348647
0.357308
0.248928
0.254916
0.244511
0.23404
0.223051
0.213559
0.0859482
0.098502
0.10909
0.115591
0.118081
0.120856
0.124621
0.124272
0.118931
0.110634
0.0961707
0.0813732
0.0672429
0.0536638
0.0405871
0.0482159
0.0620698
0.0724341
0.0837526
0.098935
0.114785
0.128411
0.126116
0.126982
0.126982
0.126982
0.126982
0.126982
0.126982
0.127047
0.108741
0.0854229
0.0666865
0.0506045
0.0340757
0.0170338
0
0
0