256 | 0.182207
272 | 0.173123
288 | 0.15357
304 | 0.132115
320 | 0.115483
336 | 0.10295
352 | 0.093589
368 | 0.0817009
384 | 0.0714082
400 | 0.0592536
416 | 0.0481975
432 | 0.0355127
448 | 0.0233696
464 | 0.0444112
480 | 0.0666089
496 | 0.0955543
512 | 0.0971605
528 | 0.0976992
544 | 0.0988973
560 | 0.134945
576 | 0.169809
592 | 0.207826
608 | 0.248417
624 | 0.29232
640 | 0.334267
656 | 0.379523
672 | 0.40534
688 | 0.426829
704 | 0.431408
720 | 0.42068
736 | 0.405274
752 | 0.395816
768 | 0.409705
784 | 0.428146
800 | 0.441969
816 | 0.42925
832 | 0.41931
848 | 0.410365
864 | 0.389396
880 | 0.36783
896 | 0.336269
912 | 0.30073
928 | 0.278568
944 | 0.274567
960 | 0.282586
976 | 0.280691
992 | 0.288479
1008 | 0.296861
1024 | 0.301226
1040 | 0.299852
1056 | 0.297511
1072 | 0.293024
1088 | 0.292188
1104 | 0.28203
1120 | 0.278944
1136 | 0.283522
1152 | 0.294179
1168 | 0.313255
1184 | 0.332738
1200 | 0.338084
1216 | 0.330967
1232 | 0.329148
1248 | 0.327639
1264 | 0.335613
1280 | 0.361565
1296 | 0.412429
1312 | 0.457179
1328 | 0.503678
1344 | 0.545559
1360 | 0.588896
1376 | 0.616334
1392 | 0.629732
1408 | 0.62502
1424 | 0.612076
1440 | 0.599474
1456 | 0.598837
1472 | 0.617651
1488 | 0.630132
1504 | 0.636655
1520 | 0.629769
1536 | 0.610135
1552 | 0.570543
1568 | 0.522938
1584 | 0.462373
1600 | 0.387263
1616 | 0.322946
1632 | 0.272746
1648 | 0.236839
1664 | 0.375316
1680 | 0.351274
1696 | 0.325235
1712 | 0.299388
1728 | 0.269946
1744 | 0.241249
1760 | 0.332582
1776 | 0.312442
1792 | 0.319059
1808 | 0.337376
1824 | 0.367453
1840 | 0.406959
1856 | 0.566194
1872 | 0.591731
1888 | 0.623086
1904 | 0.660983
1920 | 0.573664
1936 | 0.625849
1952 | 0.682149
1968 | 0.730651
1984 | 0.779801
2000 | 0.842855
2016 | 0.79414
2032 | 0.84068
2048 | 0.870858
2064 | 0.889123
2080 | 0.894306
2096 | 0.888543
2112 | 0.762634
2128 | 0.757241
2144 | 0.739711
2160 | 0.715095
2176 | 0.693409
2192 | 0.678693
2208 | 0.673003
2224 | 0.694373
2240 | 0.717901
2256 | 0.726288
2272 | 0.72707
2288 | 0.730475
2304 | 0.739277
2320 | 0.753617
2336 | 0.783799
2352 | 0.812614
2368 | 0.830319
2384 | 0.846097
2400 | 0.871773
2416 | 0.908021
2432 | 0.943434
2448 | 0.956777
2464 | 0.963144
2480 | 0.96515
2496 | 0.96515
2512 | 0.96515
2528 | 0.96515
2544 | 0.96515
2560 | 0.965133
2576 | 0.963954
2592 | 0.940182
2608 | 0.910626
2624 | 0.890079
2640 | 0.872384
2656 | 0.843811
2672 | 0.801364
2688 | 0.746835
2704 | 0.691507
Valeur de l'integrale : 1213.97
