0.182207
0.173123
0.15357
0.132115
0.115483
0.10295
0.093589
0.0817009
0.0714082
0.0592536
0.0481975
0.0355127
0.0233696
0.0444112
0.0666089
0.0955543
0.0971605
0.0976992
0.0988973
0.134945
0.169809
0.207826
0.248417
0.29232
0.334267
0.379523
0.40534
0.426829
0.431408
0.42068
0.405274
0.395816
0.409705
0.428146
0.441969
0.42925
0.41931
0.410365
0.389396
0.36783
0.336269
0.30073
0.278568
0.274567
0.282586
0.280691
0.288479
0.296861
0.301226
0.299852
0.297511
0.293024
0.292188
0.28203
0.278944
0.283522
0.294179
0.313255
0.332738
0.338084
0.330967
0.325776
0.309333
0.287544
0.270347
0.2487
0.234234
0.230063
0.227968
0.233205
0.237653
0.234634
0.228258
0.223531
0.218929
0.218696
0.229497
0.241428
0.256887
0.272607
0.288408
0.309907
0.320109
0.314249
0.295987
0.275475
0.254626
0.23329
0.375316
0.351274
0.325235
0.299388
0.269946
0.241249
0.332582
0.310933
0.309695
0.313925
0.324102
0.338042
0.467895
0.464051
0.460192
0.455939
0.321324
0.318061
0.317081
0.324787
0.33229
0.337493
0.24341
0.251311
0.241586
0.232157
0.222679
0.212697
0.0924989
0.102476
0.10841
0.110602
0.112062
0.115292
0.118375
0.113319
0.108862
0.101396
0.0882495
0.0748168
0.0619418
0.0495303
0.0565203
0.0693269
0.077632
0.0845705
0.0952537
0.109552
0.123343
0.120941
0.117669
0.117669
0.117669
0.117669
0.117669
0.117669
0.117727
0.120641
0.104474
0.0820257
0.0639981
0.0485361
0.0326624
0.0163165
0
0