256 | 0
272 | 0
288 | 0
304 | 0
320 | 0
336 | 0
352 | 0
368 | 0
384 | 0
400 | 0
416 | 0
432 | 0
448 | 0
464 | 0
480 | 0
496 | 0
512 | 0
528 | 0
544 | 0
560 | 0
576 | 0
592 | 0
608 | 0
624 | 0
640 | 0
656 | 0
672 | 0
688 | 0
704 | 0
720 | 0
736 | 0
752 | 0
768 | 0
784 | 0
800 | 0
816 | 0
832 | 0
848 | 0
864 | 0
880 | 0
896 | 0
912 | 0
928 | 0
944 | 0
960 | 0
976 | 0
992 | 0
1008 | 0
1024 | 0
1040 | 0
1056 | 0
1072 | 0
1088 | 0
1104 | 0
1120 | 0
1136 | 0
1152 | 0
1168 | 0
1184 | 0
1200 | 0
1216 | 0
1232 | 0.00337209
1248 | 0.0183056
1264 | 0.0480691
1280 | 0.0912179
1296 | 0.163729
1312 | 0.222945
1328 | 0.273615
1344 | 0.317591
1360 | 0.355691
1376 | 0.378681
1392 | 0.395098
1408 | 0.396762
1424 | 0.388545
1440 | 0.380545
1456 | 0.380141
1472 | 0.388154
1488 | 0.388704
1504 | 0.379768
1520 | 0.357162
1536 | 0.321727
1552 | 0.260636
1568 | 0.202829
1584 | 0.148124
1600 | 0.0912761
1616 | 0.0474715
1632 | 0.0181203
1648 | 0.00354904
1664 | 0
1680 | 0
1696 | 0
1712 | 0
1728 | 0
1744 | 0
1760 | 0
1776 | 0.00150859
1792 | 0.0093645
1808 | 0.0234509
1824 | 0.0433505
1840 | 0.0689166
1856 | 0.0982992
1872 | 0.12768
1888 | 0.162894
1904 | 0.205044
1920 | 0.25234
1936 | 0.307788
1952 | 0.365068
1968 | 0.405864
1984 | 0.447511
2000 | 0.505362
2016 | 0.55073
2032 | 0.589369
2048 | 0.629272
2064 | 0.656966
2080 | 0.671627
2096 | 0.675846
2112 | 0.670135
2128 | 0.654765
2144 | 0.631301
2160 | 0.604493
2176 | 0.581347
2192 | 0.563401
2208 | 0.554628
2224 | 0.581055
2240 | 0.609039
2256 | 0.624892
2272 | 0.638821
2288 | 0.655658
2304 | 0.677335
2320 | 0.704087
2336 | 0.727279
2352 | 0.743287
2368 | 0.752687
2384 | 0.761526
2400 | 0.776519
2416 | 0.798469
2432 | 0.820091
2448 | 0.835836
2464 | 0.845475
2480 | 0.847481
2496 | 0.847481
2512 | 0.847481
2528 | 0.847481
2544 | 0.847481
2560 | 0.847406
2576 | 0.843313
2592 | 0.835708
2608 | 0.8286
2624 | 0.826081
2640 | 0.823848
2656 | 0.811149
2672 | 0.785047
2688 | 0.746835
2704 | 0.691507
Valeur de l'integrale : 655.414
