0.17105
0.16382
0.144513
0.125519
0.108496
0.0981807
0.0877552
0.0782431
0.0668623
0.0566912
0.0450315
0.0337043
0.0534266
0.0706682
0.0920449
0.090841
0.0913117
0.0928721
0.125984
0.160411
0.194134
0.236179
0.273431
0.319691
0.355059
0.38771
0.399098
0.409761
0.424146
0.409319
0.399554
0.389263
0.402643
0.42081
0.435929
0.426043
0.418916
0.406016
0.386241
0.363711
0.325684
0.292845
0.276322
0.273345
0.280911
0.284773
0.29668
0.301042
0.30005
0.298712
0.296466
0.297831
0.288498
0.280126
0.28485
0.293326
0.302542
0.32033
0.331345
0.325834
0.32098
0.312331
0.296955
0.275766
0.250192
0.236403
0.232397
0.234048
0.233413
0.238354
0.242532
0.239733
0.23347
0.228494
0.224247
0.226915
0.238012
0.249466
0.264277
0.278117
0.287931
0.302803
0.30704
0.295647
0.278272
0.258887
0.239037
0.371631
0.348783
0.323825
0.300022
0.276413
0.249725
0.336664
0.316048
0.313514
0.312299
0.316945
0.32564
0.444083
0.440578
0.437098
0.433014
0.428908
0.300097
0.297249
0.303983
0.310547
0.315473
0.326186
0.24063
0.248181
0.2394
0.231327
0.221346
0.210845
0.0966332
0.102223
0.104096
0.105304
0.107263
0.109926
0.108395
0.10414
0.100364
0.0935813
0.0815339
0.0692381
0.0574167
0.0642213
0.0761152
0.0836404
0.0887946
0.0954102
0.105545
0.118036
0.116434
0.113151
0.109628
0.109628
0.109628
0.109628
0.109628
0.109678
0.112206
0.116157
0.100529
0.0788883
0.0615181
0.0466302
0.0313616
0.0156518
0