272 | 0
288 | 0
304 | 0
320 | 0
336 | 0
352 | 0
368 | 0
384 | 0
400 | 0
416 | 0
432 | 0
448 | 0
464 | 0
480 | 0
496 | 0
512 | 0
528 | 0
544 | 0
560 | 0
576 | 0
592 | 0
608 | 0
624 | 0
640 | 0
656 | 0
672 | 0
688 | 0
704 | 0
720 | 0
736 | 0
752 | 0
768 | 0
784 | 0
800 | 0
816 | 0
832 | 0
848 | 0
864 | 0
880 | 0
896 | 0
912 | 0
928 | 0
944 | 0
960 | 0
976 | 0
992 | 0
1008 | 0
1024 | 0
1040 | 0
1056 | 0
1072 | 0
1088 | 0
1104 | 0
1120 | 0
1136 | 0
1152 | 0
1168 | 0
1184 | 0
1200 | 0
1216 | 0
1232 | 0.00315334
1248 | 0.0171181
1264 | 0.0464292
1280 | 0.0880339
1296 | 0.155465
1312 | 0.211965
1328 | 0.260367
1344 | 0.307627
1360 | 0.336433
1376 | 0.359474
1392 | 0.368489
1408 | 0.374484
1424 | 0.372749
1440 | 0.364805
1456 | 0.358025
1472 | 0.362284
1488 | 0.370564
1504 | 0.370947
1520 | 0.36228
1536 | 0.340582
1552 | 0.306616
1568 | 0.247558
1584 | 0.191283
1600 | 0.139356
1616 | 0.0858134
1632 | 0.0446129
1648 | 0.0170109
1664 | 0.00333102
1680 | 0
1696 | 0
1712 | 0
1728 | 0
1744 | 0
1760 | 0
1776 | 0.00143611
1792 | 0.0089263
1808 | 0.0223814
1824 | 0.0413585
1840 | 0.0654634
1856 | 0.0932964
1872 | 0.121221
1888 | 0.15472
1904 | 0.194734
1920 | 0.239795
1936 | 0.290404
1952 | 0.342234
1968 | 0.379867
1984 | 0.418228
2000 | 0.472389
2016 | 0.527712
2032 | 0.565548
2048 | 0.596167
2064 | 0.627527
2080 | 0.646651
2096 | 0.65617
2112 | 0.656012
2128 | 0.645423
2144 | 0.629128
2160 | 0.610229
2176 | 0.594003
2192 | 0.581867
2208 | 0.574584
2224 | 0.587236
2240 | 0.612457
2256 | 0.637118
2272 | 0.651392
2288 | 0.663928
2304 | 0.679004
2320 | 0.698624
2336 | 0.714515
2352 | 0.725624
2368 | 0.730433
2384 | 0.733698
2400 | 0.746433
2416 | 0.771033
2432 | 0.801392
2448 | 0.826806
2464 | 0.843871
2480 | 0.853899
2496 | 0.855767
2512 | 0.855767
2528 | 0.855767
2544 | 0.855767
2560 | 0.855701
2576 | 0.852083
2592 | 0.839118
2608 | 0.821801
2624 | 0.808714
2640 | 0.80064
2656 | 0.792906
2672 | 0.778846
2688 | 0.753062
2704 | 0.706696
Valeur de l'integrale : 649.297
