288 | 0
304 | 0
320 | 0
336 | 0
352 | 0
368 | 0
384 | 0
400 | 0
416 | 0
432 | 0
448 | 0
464 | 0
480 | 0
496 | 0
512 | 0
528 | 0
544 | 0
560 | 0
576 | 0
592 | 0
608 | 0
624 | 0
640 | 0
656 | 0
672 | 0
688 | 0
704 | 0
720 | 0
736 | 0
752 | 0
768 | 0
784 | 0
800 | 0
816 | 0
832 | 0
848 | 0
864 | 0
880 | 0
896 | 0
912 | 0
928 | 0
944 | 0
960 | 0
976 | 0
992 | 0
1008 | 0
1024 | 0
1040 | 0
1056 | 0
1072 | 0
1088 | 0
1104 | 0
1120 | 0
1136 | 0
1152 | 0
1168 | 0
1184 | 0
1200 | 0
1216 | 0
1232 | 0.00296125
1248 | 0.0160754
1264 | 0.0436009
1280 | 0.0852247
1296 | 0.150498
1312 | 0.202015
1328 | 0.248344
1344 | 0.293662
1360 | 0.326498
1376 | 0.341119
1392 | 0.350853
1408 | 0.350674
1424 | 0.353018
1440 | 0.350845
1456 | 0.344058
1472 | 0.342141
1488 | 0.346914
1504 | 0.354499
1520 | 0.354741
1536 | 0.346332
1552 | 0.325474
1568 | 0.292426
1584 | 0.234434
1600 | 0.180673
1616 | 0.131554
1632 | 0.0809676
1648 | 0.0420518
1664 | 0.0160312
1680 | 0.00311018
1696 | 0
1712 | 0
1728 | 0
1744 | 0
1760 | 0
1776 | 0.00137027
1792 | 0.00852728
1808 | 0.0214052
1824 | 0.0395973
1840 | 0.0626498
1856 | 0.0889101
1872 | 0.115395
1888 | 0.147326
1904 | 0.185511
1920 | 0.228419
1936 | 0.276876
1952 | 0.324103
1968 | 0.35703
1984 | 0.392542
2000 | 0.443456
2016 | 0.495479
2032 | 0.543236
2048 | 0.573381
2064 | 0.596269
2080 | 0.619298
2096 | 0.633488
2112 | 0.638704
2128 | 0.633615
2144 | 0.621685
2160 | 0.609307
2176 | 0.600069
2192 | 0.593982
2208 | 0.591503
2224 | 0.603477
2240 | 0.6169
2256 | 0.639154
2272 | 0.661131
2288 | 0.6741
2304 | 0.685484
2320 | 0.699104
2336 | 0.708818
2352 | 0.713546
2368 | 0.71425
2384 | 0.713535
2400 | 0.7208
2416 | 0.742707
2432 | 0.775291
2448 | 0.808838
2464 | 0.835122
2480 | 0.852098
2496 | 0.861245
2512 | 0.862994
2528 | 0.862994
2544 | 0.862994
2560 | 0.862935
2576 | 0.859709
2592 | 0.847867
2608 | 0.825796
2624 | 0.803132
2640 | 0.785168
2656 | 0.77211
2672 | 0.762947
2688 | 0.748767
2704 | 0.714896
Valeur de l'integrale : 643.11
