0.161963
0.154757
0.137752
0.118406
0.103795
0.0924592
0.0842633
0.0735601
0.0641474
0.0531947
0.0428676
0.0614355
0.0777031
0.0944494
0.0877614
0.0857082
0.0870815
0.118749
0.150408
0.184057
0.221597
0.260814
0.300013
0.34047
0.363901
0.382737
0.384645
0.403866
0.4133
0.403741
0.393179
0.383812
0.397243
0.416215
0.432563
0.425433
0.414519
0.402448
0.381616
0.351876
0.316691
0.289992
0.275088
0.272248
0.284768
0.29254
0.300629
0.299964
0.298989
0.297687
0.300797
0.294043
0.286301
0.285658
0.294121
0.301299
0.309574
0.319901
0.32037
0.316769
0.308647
0.300525
0.284944
0.255796
0.238367
0.234515
0.236055
0.238974
0.238287
0.24296
0.246865
0.244011
0.237659
0.233061
0.231763
0.234996
0.245788
0.256802
0.269869
0.278123
0.282396
0.291549
0.290009
0.279096
0.262559
0.244025
0.368406
0.346992
0.323233
0.300324
0.278436
0.256713
0.34037
0.320694
0.318158
0.315745
0.315297
0.318879
0.42746
0.419402
0.416211
0.412506
0.40856
0.401895
0.281501
0.285708
0.291474
0.296151
0.306262
0.318875
0.238213
0.245778
0.23826
0.229605
0.219093
0.207558
0.0967179
0.0984531
0.0993896
0.101055
0.102603
0.101268
0.0999675
0.0963372
0.0930966
0.0868853
0.075768
0.0644349
0.0709902
0.08255
0.0893949
0.0939117
0.0988244
0.105167
0.113853
0.111694
0.109197
0.105697
0.102616
0.102616
0.102616
0.102616
0.10266
0.104872
0.108317
0.111994
0.0968718
0.0759821
0.0592231
0.0448684
0.0301504
0.0148585