288 | 0.161963
304 | 0.154757
320 | 0.137752
336 | 0.118406
352 | 0.103795
368 | 0.0924592
384 | 0.0842633
400 | 0.0735601
416 | 0.0641474
432 | 0.0531947
448 | 0.0428676
464 | 0.0614355
480 | 0.0777031
496 | 0.0944494
512 | 0.0877614
528 | 0.0857082
544 | 0.0870815
560 | 0.118749
576 | 0.150408
592 | 0.184057
608 | 0.221597
624 | 0.260814
640 | 0.300013
656 | 0.34047
672 | 0.363901
688 | 0.382737
704 | 0.384645
720 | 0.403866
736 | 0.4133
752 | 0.403741
768 | 0.393179
784 | 0.383812
800 | 0.397243
816 | 0.416215
832 | 0.432563
848 | 0.425433
864 | 0.414519
880 | 0.402448
896 | 0.381616
912 | 0.351876
928 | 0.316691
944 | 0.289992
960 | 0.275088
976 | 0.272248
992 | 0.284768
1008 | 0.29254
1024 | 0.300629
1040 | 0.299964
1056 | 0.298989
1072 | 0.297687
1088 | 0.300797
1104 | 0.294043
1120 | 0.286301
1136 | 0.285658
1152 | 0.294121
1168 | 0.301299
1184 | 0.309574
1200 | 0.319901
1216 | 0.32037
1232 | 0.31973
1248 | 0.324722
1264 | 0.344126
1280 | 0.370169
1296 | 0.406294
1312 | 0.440382
1328 | 0.482859
1344 | 0.529717
1360 | 0.565472
1376 | 0.579406
1392 | 0.593813
1408 | 0.597539
1424 | 0.597029
1440 | 0.588504
1456 | 0.577119
1472 | 0.573904
1488 | 0.58191
1504 | 0.600287
1520 | 0.611543
1536 | 0.616201
1552 | 0.603597
1568 | 0.574822
1584 | 0.525983
1600 | 0.470682
1616 | 0.41065
1632 | 0.343527
1648 | 0.286077
1664 | 0.384437
1680 | 0.350102
1696 | 0.323233
1712 | 0.300324
1728 | 0.278436
1744 | 0.256713
1760 | 0.34037
1776 | 0.322064
1792 | 0.326685
1808 | 0.33715
1824 | 0.354894
1840 | 0.381529
1856 | 0.51637
1872 | 0.534797
1888 | 0.563537
1904 | 0.598017
1920 | 0.636979
1936 | 0.678771
1952 | 0.605604
1968 | 0.642738
1984 | 0.684016
2000 | 0.739607
2016 | 0.801741
2032 | 0.862111
2048 | 0.811594
2064 | 0.842047
2080 | 0.857558
2096 | 0.863093
2112 | 0.857797
2128 | 0.841173
2144 | 0.718403
2160 | 0.70776
2176 | 0.699459
2192 | 0.695037
2208 | 0.694106
2224 | 0.704745
2240 | 0.716867
2256 | 0.735491
2272 | 0.754228
2288 | 0.760985
2304 | 0.761252
2320 | 0.763538
2336 | 0.779808
2352 | 0.796096
2368 | 0.803645
2384 | 0.807447
2400 | 0.819624
2416 | 0.847874
2432 | 0.889144
2448 | 0.920532
2464 | 0.944319
2480 | 0.957795
2496 | 0.963861
2512 | 0.96561
2528 | 0.96561
2544 | 0.96561
2560 | 0.965595
2576 | 0.964581
2592 | 0.956184
2608 | 0.93779
2624 | 0.900004
2640 | 0.86115
2656 | 0.831333
2672 | 0.807816
2688 | 0.778918
2704 | 0.729755
Valeur de l'integrale : 1199.76
