304 | 0
320 | 0
336 | 0
352 | 0
368 | 0
384 | 0
400 | 0
416 | 0
432 | 0
448 | 0
464 | 0
480 | 0
496 | 0
512 | 0
528 | 0
544 | 0
560 | 0
576 | 0
592 | 0
608 | 0
624 | 0
640 | 0
656 | 0
672 | 0
688 | 0
704 | 0
720 | 0
736 | 0
752 | 0
768 | 0
784 | 0
800 | 0
816 | 0
832 | 0
848 | 0
864 | 0
880 | 0
896 | 0
912 | 0
928 | 0
944 | 0
960 | 0
976 | 0
992 | 0
1008 | 0
1024 | 0
1040 | 0
1056 | 0
1072 | 0
1088 | 0
1104 | 0
1120 | 0
1136 | 0
1152 | 0
1168 | 0
1184 | 0
1200 | 0
1216 | 0
1232 | 0.00279077
1248 | 0.0151523
1264 | 0.0410973
1280 | 0.0803496
1296 | 0.146091
1312 | 0.196
1328 | 0.237381
1344 | 0.28091
1360 | 0.31251
1376 | 0.331602
1392 | 0.3339
1408 | 0.334787
1424 | 0.331782
1440 | 0.333311
1456 | 0.331614
1472 | 0.329364
1488 | 0.328401
1504 | 0.332795
1520 | 0.339769
1536 | 0.339893
1552 | 0.331729
1568 | 0.31121
1584 | 0.278068
1600 | 0.222278
1616 | 0.171162
1632 | 0.12458
1648 | 0.0765932
1664 | 0.0397727
1680 | 0.0150306
1696 | 0.00289554
1712 | 0
1728 | 0
1744 | 0
1760 | 0
1776 | 0.00131021
1792 | 0.00816241
1808 | 0.0205106
1824 | 0.03798
1840 | 0.0601476
1856 | 0.085315
1872 | 0.110258
1888 | 0.140619
1904 | 0.177122
1920 | 0.218184
1936 | 0.264531
1952 | 0.3099
1968 | 0.338812
1984 | 0.369858
2000 | 0.417862
2016 | 0.466956
2032 | 0.511807
2048 | 0.551957
2064 | 0.574633
2080 | 0.589975
2096 | 0.608289
2112 | 0.618288
2128 | 0.618577
2144 | 0.611823
2160 | 0.603235
2176 | 0.599714
2192 | 0.599817
2208 | 0.602587
2224 | 0.617363
2240 | 0.630147
2256 | 0.642283
2272 | 0.662129
2288 | 0.681901
2304 | 0.693775
2320 | 0.704187
2336 | 0.708786
2352 | 0.708154
2368 | 0.703221
2384 | 0.698888
2400 | 0.702233
2416 | 0.718465
2432 | 0.748202
2448 | 0.783753
2464 | 0.81791
2480 | 0.843637
2496 | 0.859308
2512 | 0.867708
2528 | 0.869352
2544 | 0.869352
2560 | 0.869299
2576 | 0.8664
2592 | 0.855512
2608 | 0.835121
2624 | 0.807905
2640 | 0.78089
2656 | 0.758545
2672 | 0.744341
2688 | 0.734937
2704 | 0.712701
Valeur de l'integrale : 636.978
