0.153098
0.147945
0.130411
0.113587
0.0981164
0.0890108
0.0795047
0.0707452
0.0604186
0.0507874
0.0685816
0.0839938
0.0998269
0.0902854
0.083068
0.0819706
0.111745
0.142268
0.17325
0.210782
0.245672
0.286797
0.32065
0.349628
0.360508
0.369735
0.380209
0.394612
0.407875
0.397467
0.387822
0.379728
0.394128
0.413944
0.431767
0.421061
0.410869
0.397467
0.369447
0.341727
0.312872
0.288163
0.273972
0.276294
0.292138
0.296355
0.299628
0.298984
0.298026
0.301658
0.297102
0.291681
0.291132
0.294463
0.30171
0.308044
0.309864
0.31055
0.312141
0.305386
0.29773
0.288983
0.264804
0.243942
0.236446
0.237887
0.240658
0.243405
0.242674
0.247074
0.250502
0.247403
0.241559
0.239919
0.239218
0.242419
0.252919
0.262432
0.270223
0.273312
0.272976
0.276431
0.274742
0.2643
0.248373
0.365498
0.345412
0.323046
0.301143
0.280004
0.259749
0.342844
0.324932
0.322404
0.319993
0.318402
0.317256
0.416982
0.40476
0.397262
0.393853
0.390254
0.383975
0.378082
0.27113
0.27463
0.279059
0.288632
0.300426
0.31241
0.236406
0.244404
0.236281
0.22702
0.215522
0.201825
0.0934041
0.0942331
0.0955957
0.0969085
0.0950201
0.0938741
0.0927555
0.0896219
0.0868107
0.0810836
0.0707651
0.0770195
0.0881543
0.0949553
0.0989179
0.103188
0.107904
0.11309
0.108003
0.105017
0.102239
0.0991636
0.0964474
0.0964474
0.0964474
0.0964862
0.098437
0.101466
0.104688
0.108119
0.093471
0.0732824
0.0570932
0.0432211
0.0286982