304 | 0.153098
320 | 0.147945
336 | 0.130411
352 | 0.113587
368 | 0.0981164
384 | 0.0890108
400 | 0.0795047
416 | 0.0707452
432 | 0.0604186
448 | 0.0507874
464 | 0.0685816
480 | 0.0839938
496 | 0.0998269
512 | 0.0902854
528 | 0.083068
544 | 0.0819706
560 | 0.111745
576 | 0.142268
592 | 0.17325
608 | 0.210782
624 | 0.245672
640 | 0.286797
656 | 0.32065
672 | 0.349628
688 | 0.360508
704 | 0.369735
720 | 0.380209
736 | 0.394612
752 | 0.407875
768 | 0.397467
784 | 0.387822
800 | 0.379728
816 | 0.394128
832 | 0.413944
848 | 0.431767
864 | 0.421061
880 | 0.410869
896 | 0.397467
912 | 0.369447
928 | 0.341727
944 | 0.312872
960 | 0.288163
976 | 0.273972
992 | 0.276294
1008 | 0.292138
1024 | 0.296355
1040 | 0.299628
1056 | 0.298984
1072 | 0.298026
1088 | 0.301658
1104 | 0.297102
1120 | 0.291681
1136 | 0.291132
1152 | 0.294463
1168 | 0.30171
1184 | 0.308044
1200 | 0.309864
1216 | 0.31055
1232 | 0.314932
1248 | 0.320538
1264 | 0.338827
1280 | 0.369333
1296 | 0.410895
1312 | 0.439942
1328 | 0.473827
1344 | 0.518797
1360 | 0.553168
1376 | 0.575007
1392 | 0.576574
1408 | 0.581861
1424 | 0.582284
1440 | 0.580714
1456 | 0.573173
1472 | 0.569283
1488 | 0.567619
1504 | 0.575214
1520 | 0.592688
1536 | 0.602325
1552 | 0.601952
1568 | 0.584522
1584 | 0.551044
1600 | 0.498709
1616 | 0.445904
1632 | 0.38888
1648 | 0.324966
1664 | 0.405271
1680 | 0.360443
1696 | 0.325942
1712 | 0.301143
1728 | 0.280004
1744 | 0.259749
1760 | 0.342844
1776 | 0.326242
1792 | 0.330566
1808 | 0.340504
1824 | 0.356382
1840 | 0.377404
1856 | 0.502297
1872 | 0.515018
1888 | 0.537881
1904 | 0.570975
1920 | 0.608438
1936 | 0.648506
1952 | 0.687982
1968 | 0.609942
1984 | 0.644488
2000 | 0.696921
2016 | 0.755588
2032 | 0.812233
2048 | 0.864367
2064 | 0.811039
2080 | 0.834379
2096 | 0.84457
2112 | 0.845308
2128 | 0.834099
2144 | 0.813648
2160 | 0.696639
2176 | 0.693947
2192 | 0.695413
2208 | 0.699495
2224 | 0.712383
2240 | 0.724021
2256 | 0.735039
2272 | 0.75175
2288 | 0.768712
2304 | 0.774859
2320 | 0.774952
2336 | 0.785805
2352 | 0.796308
2368 | 0.798176
2384 | 0.797806
2400 | 0.805421
2416 | 0.826369
2432 | 0.861292
2448 | 0.891756
2464 | 0.922927
2480 | 0.945876
2496 | 0.958472
2512 | 0.964155
2528 | 0.965799
2544 | 0.965799
2560 | 0.965785
2576 | 0.964837
2592 | 0.956978
2608 | 0.939809
2624 | 0.916024
2640 | 0.874361
2656 | 0.831827
2672 | 0.801435
2688 | 0.778158
2704 | 0.741399
Valeur de l'integrale : 1192.59
