0.26383
0.315
0.2925
0.225
0.1725
0.168921
0.178833
0.178771
0.178771
0.187135
0.19681
0.197417
0.166602
0.0856105
0.017445
0
0
0
0
0
0
0
0
0
0
0
0
0.26935
0.471835
0.460533
0.259578
0
0
0.300147
0.535081
0.534125
0.586572
0.627986
0.714563
0.749692
0.617545
0.410125
0.222493
0.207237
0.256579
0.260958
0.296697
0.300598
0.307263
0.324603
0.352776
0.38536
0.354472
0.306129
0.293578
0.220642
0.183809
0.207455
0.244105
0.251852
0.303704
0.427184
0.492518
0.33651
0.278261
0.278261
0.335298
0.303497
0.244042
0.308984
0.388443
0.447524
0.458918
0.370031
0.248609
0.184877
0.147977
0.118519
0.114747
0.0699072
0.0592692
0.140673
0.248953
0.304146
0.318474
0.319534
0.32
0.317159
0.30949
0.306771
0.346102
0.40517
0.417391
0.417391
0.404348
0.334783
0.2224
0.1273
0.0445579
0
0
0
1.24153
1.1528
0
0
0
0
0.869898
1.09295
0.208054
0.346369
0.351955
0.352201
1.15025
1.035
0
0
0
0
0
0
0
0.0521279
0.128342
0.182629
0.196206
0.199532
0.209279
0.207708
0.191116
0.169821
0.128749
0.0645161
0.0143885
0
0
0
0
0
0
0
0
0
0.137413
0.385146
0.401217
0.326705
0.296834
0.2944
0.276474
0.129589
0
0
0
0
0
0
0
0
0
0
0
0
0
0
0
0