32 | 0
48 | 0
64 | 0
80 | 0
96 | 0
112 | 0
128 | 0
144 | 0
160 | 0
176 | 0
192 | 0
208 | 0
224 | 0
240 | 0
256 | 0
272 | 0
288 | 0
304 | 0
320 | 0
336 | 0
352 | 0
368 | 0
384 | 0
400 | 0
416 | 0
432 | 0
448 | 0
464 | 0
480 | 0
496 | 0
512 | 0
528 | 0
544 | 0
560 | 0
576 | 0
592 | 0
608 | 0
624 | 0
640 | 0
656 | 0
672 | 0
688 | 0
704 | 0
720 | 0
736 | 0
752 | 0
768 | 0
784 | 0
800 | 0
816 | 0
832 | 0
848 | 0
864 | 0
880 | 0
896 | 0
912 | 0
928 | 0
944 | 0
960 | 0
976 | 0
992 | 0
1008 | 0
1024 | 0
1040 | 0
1056 | 0
1072 | 0
1088 | 0
1104 | 0
1120 | 0
1136 | 0
1152 | 0
1168 | 0
1184 | 0
1200 | 0
1216 | 0
1232 | 0.0212852
1248 | 0.131792
1264 | 0.333565
1280 | 0.552219
1296 | 0.750228
1312 | 0.822529
1328 | 0.808104
1344 | 0.794734
1360 | 0.713246
1376 | 0.523948
1392 | 0.312877
1408 | 0.128333
1424 | 0.024778
1440 | 0
1456 | 0
1472 | 0
1488 | 0
1504 | 0
1520 | 0
1536 | 0
1552 | 0
1568 | 0
1584 | 0
1600 | 0
1616 | 0
1632 | 0
1648 | 0
1664 | 0
1680 | 0
1696 | 0
1712 | 0
1728 | 0
1744 | 0
1760 | 0
1776 | 0.0146902
1792 | 0.0736158
1808 | 0.148045
1824 | 0.23743
1840 | 0.326345
1856 | 0.407512
1872 | 0.467068
1888 | 0.542135
1904 | 0.648317
1920 | 0.746901
1936 | 0.811046
1952 | 0.831384
1968 | 0.791899
1984 | 0.705258
2000 | 0.763796
2016 | 0.823362
2032 | 0.820403
2048 | 0.756467
2064 | 0.653936
2080 | 0.532393
2096 | 0.432049
2112 | 0.381859
2128 | 0.323545
2144 | 0.253841
2160 | 0.225806
2176 | 0.305755
2192 | 0.482724
2208 | 0.701662
2224 | 0.892864
2240 | 0.955078
2256 | 0.96875
2272 | 0.96875
2288 | 0.96875
2304 | 0.96875
2320 | 0.968746
2336 | 0.939932
2352 | 0.800236
2368 | 0.590669
2384 | 0.431818
2400 | 0.422868
2416 | 0.5698
2432 | 0.764549
2448 | 0.895493
2464 | 0.951151
2480 | 0.964853
2496 | 0.96875
2512 | 0.96875
2528 | 0.96875
2544 | 0.96875
2560 | 0.968645
2576 | 0.95992
2592 | 0.85317
2608 | 0.598913
2624 | 0.388043
2640 | 0.23913
2656 | 0.102717
2672 | 0.0179348
2688 | 0
2704 | 0
Valeur de l'integrale : 674.455
