320 | 0
336 | 0
352 | 0
368 | 0
384 | 0
400 | 0
416 | 0
432 | 0
448 | 0
464 | 0
480 | 0
496 | 0
512 | 0
528 | 0
544 | 0
560 | 0
576 | 0
592 | 0
608 | 0
624 | 0
640 | 0
656 | 0
672 | 0
688 | 0
704 | 0
720 | 0
736 | 0
752 | 0
768 | 0
784 | 0
800 | 0
816 | 0
832 | 0
848 | 0
864 | 0
880 | 0
896 | 0
912 | 0
928 | 0
944 | 0
960 | 0
976 | 0
992 | 0
1008 | 0
1024 | 0
1040 | 0
1056 | 0
1072 | 0
1088 | 0
1104 | 0
1120 | 0
1136 | 0
1152 | 0
1168 | 0
1184 | 0
1200 | 0
1216 | 0
1232 | 0.0025994
1248 | 0.0143274
1264 | 0.0388657
1280 | 0.076002
1296 | 0.138385
1312 | 0.19064
1328 | 0.230723
1344 | 0.269219
1360 | 0.299672
1376 | 0.31815
1392 | 0.325072
1408 | 0.319434
1424 | 0.317527
1440 | 0.314316
1456 | 0.315907
1472 | 0.317943
1488 | 0.316611
1504 | 0.315721
1520 | 0.319781
1536 | 0.326215
1552 | 0.326237
1568 | 0.317881
1584 | 0.296703
1600 | 0.264663
1616 | 0.211301
1632 | 0.162602
1648 | 0.11824
1664 | 0.0726739
1680 | 0.037428
1696 | 0.0140501
1712 | 0.00270838
1728 | 0
1744 | 0
1760 | 0
1776 | 0.00125202
1792 | 0.00782748
1808 | 0.0196878
1824 | 0.0364897
1840 | 0.0578376
1856 | 0.0821018
1872 | 0.106027
1888 | 0.134675
1904 | 0.169473
1920 | 0.208827
1936 | 0.253361
1952 | 0.296866
1968 | 0.324488
1984 | 0.351681
2000 | 0.395092
2016 | 0.441539
2032 | 0.483816
2048 | 0.521619
2064 | 0.55421
2080 | 0.569546
2096 | 0.580981
2112 | 0.595243
2128 | 0.600356
2144 | 0.598715
2160 | 0.594804
2176 | 0.594361
2192 | 0.599488
2208 | 0.607748
2224 | 0.626335
2240 | 0.641545
2256 | 0.653187
2272 | 0.664251
2288 | 0.682109
2304 | 0.700044
2320 | 0.710982
2336 | 0.713191
2352 | 0.708153
2368 | 0.698524
2384 | 0.688983
2400 | 0.688743
2416 | 0.700836
2432 | 0.724856
2448 | 0.757601
2464 | 0.793888
2480 | 0.827177
2496 | 0.851132
2512 | 0.865679
2528 | 0.873438
2544 | 0.874988
2560 | 0.874941
2576 | 0.872316
2592 | 0.862248
2608 | 0.843306
2624 | 0.818057
2640 | 0.786558
2656 | 0.755622
2672 | 0.732518
2688 | 0.718284
2704 | 0.701204
Valeur de l'integrale : 631.037
