320 | 0.146429
336 | 0.140504
352 | 0.125407
368 | 0.107731
384 | 0.0946728
400 | 0.0842824
416 | 0.0766278
432 | 0.0668566
448 | 0.057835
464 | 0.07464
480 | 0.0896333
496 | 0.104665
512 | 0.0956458
528 | 0.0856983
544 | 0.0796314
560 | 0.105521
576 | 0.134333
592 | 0.164394
608 | 0.199105
624 | 0.234365
640 | 0.270859
656 | 0.307261
672 | 0.33015
688 | 0.347105
704 | 0.349364
720 | 0.366101
736 | 0.372684
752 | 0.390233
768 | 0.401722
784 | 0.39215
800 | 0.383752
816 | 0.377622
832 | 0.392983
848 | 0.413781
864 | 0.427409
880 | 0.4174
896 | 0.405861
912 | 0.385115
928 | 0.35891
944 | 0.336949
960 | 0.310109
976 | 0.286501
992 | 0.277709
1008 | 0.283444
1024 | 0.295775
1040 | 0.295595
1056 | 0.298713
1072 | 0.298088
1088 | 0.301704
1104 | 0.298176
1120 | 0.294739
1136 | 0.295848
1152 | 0.299254
1168 | 0.30171
1184 | 0.308154
1200 | 0.308414
1216 | 0.301828
1232 | 0.30601
1248 | 0.315956
1264 | 0.334105
1280 | 0.362976
1296 | 0.407975
1312 | 0.443318
1328 | 0.472475
1344 | 0.508787
1360 | 0.541874
1376 | 0.562969
1392 | 0.57248
1408 | 0.566048
1424 | 0.56807
1440 | 0.567674
1456 | 0.566516
1472 | 0.565772
1488 | 0.563402
1504 | 0.561818
1520 | 0.569042
1536 | 0.584654
1552 | 0.589305
1568 | 0.583851
1584 | 0.561494
1600 | 0.524479
1616 | 0.474081
1632 | 0.423604
1648 | 0.369089
1664 | 0.435512
1680 | 0.381378
1696 | 0.336929
1712 | 0.304872
1728 | 0.281879
1744 | 0.262259
1760 | 0.340942
1776 | 0.329236
1792 | 0.334128
1808 | 0.343588
1824 | 0.358776
1840 | 0.377938
1856 | 0.493859
1872 | 0.501716
1888 | 0.518972
1904 | 0.546316
1920 | 0.582345
1936 | 0.621123
1952 | 0.659047
1968 | 0.689229
1984 | 0.612815
2000 | 0.658944
2016 | 0.71446
2032 | 0.767812
2048 | 0.816858
2064 | 0.861255
2080 | 0.805052
2096 | 0.823215
2112 | 0.828726
2128 | 0.82357
2144 | 0.808421
2160 | 0.788749
2176 | 0.683959
2192 | 0.690304
2208 | 0.699625
2224 | 0.716451
2240 | 0.730026
2256 | 0.740673
2272 | 0.750765
2288 | 0.765891
2304 | 0.781364
2320 | 0.786992
2336 | 0.795671
2352 | 0.801287
2368 | 0.798286
2384 | 0.792821
2400 | 0.796296
2416 | 0.812462
2432 | 0.840149
2448 | 0.865149
2464 | 0.8957
2480 | 0.925742
2496 | 0.947246
2512 | 0.95907
2528 | 0.964416
2544 | 0.965966
2560 | 0.965953
2576 | 0.965063
2592 | 0.957678
2608 | 0.941582
2624 | 0.919352
2640 | 0.891062
2656 | 0.845923
2672 | 0.803286
2688 | 0.773379
2704 | 0.742441
Valeur de l'integrale : 1185.54
