0.146429
0.140504
0.125407
0.107731
0.0946728
0.0842824
0.0766278
0.0668566
0.057835
0.07464
0.0896333
0.104665
0.0956458
0.0856983
0.0796314
0.105521
0.134333
0.164394
0.199105
0.234365
0.270859
0.307261
0.33015
0.347105
0.349364
0.366101
0.372684
0.390233
0.401722
0.39215
0.383752
0.377622
0.392983
0.413781
0.427409
0.4174
0.405861
0.385115
0.35891
0.336949
0.310109
0.286501
0.277709
0.283444
0.295775
0.295595
0.298713
0.298088
0.301704
0.298176
0.294739
0.295848
0.299254
0.30171
0.308154
0.308414
0.301828
0.303411
0.301629
0.295239
0.286974
0.26959
0.252678
0.241752
0.239568
0.242202
0.244819
0.247408
0.246614
0.250543
0.253358
0.250609
0.247829
0.246791
0.246097
0.249261
0.258439
0.263068
0.26597
0.264791
0.259816
0.26278
0.261002
0.250849
0.362838
0.34395
0.322879
0.302164
0.281879
0.262259
0.340942
0.327984
0.326301
0.3239
0.322286
0.3201
0.411757
0.395689
0.384297
0.376843
0.373518
0.367762
0.362181
0.364741
0.261134
0.263852
0.272921
0.283996
0.295239
0.307045
0.235506
0.242234
0.233483
0.223214
0.209706
0.193945
0.0895975
0.0908159
0.091877
0.0901162
0.088481
0.0874865
0.0865141
0.0837818
0.08132
0.0760095
0.0824806
0.0931335
0.0997614
0.103838
0.107553
0.111626
0.115293
0.107548
0.101812
0.0985652
0.0961137
0.0933912
0.0909781
0.0909781
0.0910127
0.0927464
0.0954309
0.0982755
0.101295
0.104504
0.0903008
0.0707679
0.0550945
0.0412373