0.289655
0.298333
0.256667
0.203333
0.174476
0.172082
0.178813
0.178771
0.184261
0.190405
0.197049
0.176841
0.122684
0.0553291
0.0114736
0
0
0
0
0
0
0
0
0
0
0
0.172662
0.338785
0.464738
0.332865
0.171289
0
0.193016
0.384146
0.537149
0.567138
0.599564
0.684354
0.702761
0.684968
0.505628
0.315852
0.240579
0.216561
0.268282
0.275194
0.298714
0.304428
0.316813
0.338201
0.366692
0.360573
0.340012
0.296239
0.244236
0.207259
0.198527
0.22097
0.246685
0.28642
0.357771
0.426762
0.398181
0.314561
0.278261
0.313854
0.294591
0.283919
0.28654
0.348718
0.408151
0.448331
0.39779
0.298309
0.227704
0.164669
0.138165
0.115977
0.0836273
0.0737775
0.102576
0.189666
0.271369
0.309032
0.318981
0.319689
0.3181
0.312916
0.309262
0.33113
0.366996
0.409164
0.417391
0.408696
0.362319
0.278086
0.174684
0.0824477
0.0295339
0
0
0.830565
0.787064
0.720744
0
0
0
0.540698
0.619249
0.76937
0.259958
0.350093
0.350256
0.883404
0.794226
0.700548
0
0
0
0
0
0
0.037881
0.0971783
0.148855
0.187066
0.19827
0.204882
0.205953
0.198886
0.179119
0.147198
0.0982097
0.0453515
0.0101781
0
0
0
0
0
0
0
0
0.087041
0.225777
0.375199
0.367054
0.316045
0.29582
0.282446
0.180967
0.0812536
0
0
0
0
0
0
0
0
0
0
0
0
0
0
0