0.28189
0.27
0.2325
0.197721
0.175491
0.173707
0.178802
0.182857
0.187357
0.192138
0.181731
0.141267
0.089812
0.0408722
0.00873442
0
0
0
0
0
0
0
0
0
0
0.139675
0.247843
0.36931
0.371092
0.249045
0.134399
0.149163
0.284648
0.427155
0.561628
0.581949
0.646967
0.683274
0.667365
0.579891
0.411034
0.308837
0.238734
0.23421
0.277263
0.282528
0.302247
0.31214
0.32845
0.350508
0.353457
0.349424
0.323379
0.256449
0.226074
0.213846
0.210165
0.228176
0.273884
0.327731
0.370026
0.383657
0.361522
0.304626
0.304128
0.290332
0.282483
0.306709
0.32244
0.37132
0.416757
0.407555
0.330841
0.269485
0.202978
0.153896
0.131103
0.0913074
0.0830689
0.104429
0.146092
0.220104
0.283042
0.311731
0.319235
0.318342
0.314657
0.311878
0.326774
0.34917
0.378418
0.41119
0.41087
0.376087
0.312626
0.226435
0.127205
0.0609379
0.0220867
0
0.624007
0.599129
0.558489
0.524059
0
0
0.392255
0.43201
0.53674
0.64147
0.286585
0.349284
0.748153
0.68092
0.606106
0.526064
0
0
0
0
0
0.0262564
0.0787692
0.121696
0.159957
0.190707
0.202532
0.203538
0.199785
0.18747
0.159616
0.120607
0.0774506
0.0359712
0.00776793
0
0
0
0
0
0
0
0.0636928
0.159683
0.254338
0.356357
0.348872
0.310435
0.286373
0.208056
0.128457
0.0576908
0
0
0
0
0
0
0
0
0
0
0
0
0
0