64 | 0
80 | 0
96 | 0
112 | 0
128 | 0
144 | 0
160 | 0
176 | 0
192 | 0
208 | 0
224 | 0
240 | 0
256 | 0
272 | 0
288 | 0
304 | 0
320 | 0
336 | 0
352 | 0
368 | 0
384 | 0
400 | 0
416 | 0
432 | 0
448 | 0
464 | 0
480 | 0
496 | 0
512 | 0
528 | 0
544 | 0
560 | 0
576 | 0
592 | 0
608 | 0
624 | 0
640 | 0
656 | 0
672 | 0
688 | 0
704 | 0
720 | 0
736 | 0
752 | 0
768 | 0
784 | 0
800 | 0
816 | 0
832 | 0
848 | 0
864 | 0
880 | 0
896 | 0
912 | 0
928 | 0
944 | 0
960 | 0
976 | 0
992 | 0
1008 | 0
1024 | 0
1040 | 0
1056 | 0
1072 | 0
1088 | 0
1104 | 0
1120 | 0
1136 | 0
1152 | 0
1168 | 0
1184 | 0
1200 | 0
1216 | 0
1232 | 0.0115588
1248 | 0.059761
1264 | 0.167081
1280 | 0.345283
1296 | 0.566799
1312 | 0.706567
1328 | 0.778462
1344 | 0.809806
1360 | 0.762012
1376 | 0.661956
1392 | 0.515894
1408 | 0.326613
1424 | 0.16829
1440 | 0.0630954
1456 | 0.0121827
1472 | 0
1488 | 0
1504 | 0
1520 | 0
1536 | 0
1552 | 0
1568 | 0
1584 | 0
1600 | 0
1616 | 0
1632 | 0
1648 | 0
1664 | 0
1680 | 0
1696 | 0
1712 | 0
1728 | 0
1744 | 0
1760 | 0
1776 | 0.00580659
1792 | 0.0370566
1808 | 0.0953336
1824 | 0.163014
1840 | 0.237164
1856 | 0.321843
1872 | 0.394093
1888 | 0.471198
1904 | 0.556193
1920 | 0.646266
1936 | 0.733383
1952 | 0.79193
1968 | 0.802197
1984 | 0.782667
2000 | 0.777744
2016 | 0.777744
2032 | 0.793972
2048 | 0.792199
2064 | 0.740851
2080 | 0.648042
2096 | 0.54522
2112 | 0.453712
2128 | 0.374091
2144 | 0.317199
2160 | 0.277867
2176 | 0.277128
2192 | 0.339478
2208 | 0.487923
2224 | 0.722416
2240 | 0.867415
2256 | 0.935685
2272 | 0.961914
2288 | 0.96875
2304 | 0.96875
2320 | 0.968748
2336 | 0.955393
2352 | 0.898881
2368 | 0.78513
2384 | 0.618752
2400 | 0.506522
2416 | 0.501309
2432 | 0.598431
2448 | 0.74043
2464 | 0.86445
2480 | 0.933975
2496 | 0.960703
2512 | 0.966845
2528 | 0.96875
2544 | 0.96875
2560 | 0.968698
2576 | 0.96474
2592 | 0.925617
2608 | 0.822151
2624 | 0.637132
2640 | 0.419022
2656 | 0.24538
2672 | 0.128533
2688 | 0.0512473
2704 | 0.00828313
Valeur de l'integrale : 678.805
