0.258683
0.248
0.222705
0.19418
0.176117
0.174696
0.182051
0.185574
0.189307
0.181091
0.152287
0.11081
0.070833
0.0329775
0.00693091
0
0
0
0
0
0
0
0
0
0.108496
0.210642
0.291439
0.307621
0.298151
0.206984
0.22025
0.234599
0.340702
0.471821
0.574837
0.622529
0.653467
0.659173
0.590347
0.486121
0.388723
0.29263
0.248613
0.249194
0.282891
0.288724
0.309104
0.322085
0.339157
0.34308
0.346393
0.335214
0.282496
0.238007
0.228062
0.22084
0.217633
0.252277
0.307504
0.341082
0.350159
0.359946
0.342028
0.32254
0.287834
0.281628
0.301463
0.334039
0.344515
0.384296
0.393467
0.352071
0.29986
0.240484
0.187382
0.145392
0.106863
0.0891649
0.106791
0.140033
0.177139
0.239034
0.290291
0.313364
0.31825
0.31553
0.313469
0.325396
0.341607
0.36097
0.38562
0.40726
0.384348
0.333441
0.263257
0.17634
0.0999805
0.0483292
0.0175985
0.499909
0.483644
0.456811
0.432662
0.411707
0
0.307854
0.331712
0.412127
0.492542
0.575551
0.299491
0.667322
0.611998
0.553665
0.48757
0.42004
0
0
0
0
0.020091
0.0602731
0.103518
0.136565
0.167795
0.19536
0.201941
0.199144
0.190374
0.169813
0.135984
0.100716
0.0653283
0.0295012
0.00541318
0
0
0
0
0
0
0.0502213
0.123523
0.192357
0.262383
0.344108
0.337744
0.299668
0.225282
0.158621
0.0974839
0.0447218
0
0
0
0
0
0
0
0
0
0
0
0
0