0.239614
0.237515
0.215913
0.191754
0.176543
0.177963
0.184427
0.187466
0.180679
0.15706
0.124843
0.0911568
0.0593435
0.0272423
0.00591461
0
0
0
0
0
0
0
0
0.0944754
0.171844
0.255934
0.25162
0.255754
0.257334
0.264994
0.276263
0.29202
0.393791
0.499569
0.609859
0.631907
0.637878
0.597938
0.512717
0.45592
0.361238
0.292804
0.258239
0.259089
0.28816
0.296626
0.318107
0.331417
0.334637
0.338908
0.335787
0.299684
0.260684
0.237734
0.231901
0.22566
0.238588
0.280433
0.320437
0.330237
0.337363
0.344945
0.352695
0.304249
0.281061
0.297851
0.32565
0.352306
0.358905
0.370902
0.352038
0.322934
0.269461
0.22083
0.174857
0.12261
0.102132
0.108475
0.137018
0.167454
0.198796
0.252002
0.295163
0.313532
0.315919
0.314389
0.324484
0.337805
0.352267
0.36929
0.386506
0.385974
0.347356
0.288174
0.214152
0.144347
0.0823548
0.0399657
0.433742
0.405605
0.386453
0.369028
0.353107
0.339025
0.25817
0.269281
0.334474
0.399737
0.467105
0.532509
0.5886
0.566623
0.51755
0.464553
0.40692
0.341912
0
0
0
0.0166439
0.0488115
0.0833496
0.119714
0.14722
0.17495
0.196056
0.198578
0.191409
0.175075
0.148234
0.117324
0.0879786
0.0560298
0.0221745
0.00415396
0
0
0
0
0
0.0414536
0.100716
0.154666
0.207617
0.267442
0.33571
0.323794
0.245949
0.179876
0.125871
0.0785451
0.0365135
0
0
0
0
0
0
0
0
0
0
0
0