96 | 0
112 | 0
128 | 0
144 | 0
160 | 0
176 | 0
192 | 0
208 | 0
224 | 0
240 | 0
256 | 0
272 | 0
288 | 0
304 | 0
320 | 0
336 | 0
352 | 0
368 | 0
384 | 0
400 | 0
416 | 0
432 | 0
448 | 0
464 | 0
480 | 0
496 | 0
512 | 0
528 | 0
544 | 0
560 | 0
576 | 0
592 | 0
608 | 0
624 | 0
640 | 0
656 | 0
672 | 0
688 | 0
704 | 0
720 | 0
736 | 0
752 | 0
768 | 0
784 | 0
800 | 0
816 | 0
832 | 0
848 | 0
864 | 0
880 | 0
896 | 0
912 | 0
928 | 0
944 | 0
960 | 0
976 | 0
992 | 0
1008 | 0
1024 | 0
1040 | 0
1056 | 0
1072 | 0
1088 | 0
1104 | 0
1120 | 0
1136 | 0
1152 | 0
1168 | 0
1184 | 0
1200 | 0
1216 | 0
1232 | 0.00808875
1248 | 0.0442375
1264 | 0.115339
1280 | 0.216714
1296 | 0.384308
1312 | 0.537756
1328 | 0.650715
1344 | 0.735241
1360 | 0.757881
1376 | 0.722409
1392 | 0.617926
1408 | 0.48695
1424 | 0.352929
1440 | 0.215481
1456 | 0.1108
1472 | 0.0433772
1488 | 0.00879701
1504 | 0
1520 | 0
1536 | 0
1552 | 0
1568 | 0
1584 | 0
1600 | 0
1616 | 0
1632 | 0
1648 | 0
1664 | 0
1680 | 0
1696 | 0
1712 | 0
1728 | 0
1744 | 0
1760 | 0
1776 | 0.00361937
1792 | 0.0230921
1808 | 0.0594079
1824 | 0.112566
1840 | 0.182351
1856 | 0.248513
1872 | 0.310032
1888 | 0.389744
1904 | 0.474875
1920 | 0.561803
1936 | 0.645406
1952 | 0.714251
1968 | 0.751521
1984 | 0.770159
2000 | 0.789936
2016 | 0.798144
2032 | 0.793319
2048 | 0.770325
2064 | 0.748051
2080 | 0.713221
2096 | 0.643691
2112 | 0.55585
2128 | 0.465479
2144 | 0.384185
2160 | 0.326771
2176 | 0.313867
2192 | 0.333288
2208 | 0.394543
2224 | 0.551729
2240 | 0.705264
2256 | 0.828535
2272 | 0.907486
2288 | 0.947612
2304 | 0.964193
2320 | 0.968749
2336 | 0.960056
2352 | 0.924682
2368 | 0.857088
2384 | 0.764836
2400 | 0.673424
2416 | 0.602439
2432 | 0.595902
2448 | 0.641867
2464 | 0.729602
2480 | 0.82908
2496 | 0.904976
2512 | 0.94674
2528 | 0.963534
2544 | 0.967489
2560 | 0.968715
2576 | 0.966156
2592 | 0.94228
2608 | 0.884659
2624 | 0.794319
2640 | 0.661112
2656 | 0.467638
2672 | 0.285326
2688 | 0.16335
2704 | 0.0812157
Valeur de l'integrale : 683.142
