0
0
0
0
0
0
0
0
0
0
0
0
0
0
0
0
0
0
0
0
0
0
0
0
0
0
0
0
0
0
0
0
0
0
0
0
0
0
0
0
0
0
0
0
0
0
0.22868
0.22267
0.210732
0.202484
0.195481
0.188981
0.182899
0.18123
0
0
0
0
0
0
0
0
0
0
0
0
0
0
0
0
0
0
0
0
0
0
0
0
0
0
0
0
0
0
0
0
0
0
0
0
0
0
0
0
0
0
0
0
0
0
0
0
0
0
0
0
0
0
0
0
0
0
0
0
0
0
0
0
0
0.175336
0.178402
0.172056
0.169133
0.200727
0.239011
0.285331
0.341232
0.182421
0.228421
0.283984
0.337387
0.337583
0.318781
0.284109
0.238392
0.179688
0.116501
0.0750343
0.0434409
0.0118475
0
0
0
0
0
0
0
0
0
0
0
0
0
0
0
0
0
0
0
0
0
0.256971
0.257229
0.252141
0.251043
0.250981
0.251043
0.252281
0.257731
0
0
0
0
0
0
0
0
0
0
0
0
0
0
0
0
0
0
0
0
0
0
0
0
0
0
0
0
0
0
0
0
0
0
0
0
0
0
0
0
0
0
0
0
0
0
0
0
0
0
0
0
0