0
0
0
0
0
0
0
0
0
0
0
0
0
0
0
0
0
0
0
0
0
0
0
0
0
0
0
0
0
0
0
0
0
0
0
0
0
0
0
0
0
0
0
0
0
0.211473
0.203765
0.189646
0.180918
0.174805
0.16956
0.164648
0.163295
0.162053
0
0
0
0
0
0
0
0
0
0
0
0
0
0
0
0
0
0
0
0
0
0
0
0
0
0
0
0
0
0
0
0
0
0
0
0
0
0
0
0
0
0
0
0
0
0
0
0
0
0
0
0
0
0
0
0
0
0
0
0
0
0
0
0
0.157324
0.159788
0.154678
0.152311
0.180091
0.209775
0.245358
0.290562
0.34863
0.204297
0.235692
0.281542
0.330137
0.315443
0.287731
0.25457
0.21234
0.159722
0.103556
0.0666972
0.0386142
0.0105311
0
0
0
0
0
0
0
0
0
0
0
0
0
0
0
0
0
0
0
0
0.235443
0.234795
0.225678
0.221753
0.220903
0.220903
0.221861
0.226065
0.235402
0
0
0
0
0
0
0
0
0
0
0
0
0
0
0
0
0
0
0
0
0
0
0
0
0
0
0
0
0
0
0
0
0
0
0
0
0
0
0
0
0
0
0
0
0
0
0
0
0
0
0
0