144 | 0
160 | 0
176 | 0
192 | 0
208 | 0
224 | 0
240 | 0
256 | 0
272 | 0
288 | 0
304 | 0
320 | 0
336 | 0
352 | 0
368 | 0
384 | 0
400 | 0
416 | 0
432 | 0
448 | 0
464 | 0
480 | 0
496 | 0
512 | 0
528 | 0
544 | 0
560 | 0
576 | 0
592 | 0
608 | 0
624 | 0
640 | 0
656 | 0
672 | 0
688 | 0
704 | 0
720 | 0
736 | 0
752 | 0
768 | 0
784 | 0
800 | 0
816 | 0
832 | 0
848 | 0
864 | 0
880 | 0
896 | 0
912 | 0
928 | 0
944 | 0
960 | 0
976 | 0
992 | 0
1008 | 0
1024 | 0.00104861
1040 | 0.0105448
1056 | 0.0345083
1072 | 0.0840002
1088 | 0.166282
1104 | 0.28878
1120 | 0.413635
1136 | 0.530388
1152 | 0.621221
1168 | 0.714496
1184 | 0.802274
1200 | 0.874331
1216 | 0.925789
1232 | 0.950914
1248 | 0.951806
1264 | 0.937608
1280 | 0.907329
1296 | 0.865851
1312 | 0.812696
1328 | 0.741782
1344 | 0.65652
1360 | 0.541664
1376 | 0.411628
1392 | 0.304427
1408 | 0.21053
1424 | 0.145911
1440 | 0.0987072
1456 | 0.054051
1472 | 0.0213753
1488 | 0.00367893
1504 | 0
1520 | 0
1536 | 0
1552 | 0
1568 | 0
1584 | 0
1600 | 0
1616 | 0
1632 | 0
1648 | 0
1664 | 0
1680 | 0
1696 | 0
1712 | 0
1728 | 0
1744 | 0
1760 | 0
1776 | 0
1792 | 0
1808 | 0
1824 | 0
1840 | 0
1856 | 0
1872 | 0
1888 | 0
1904 | 0.00108784
1920 | 0.010546
1936 | 0.0345123
1952 | 0.0840135
1968 | 0.166356
1984 | 0.288874
2000 | 0.413716
2016 | 0.530488
2032 | 0.619569
2048 | 0.707837
2064 | 0.801512
2080 | 0.877168
2096 | 0.92579
2112 | 0.939237
2128 | 0.920416
2144 | 0.884198
2160 | 0.827822
2176 | 0.763149
2192 | 0.694606
2208 | 0.592988
2224 | 0.474969
2240 | 0.357841
2256 | 0.241771
2272 | 0.131819
2288 | 0.0448097
2304 | 0.00503663
2320 | 0
2336 | 0
2352 | 0
2368 | 0
2384 | 0
2400 | 0
2416 | 0
2432 | 0
2448 | 0
2464 | 0
2480 | 0
2496 | 0
2512 | 0
2528 | 0
2544 | 0
2560 | 0
2576 | 0
2592 | 0
2608 | 0
2624 | 0
2640 | 0
2656 | 0
2672 | 0
2688 | 0
2704 | 0
2720 | 0
2736 | 0
2752 | 0
2768 | 0
2784 | 0
2800 | 0
2816 | 0
2832 | 0
2848 | 0
2864 | 0
2880 | 0
2896 | 0
2912 | 0
2928 | 0
2944 | 0
2960 | 0
2976 | 0
2992 | 0
3008 | 0
3024 | 0.00304254
3040 | 0.018376
3056 | 0.0453769
3072 | 0.0817721
3088 | 0.127886
3104 | 0.185967
3120 | 0.256576
3136 | 0.345879
3152 | 0.458012
3168 | 0.579299
3184 | 0.675438
3200 | 0.757252
3216 | 0.822283
3232 | 0.87876
3248 | 0.918068
3264 | 0.948805
3280 | 0.948716
3296 | 0.946388
3312 | 0.946887
3328 | 0.950482
3344 | 0.950118
3360 | 0.944176
3376 | 0.926577
3392 | 0.902789
3408 | 0.864493
3424 | 0.816655
3440 | 0.7621
3456 | 0.678364
3472 | 0.57984
3488 | 0.473588
3504 | 0.364275
3520 | 0.252107
3536 | 0.138961
3552 | 0.0465194
3568 | 0.00460701
3584 | 0
3600 | 0
3616 | 0
3632 | 0
3648 | 0
3664 | 0
Valeur de l'integrale : 736.39
