0
0
0
0
0
0
0
0
0
0
0
0
0
0
0
0
0
0
0
0
0
0
0
0
0
0
0
0
0
0
0
0
0
0
0
0
0
0
0
0
0
0
0
0
0.196674
0.18999
0.175758
0.165153
0.158494
0.153783
0.149709
0.148589
0.14756
0.146546
0
0
0
0
0
0
0
0
0
0
0
0
0
0
0
0
0
0
0
0
0
0
0
0
0
0
0
0
0
0
0
0
0
0
0
0
0
0
0
0
0
0
0
0
0
0
0
0
0
0
0
0
0
0
0
0
0
0
0
0
0
0
0
0.142668
0.144691
0.140488
0.138533
0.163697
0.19004
0.217845
0.252994
0.300221
0.358274
0.212379
0.236814
0.279454
0.311569
0.289084
0.262192
0.230595
0.19142
0.14375
0.0932005
0.0600275
0.0347527
0.00947802
0
0
0
0
0
0
0
0
0
0
0
0
0
0
0
0
0
0
0
0.217244
0.216691
0.208223
0.201022
0.197901
0.197262
0.197987
0.201328
0.208701
0.217209
0
0
0
0
0
0
0
0
0
0
0
0
0
0
0
0
0
0
0
0
0
0
0
0
0
0
0
0
0
0
0
0
0
0
0
0
0
0
0
0
0
0
0
0
0
0
0
0
0
0
0