0
0
0
0
0
0
0
0
0
0
0
0
0
0
0
0
0
0
0
0
0
0
0
0
0
0
0
0
0
0
0
0
0
0
0
0
0
0
0
0
0
0
0
0.183811
0.177959
0.165414
0.15452
0.146263
0.141016
0.137274
0.136314
0.135447
0.134592
0.133747
0
0
0
0
0
0
0
0
0
0
0
0
0
0
0
0
0
0
0
0
0
0
0
0
0
0
0
0
0
0
0
0
0
0
0
0
0
0
0
0
0
0
0
0
0
0
0
0
0
0
0
0
0
0
0
0
0
0
0
0
0
0
0.13051
0.1322
0.128683
0.127041
0.150039
0.174087
0.19891
0.226584
0.263616
0.311182
0.356737
0.214786
0.237797
0.26697
0.288785
0.26679
0.240817
0.210747
0.174253
0.130682
0.0847278
0.0545704
0.0315934
0.00861638
0
0
0
0
0
0
0
0
0
0
0
0
0
0
0
0
0
0
0.201656
0.20118
0.19386
0.187054
0.181222
0.178713
0.178784
0.181471
0.18744
0.194274
0.201626
0
0
0
0
0
0
0
0
0
0
0
0
0
0
0
0
0
0
0
0
0
0
0
0
0
0
0
0
0
0
0
0
0
0
0
0
0
0
0
0
0
0
0
0
0
0
0
0
0
0