176 | 0
192 | 0
208 | 0
224 | 0
240 | 0
256 | 0
272 | 0
288 | 0
304 | 0
320 | 0
336 | 0
352 | 0
368 | 0
384 | 0
400 | 0
416 | 0
432 | 0
448 | 0
464 | 0
480 | 0
496 | 0
512 | 0
528 | 0
544 | 0
560 | 0
576 | 0
592 | 0
608 | 0
624 | 0
640 | 0
656 | 0
672 | 0
688 | 0
704 | 0
720 | 0
736 | 0
752 | 0
768 | 0
784 | 0
800 | 0
816 | 0
832 | 0
848 | 0
864 | 0.183811
880 | 0.177959
896 | 0.165414
912 | 0.15452
928 | 0.146263
944 | 0.141016
960 | 0.137274
976 | 0.136314
992 | 0.135447
1008 | 0.134592
1024 | 0.134662
1040 | 0.00874469
1056 | 0.0276166
1072 | 0.0669437
1088 | 0.132029
1104 | 0.229347
1120 | 0.336298
1136 | 0.441205
1152 | 0.51541
1168 | 0.592822
1184 | 0.673362
1200 | 0.750994
1216 | 0.825724
1232 | 0.888811
1248 | 0.930073
1264 | 0.940887
1280 | 0.922276
1296 | 0.887811
1312 | 0.838361
1328 | 0.783037
1344 | 0.715989
1360 | 0.632769
1376 | 0.546045
1392 | 0.454274
1408 | 0.342587
1424 | 0.245699
1440 | 0.169906
1456 | 0.117139
1472 | 0.0786725
1488 | 0.0430688
1504 | 0.0170793
1520 | 0.00294801
1536 | 0
1552 | 0
1568 | 0
1584 | 0
1600 | 0
1616 | 0
1632 | 0
1648 | 0
1664 | 0
1680 | 0
1696 | 0
1712 | 0
1728 | 0
1744 | 0
1760 | 0
1776 | 0
1792 | 0
1808 | 0
1824 | 0
1840 | 0
1856 | 0
1872 | 0
1888 | 0
1904 | 0.000915272
1920 | 0.00903881
1936 | 0.0284722
1952 | 0.0669522
1968 | 0.132075
1984 | 0.229406
2000 | 0.336384
2016 | 0.441316
2032 | 0.64448
2048 | 0.718734
2064 | 0.804176
2080 | 0.885284
2096 | 0.97861
2112 | 1.0546
2128 | 1.10422
2144 | 1.12562
2160 | 1.12523
2176 | 1.11574
2192 | 1.09129
2208 | 0.886914
2224 | 0.846695
2240 | 0.779785
2256 | 0.69429
2272 | 0.569438
2288 | 0.443169
2304 | 0.319874
2320 | 0.211025
2336 | 0.134803
2352 | 0.0847278
2368 | 0.0545704
2384 | 0.0315934
2400 | 0.00861638
2416 | 0
2432 | 0
2448 | 0
2464 | 0
2480 | 0
2496 | 0
2512 | 0
2528 | 0
2544 | 0
2560 | 0
2576 | 0
2592 | 0
2608 | 0
2624 | 0
2640 | 0
2656 | 0
2672 | 0
2688 | 0
2704 | 0.201656
2720 | 0.20118
2736 | 0.19386
2752 | 0.187054
2768 | 0.181222
2784 | 0.178713
2800 | 0.178784
2816 | 0.181471
2832 | 0.18744
2848 | 0.194274
2864 | 0.201626
2880 | 0
2896 | 0
2912 | 0
2928 | 0
2944 | 0
2960 | 0
2976 | 0
2992 | 0
3008 | 0
3024 | 0.00262042
3040 | 0.0159451
3056 | 0.0395844
3072 | 0.0717822
3088 | 0.111625
3104 | 0.158206
3120 | 0.212606
3136 | 0.282021
3152 | 0.373149
3168 | 0.4771
3184 | 0.568865
3200 | 0.663646
3216 | 0.737531
3232 | 0.799116
3248 | 0.850308
3264 | 0.894152
3280 | 0.923739
3296 | 0.943559
3312 | 0.947188
3328 | 0.950277
3344 | 0.950354
3360 | 0.945602
3376 | 0.931254
3392 | 0.912235
3408 | 0.88155
3424 | 0.842133
3440 | 0.792221
3456 | 0.734415
3472 | 0.673702
3488 | 0.59435
3504 | 0.502891
3520 | 0.408231
3536 | 0.314047
3552 | 0.216561
3568 | 0.117715
3584 | 0.0389129
3600 | 0.00382875
3616 | 0
3632 | 0
3648 | 0
3664 | 0
Valeur de l'integrale : 875.737
