192 | 0
208 | 0
224 | 0
240 | 0
256 | 0
272 | 0
288 | 0
304 | 0
320 | 0
336 | 0
352 | 0
368 | 0
384 | 0
400 | 0
416 | 0
432 | 0
448 | 0
464 | 0
480 | 0
496 | 0
512 | 0
528 | 0
544 | 0
560 | 0
576 | 0
592 | 0
608 | 0
624 | 0
640 | 0
656 | 0
672 | 0
688 | 0
704 | 0
720 | 0
736 | 0
752 | 0
768 | 0
784 | 0
800 | 0
816 | 0
832 | 0
848 | 0
864 | 0
880 | 0
896 | 0
912 | 0
928 | 0
944 | 0
960 | 0
976 | 0
992 | 0
1008 | 0
1024 | 0.000846561
1040 | 0.00829651
1056 | 0.0258515
1072 | 0.0607736
1088 | 0.1197
1104 | 0.207948
1120 | 0.305268
1136 | 0.400941
1152 | 0.474766
1168 | 0.545989
1184 | 0.620113
1200 | 0.692118
1216 | 0.767776
1232 | 0.83673
1248 | 0.892322
1264 | 0.922646
1280 | 0.923952
1296 | 0.896923
1312 | 0.854885
1328 | 0.797757
1344 | 0.736541
1360 | 0.664239
1376 | 0.583515
1392 | 0.512582
1408 | 0.41605
1424 | 0.312719
1440 | 0.223935
1456 | 0.153741
1472 | 0.105928
1488 | 0.0713114
1504 | 0.0390936
1520 | 0.0155198
1536 | 0.00276243
1552 | 0
1568 | 0
1584 | 0
1600 | 0
1616 | 0
1632 | 0
1648 | 0
1664 | 0
1680 | 0
1696 | 0
1712 | 0
1728 | 0
1744 | 0
1760 | 0
1776 | 0
1792 | 0
1808 | 0
1824 | 0
1840 | 0
1856 | 0
1872 | 0
1888 | 0
1904 | 0.000846638
1920 | 0.00829726
1936 | 0.026651
1952 | 0.0625093
1968 | 0.119738
1984 | 0.207997
2000 | 0.305338
2016 | 0.401033
2032 | 0.473455
2048 | 0.539926
2064 | 0.623132
2080 | 0.700963
2096 | 0.771911
2112 | 0.829976
2128 | 0.870431
2144 | 0.884965
2160 | 0.869153
2176 | 0.823085
2192 | 0.763778
2208 | 0.694341
2224 | 0.634301
2240 | 0.573515
2256 | 0.480343
2272 | 0.377872
2288 | 0.28098
2304 | 0.187099
2320 | 0.100479
2336 | 0.033746
2352 | 0.00377747
2368 | 0
2384 | 0
2400 | 0
2416 | 0
2432 | 0
2448 | 0
2464 | 0
2480 | 0
2496 | 0
2512 | 0
2528 | 0
2544 | 0
2560 | 0
2576 | 0
2592 | 0
2608 | 0
2624 | 0
2640 | 0
2656 | 0
2672 | 0
2688 | 0
2704 | 0
2720 | 0
2736 | 0
2752 | 0
2768 | 0
2784 | 0
2800 | 0
2816 | 0
2832 | 0
2848 | 0
2864 | 0
2880 | 0
2896 | 0
2912 | 0
2928 | 0
2944 | 0
2960 | 0
2976 | 0
2992 | 0
3008 | 0
3024 | 0.00245043
3040 | 0.0149559
3056 | 0.0372095
3072 | 0.0676498
3088 | 0.105449
3104 | 0.149781
3120 | 0.199824
3136 | 0.260745
3152 | 0.342319
3168 | 0.437793
3184 | 0.522794
3200 | 0.613503
3216 | 0.690174
3232 | 0.761777
3248 | 0.812603
3264 | 0.861753
3280 | 0.896982
3296 | 0.922799
3312 | 0.945492
3328 | 0.949143
3344 | 0.95123
3360 | 0.944917
3376 | 0.934181
3392 | 0.914289
3408 | 0.889087
3424 | 0.850746
3440 | 0.809395
3456 | 0.752303
3472 | 0.69576
3488 | 0.636771
3504 | 0.559768
3520 | 0.472941
3536 | 0.384915
3552 | 0.294934
3568 | 0.202344
3584 | 0.109355
3600 | 0.035972
3616 | 0.00353054
3632 | 0
3648 | 0
3664 | 0
Valeur de l'integrale : 750.093
