208 | 0
224 | 0
240 | 0
256 | 0
272 | 0
288 | 0
304 | 0
320 | 0
336 | 0
352 | 0
368 | 0
384 | 0
400 | 0
416 | 0
432 | 0
448 | 0
464 | 0
480 | 0
496 | 0
512 | 0
528 | 0
544 | 0
560 | 0
576 | 0
592 | 0
608 | 0
624 | 0
640 | 0
656 | 0
672 | 0
688 | 0
704 | 0
720 | 0
736 | 0
752 | 0
768 | 0
784 | 0
800 | 0
816 | 0
832 | 0
848 | 0
864 | 0
880 | 0
896 | 0
912 | 0
928 | 0
944 | 0
960 | 0
976 | 0
992 | 0
1008 | 0
1024 | 0.000787512
1040 | 0.00772093
1056 | 0.0246251
1072 | 0.0571707
1088 | 0.109477
1104 | 0.190202
1120 | 0.27948
1136 | 0.367411
1152 | 0.433993
1168 | 0.50582
1184 | 0.574669
1200 | 0.641142
1216 | 0.712288
1232 | 0.782389
1248 | 0.843113
1264 | 0.887498
1280 | 0.907948
1296 | 0.900982
1312 | 0.867158
1328 | 0.81802
1344 | 0.753816
1360 | 0.687828
1376 | 0.617421
1392 | 0.551081
1408 | 0.474151
1424 | 0.38376
1440 | 0.287465
1456 | 0.204287
1472 | 0.140006
1488 | 0.09666
1504 | 0.0652099
1520 | 0.0357903
1536 | 0.0146172
1552 | 0.00252719
1568 | 0
1584 | 0
1600 | 0
1616 | 0
1632 | 0
1648 | 0
1664 | 0
1680 | 0
1696 | 0
1712 | 0
1728 | 0
1744 | 0
1760 | 0
1776 | 0
1792 | 0
1808 | 0
1824 | 0
1840 | 0
1856 | 0
1872 | 0
1888 | 0
1904 | 0.000787579
1920 | 0.00772158
1936 | 0.0246271
1952 | 0.0588088
1968 | 0.11239
1984 | 0.190242
2000 | 0.27954
2016 | 0.367488
2032 | 0.432768
2048 | 0.500028
2064 | 0.578305
2080 | 0.651089
2096 | 0.717466
2112 | 0.776989
2128 | 0.823907
2144 | 0.853627
2160 | 0.858068
2176 | 0.833959
2192 | 0.785991
2208 | 0.726929
2224 | 0.658301
2240 | 0.600505
2256 | 0.542019
2272 | 0.451738
2288 | 0.353766
2304 | 0.262206
2320 | 0.173984
2336 | 0.0931007
2352 | 0.0311798
2368 | 0.0034869
2384 | 0
2400 | 0
2416 | 0
2432 | 0
2448 | 0
2464 | 0
2480 | 0
2496 | 0
2512 | 0
2528 | 0
2544 | 0
2560 | 0
2576 | 0
2592 | 0
2608 | 0
2624 | 0
2640 | 0
2656 | 0
2672 | 0
2688 | 0
2704 | 0
2720 | 0
2736 | 0
2752 | 0
2768 | 0
2784 | 0
2800 | 0
2816 | 0
2832 | 0
2848 | 0
2864 | 0
2880 | 0
2896 | 0
2912 | 0
2928 | 0
2944 | 0
2960 | 0
2976 | 0
2992 | 0
3008 | 0
3024 | 0.00229636
3040 | 0.0140822
3056 | 0.0351034
3072 | 0.0639674
3088 | 0.0999208
3104 | 0.142207
3120 | 0.190066
3136 | 0.246084
3152 | 0.318719
3168 | 0.405305
3184 | 0.483685
3200 | 0.569023
3216 | 0.642642
3232 | 0.717468
3248 | 0.777766
3264 | 0.826852
3280 | 0.867045
3296 | 0.89815
3312 | 0.926455
3328 | 0.9475
3344 | 0.950121
3360 | 0.946144
3376 | 0.934353
3392 | 0.918411
3408 | 0.89272
3424 | 0.86059
3440 | 0.820426
3456 | 0.772503
3472 | 0.716215
3488 | 0.660971
3504 | 0.603752
3520 | 0.530287
3536 | 0.448924
3552 | 0.364253
3568 | 0.278014
3584 | 0.18988
3600 | 0.102104
3616 | 0.0334443
3632 | 0.00327543
3648 | 0
3664 | 0
Valeur de l'integrale : 754.852
