0
0
0
0
0
0
0
0
0
0
0
0
0
0
0
0
0
0
0
0
0
0
0
0
0
0
0
0
0
0
0
0
0
0
0
0
0
0
0
0
0.150968
0.149278
0.14059
0.132642
0.125545
0.119168
0.113408
0.110407
0.108899
0.108142
0.107585
0.107045
0.10651
0.105977
0
0
0
0
0
0
0
0
0
0
0
0
0
0
0
0
0
0
0
0
0
0
0
0
0
0
0
0
0
0
0
0
0
0
0
0
0
0
0
0
0
0
0
0
0
0
0
0
0
0
0
0
0
0
0
0
0
0
0
0.101194
0.103574
0.102747
0.101725
0.120002
0.139064
0.158618
0.179645
0.203701
0.230414
0.25235
0.276516
0.306749
0.333548
0.199771
0.205592
0.221956
0.23683
0.216664
0.193495
0.167497
0.13731
0.102679
0.0665718
0.0428768
0.0248234
0.00677002
0
0
0
0
0
0
0
0
0
0
0
0
0
0
0
0.165937
0.165614
0.160622
0.155921
0.151488
0.147321
0.143761
0.14196
0.143943
0.14756
0.151741
0.156189
0.160906
0.165917
0
0
0
0
0
0
0
0
0
0
0
0
0
0
0
0
0
0
0
0
0
0
0
0
0
0
0
0
0
0
0
0
0
0
0
0
0
0
0
0
0
0
0
0
0
0
0