224 | 0
240 | 0
256 | 0
272 | 0
288 | 0
304 | 0
320 | 0
336 | 0
352 | 0
368 | 0
384 | 0
400 | 0
416 | 0
432 | 0
448 | 0
464 | 0
480 | 0
496 | 0
512 | 0
528 | 0
544 | 0
560 | 0
576 | 0
592 | 0
608 | 0
624 | 0
640 | 0
656 | 0
672 | 0
688 | 0
704 | 0
720 | 0
736 | 0
752 | 0
768 | 0
784 | 0
800 | 0
816 | 0
832 | 0
848 | 0
864 | 0
880 | 0
896 | 0
912 | 0
928 | 0
944 | 0
960 | 0
976 | 0
992 | 0
1008 | 0
1024 | 0.000736164
1040 | 0.00722003
1056 | 0.0230355
1072 | 0.0546462
1088 | 0.103437
1104 | 0.175246
1120 | 0.25771
1136 | 0.339057
1152 | 0.399669
1168 | 0.465058
1184 | 0.535239
1200 | 0.597161
1216 | 0.66366
1232 | 0.729841
1248 | 0.791375
1264 | 0.841104
1280 | 0.875436
1296 | 0.88747
1312 | 0.873735
1328 | 0.833486
1344 | 0.77773
1360 | 0.707488
1376 | 0.643255
1392 | 0.586181
1408 | 0.513344
1424 | 0.441082
1440 | 0.355925
1456 | 0.264293
1472 | 0.187339
1488 | 0.128504
1504 | 0.0888833
1520 | 0.0600702
1536 | 0.0338557
1552 | 0.0134596
1568 | 0.00232886
1584 | 0
1600 | 0
1616 | 0
1632 | 0
1648 | 0
1664 | 0
1680 | 0
1696 | 0
1712 | 0
1728 | 0
1744 | 0
1760 | 0
1776 | 0
1792 | 0
1808 | 0
1824 | 0
1840 | 0
1856 | 0
1872 | 0
1888 | 0
1904 | 0.0007363
1920 | 0.00722059
1936 | 0.0230373
1952 | 0.0546519
1968 | 0.106209
1984 | 0.179516
2000 | 0.257761
2016 | 0.339122
2032 | 0.398521
2048 | 0.459527
2064 | 0.539346
2080 | 0.607841
2096 | 0.669589
2112 | 0.725587
2128 | 0.774543
2144 | 0.8108
2160 | 0.829999
2176 | 0.825933
2192 | 0.799792
2208 | 0.752095
2224 | 0.693472
2240 | 0.625818
2256 | 0.570128
2272 | 0.513802
2288 | 0.426349
2304 | 0.332551
2320 | 0.245785
2336 | 0.162588
2352 | 0.0867318
2368 | 0.0289764
2384 | 0.00323783
2400 | 0
2416 | 0
2432 | 0
2448 | 0
2464 | 0
2480 | 0
2496 | 0
2512 | 0
2528 | 0
2544 | 0
2560 | 0
2576 | 0
2592 | 0
2608 | 0
2624 | 0
2640 | 0
2656 | 0
2672 | 0
2688 | 0
2704 | 0
2720 | 0
2736 | 0
2752 | 0
2768 | 0
2784 | 0
2800 | 0
2816 | 0
2832 | 0
2848 | 0
2864 | 0
2880 | 0
2896 | 0
2912 | 0
2928 | 0
2944 | 0
2960 | 0
2976 | 0
2992 | 0
3008 | 0
3024 | 0.00212914
3040 | 0.0132799
3056 | 0.033223
3072 | 0.0606652
3088 | 0.0949432
3104 | 0.135363
3120 | 0.181216
3136 | 0.234809
3152 | 0.302262
3168 | 0.380029
3184 | 0.450869
3200 | 0.530614
3216 | 0.599952
3232 | 0.672607
3248 | 0.736147
3264 | 0.794313
3280 | 0.834501
3296 | 0.870299
3312 | 0.903655
3328 | 0.929902
3344 | 0.948553
3360 | 0.945411
3376 | 0.936247
3392 | 0.919609
3408 | 0.898284
3424 | 0.866066
3440 | 0.832475
3456 | 0.786033
3472 | 0.738828
3488 | 0.683431
3504 | 0.629566
3520 | 0.575251
3536 | 0.506332
3552 | 0.42737
3568 | 0.345696
3584 | 0.26293
3600 | 0.178862
3616 | 0.0957547
3632 | 0.0312486
3648 | 0.00305471
3664 | 0
Valeur de l'integrale : 759.698
