0
0
0
0
0
0
0
0
0
0
0
0
0
0
0
0
0
0
0
0
0
0
0
0
0
0
0
0
0
0
0
0
0
0
0
0
0
0
0
0.139902
0.139692
0.133673
0.126664
0.120176
0.114321
0.10901
0.105551
0.102982
0.10167
0.10101
0.100523
0.100051
0.0995814
0.0989314
0
0
0
0
0
0
0
0
0
0
0
0
0
0
0
0
0
0
0
0
0
0
0
0
0
0
0
0
0
0
0
0
0
0
0
0
0
0
0
0
0
0
0
0
0
0
0
0
0
0
0
0
0
0
0
0
0
0
0.0937736
0.0958134
0.0951053
0.0953646
0.112495
0.130324
0.148586
0.168137
0.190332
0.214826
0.234268
0.252365
0.275533
0.297422
0.317863
0.190152
0.195419
0.210145
0.223431
0.203894
0.181599
0.156772
0.128247
0.0958333
0.0621337
0.0400183
0.0231685
0.00631868
0
0
0
0
0
0
0
0
0
0
0
0
0
0
0.156686
0.156398
0.151938
0.147726
0.14374
0.139984
0.136765
0.134849
0.134911
0.136929
0.140199
0.143968
0.147966
0.152193
0.156668
0
0
0
0
0
0
0
0
0
0
0
0
0
0
0
0
0
0
0
0
0
0
0
0
0
0
0
0
0
0
0
0
0
0
0
0
0
0
0
0
0
0
0
0
0
0