0
0
0
0
0
0
0
0
0
0
0
0
0
0
0
0
0
0
0
0
0
0
0
0
0
0
0
0
0
0
0
0
0
0
0
0
0
0
0.130033
0.130165
0.125935
0.121022
0.115248
0.109852
0.104939
0.10173
0.0987452
0.0964935
0.0953402
0.0947595
0.0943314
0.0939135
0.0933352
0.0917695
0
0
0
0
0
0
0
0
0
0
0
0
0
0
0
0
0
0
0
0
0
0
0
0
0
0
0
0
0
0
0
0
0
0
0
0
0
0
0
0
0
0
0
0
0
0
0
0
0
0
0
0
0
0
0
0
0
0.0873668
0.0891348
0.0885216
0.0887462
0.105846
0.122618
0.139747
0.158015
0.17861
0.201214
0.218983
0.234945
0.25238
0.268357
0.284887
0.303587
0.181417
0.186205
0.199528
0.211467
0.192546
0.171082
0.147338
0.120306
0.0898438
0.0582503
0.0375172
0.0217205
0.00592376
0
0
0
0
0
0
0
0
0
0
0
0
0
0.148411
0.148154
0.144145
0.140348
0.136746
0.133342
0.130418
0.128675
0.128473
0.128732
0.130568
0.133538
0.136952
0.140565
0.144374
0.147067
0
0
0
0
0
0
0
0
0
0
0
0
0
0
0
0
0
0
0
0
0
0
0
0
0
0
0
0
0
0
0
0
0
0
0
0
0
0
0
0
0
0
0
0
0