0
0
0
0
0
0
0
0
0
0
0
0
0
0
0
0
0
0
0
0
0
0
0
0
0
0
0
0
0
0
0
0
0
0
0
0
0
0.12145
0.121579
0.11814
0.114644
0.110559
0.10572
0.101162
0.0981766
0.0953935
0.0927639
0.090774
0.0897526
0.0892378
0.0888561
0.0883382
0.0869344
0.0849421
0
0
0
0
0
0
0
0
0
0
0
0
0
0
0
0
0
0
0
0
0
0
0
0
0
0
0
0
0
0
0
0
0
0
0
0
0
0
0
0
0
0
0
0
0
0
0
0
0
0
0
0
0
0
0
0
0.0833792
0.0833265
0.0827904
0.0829869
0.0988764
0.115746
0.1319
0.149042
0.168248
0.189224
0.20557
0.220142
0.235574
0.24663
0.25811
0.273366
0.290539
0.173449
0.17782
0.189932
0.200719
0.182394
0.161716
0.138976
0.113291
0.0845588
0.0548239
0.0353103
0.0204428
0.00557531
0
0
0
0
0
0
0
0
0
0
0
0
0.140967
0.140735
0.137113
0.133673
0.130402
0.127302
0.124635
0.123042
0.122857
0.122857
0.123094
0.124771
0.127481
0.130589
0.13387
0.136182
0.136477
0
0
0
0
0
0
0
0
0
0
0
0
0
0
0
0
0
0
0
0
0
0
0
0
0
0
0
0
0
0
0
0
0
0
0
0
0
0
0
0
0
0
0
0