0
0
0
0
0
0
0
0
0
0
0
0
0
0
0
0
0
0
0
0
0
0
0
0
0
0
0
0
0
0
0
0
0
0
0
0
0.113929
0.114044
0.111024
0.108148
0.105212
0.101761
0.0976471
0.0948628
0.0922619
0.0897999
0.0874658
0.0856945
0.0847837
0.0843225
0.083849
0.0825832
0.0807834
0.0790602
0
0
0
0
0
0
0
0
0
0
0
0
0
0
0
0
0
0
0
0
0
0
0
0
0
0
0
0
0
0
0
0
0
0
0
0
0
0
0
0
0
0
0
0
0
0
0
0
0
0
0
0
0
0
0
0.0799203
0.0796915
0.0777562
0.0779295
0.0927678
0.108494
0.124861
0.141033
0.159022
0.178583
0.193706
0.207094
0.221224
0.230767
0.237948
0.248617
0.262741
0.278566
0.166151
0.170159
0.181217
0.191011
0.173259
0.153322
0.131511
0.10705
0.0798611
0.0517781
0.0333486
0.0193071
0.00526557
0
0
0
0
0
0
0
0
0
0
0
0.134234
0.134023
0.130735
0.127604
0.124619
0.121786
0.119342
0.117881
0.117711
0.117711
0.117711
0.117928
0.119467
0.121949
0.12479
0.126797
0.127053
0.126327
0
0
0
0
0
0
0
0
0
0
0
0
0
0
0
0
0
0
0
0
0
0
0
0
0
0
0
0
0
0
0
0
0
0
0
0
0
0
0
0
0
0
0