304 | 0
320 | 0
336 | 0
352 | 0
368 | 0
384 | 0
400 | 0
416 | 0
432 | 0
448 | 0
464 | 0
480 | 0
496 | 0
512 | 0
528 | 0
544 | 0
560 | 0
576 | 0
592 | 0
608 | 0
624 | 0
640 | 0
656 | 0
672 | 0
688 | 0
704 | 0
720 | 0
736 | 0
752 | 0
768 | 0
784 | 0
800 | 0
816 | 0
832 | 0
848 | 0
864 | 0.107286
880 | 0.107387
896 | 0.104706
912 | 0.102154
928 | 0.0997149
944 | 0.0972133
960 | 0.0942596
976 | 0.0917653
992 | 0.0893294
1008 | 0.0870194
1024 | 0.0854063
1040 | 0.0883209
1056 | 0.0987049
1072 | 0.121758
1088 | 0.159796
1104 | 0.215722
1120 | 0.276264
1136 | 0.334655
1152 | 0.375561
1168 | 0.337624
1184 | 0.379948
1200 | 0.427283
1216 | 0.480156
1232 | 0.533652
1248 | 0.582952
1264 | 0.627461
1280 | 0.660633
1296 | 0.68978
1312 | 0.716311
1328 | 0.738123
1344 | 0.750509
1360 | 0.750194
1376 | 0.734965
1392 | 0.711017
1408 | 0.661604
1424 | 0.604214
1440 | 0.541554
1456 | 0.489243
1472 | 0.434221
1488 | 0.375519
1504 | 0.318956
1520 | 0.25351
1536 | 0.190244
1552 | 0.134907
1568 | 0.0928402
1584 | 0.0645848
1600 | 0.0438971
1616 | 0.0242409
1632 | 0.00974805
1648 | 0.00171228
1664 | 0
1680 | 0
1696 | 0
1712 | 0
1728 | 0
1744 | 0
1760 | 0
1776 | 0
1792 | 0
1808 | 0
1824 | 0
1840 | 0
1856 | 0
1872 | 0
1888 | 0
1904 | 0.000579027
1920 | 0.0056459
1936 | 0.0178154
1952 | 0.0416897
1968 | 0.0801234
1984 | 0.137106
2000 | 0.199281
2016 | 0.259248
2032 | 0.374689
2048 | 0.416049
2064 | 0.466081
2080 | 0.512359
2096 | 0.574878
2112 | 0.634803
2128 | 0.691129
2144 | 0.743021
2160 | 0.782242
2176 | 0.817176
2192 | 0.847332
2208 | 0.876029
2224 | 0.901497
2240 | 0.915293
2256 | 0.912753
2272 | 0.893667
2288 | 0.85849
2304 | 0.816651
2320 | 0.769511
2336 | 0.61448
2352 | 0.570813
2368 | 0.506087
2384 | 0.438036
2400 | 0.352168
2416 | 0.268232
2432 | 0.189434
2448 | 0.122871
2464 | 0.0780437
2480 | 0.0490529
2496 | 0.0315934
2512 | 0.0182909
2528 | 0.00498843
2544 | 0
2560 | 0
2576 | 0
2592 | 0
2608 | 0
2624 | 0
2640 | 0
2656 | 0
2672 | 0
2688 | 0
2704 | 0.128115
2720 | 0.127923
2736 | 0.124924
2752 | 0.122062
2768 | 0.119328
2784 | 0.116728
2800 | 0.114481
2816 | 0.113136
2832 | 0.112979
2848 | 0.112979
2864 | 0.112979
2880 | 0.112979
2896 | 0.113179
2912 | 0.114596
2928 | 0.116878
2944 | 0.118622
2960 | 0.118846
2976 | 0.118211
2992 | 0.117357
3008 | 0
3024 | 0.00149181
3040 | 0.0094548
3056 | 0.0243036
3072 | 0.0457352
3088 | 0.0736641
3104 | 0.107743
3120 | 0.146806
3136 | 0.191044
3152 | 0.247661
3168 | 0.312147
3184 | 0.366012
3200 | 0.424357
3216 | 0.47116
3232 | 0.520537
3248 | 0.564757
3264 | 0.615081
3280 | 0.661263
3296 | 0.705605
3312 | 0.754214
3328 | 0.800235
3344 | 0.839039
3360 | 0.864619
3376 | 0.884049
3392 | 0.89425
3408 | 0.894898
3424 | 0.885685
3440 | 0.863552
3456 | 0.834542
3472 | 0.801503
3488 | 0.768811
3504 | 0.730605
3520 | 0.694624
3536 | 0.654194
3552 | 0.614134
3568 | 0.566524
3584 | 0.521295
3600 | 0.475072
3616 | 0.413561
3632 | 0.344635
3648 | 0.275516
3664 | 0.206727
Valeur de l'integrale : 913.47
