0
0
0
0
0
0
0
0
0
0
0
0
0
0
0
0
0
0
0
0
0
0
0
0
0
0
0
0
0
0
0
0
0
0
0
0.107286
0.107387
0.104706
0.102154
0.0997149
0.0972133
0.0942596
0.0917653
0.0893294
0.0870194
0.0848259
0.0827402
0.0811534
0.0803345
0.0798003
0.0786469
0.0770128
0.0754453
0.0758424
0
0
0
0
0
0
0
0
0
0
0
0
0
0
0
0
0
0
0
0
0
0
0
0
0
0
0
0
0
0
0
0
0
0
0
0
0
0
0
0
0
0
0
0
0
0
0
0
0
0
0
0
0
0
0.0758761
0.076526
0.0745817
0.0734531
0.08737
0.102097
0.117389
0.133813
0.150756
0.169074
0.183136
0.195506
0.208522
0.217162
0.223149
0.229857
0.239797
0.25291
0.26754
0.159443
0.16313
0.173266
0.182198
0.164996
0.145757
0.124807
0.10146
0.0756579
0.0490529
0.0315934
0.0182909
0.00498843
0
0
0
0
0
0
0
0
0
0
0.128115
0.127923
0.124924
0.122062
0.119328
0.116728
0.114481
0.113136
0.112979
0.112979
0.112979
0.112979
0.113179
0.114596
0.116878
0.118622
0.118846
0.118211
0.117357
0
0
0
0
0
0
0
0
0
0
0
0
0
0
0
0
0
0
0
0
0
0
0
0
0
0
0
0
0
0
0
0
0
0
0
0
0
0
0
0
0
0