304 | 0
320 | 0
336 | 0
352 | 0
368 | 0
384 | 0
400 | 0
416 | 0
432 | 0
448 | 0
464 | 0
480 | 0
496 | 0
512 | 0
528 | 0
544 | 0
560 | 0
576 | 0
592 | 0
608 | 0
624 | 0
640 | 0
656 | 0
672 | 0
688 | 0
704 | 0
720 | 0
736 | 0
752 | 0
768 | 0
784 | 0
800 | 0
816 | 0
832 | 0
848 | 0
864 | 0
880 | 0
896 | 0
912 | 0
928 | 0
944 | 0
960 | 0
976 | 0
992 | 0
1008 | 0
1024 | 0.000580431
1040 | 0.00558072
1056 | 0.0175515
1072 | 0.0414237
1088 | 0.0799953
1104 | 0.137075
1120 | 0.199251
1136 | 0.259209
1152 | 0.299718
1168 | 0.337624
1184 | 0.379948
1200 | 0.427283
1216 | 0.480156
1232 | 0.533652
1248 | 0.582952
1264 | 0.627461
1280 | 0.660633
1296 | 0.68978
1312 | 0.716311
1328 | 0.738123
1344 | 0.750509
1360 | 0.750194
1376 | 0.734965
1392 | 0.711017
1408 | 0.661604
1424 | 0.604214
1440 | 0.541554
1456 | 0.489243
1472 | 0.434221
1488 | 0.375519
1504 | 0.318956
1520 | 0.25351
1536 | 0.190244
1552 | 0.134907
1568 | 0.0928402
1584 | 0.0645848
1600 | 0.0438971
1616 | 0.0242409
1632 | 0.00974805
1648 | 0.00171228
1664 | 0
1680 | 0
1696 | 0
1712 | 0
1728 | 0
1744 | 0
1760 | 0
1776 | 0
1792 | 0
1808 | 0
1824 | 0
1840 | 0
1856 | 0
1872 | 0
1888 | 0
1904 | 0.000579027
1920 | 0.0056459
1936 | 0.0178154
1952 | 0.0416897
1968 | 0.0801234
1984 | 0.137106
2000 | 0.199281
2016 | 0.259248
2032 | 0.298813
2048 | 0.339523
2064 | 0.391499
2080 | 0.438906
2096 | 0.487508
2112 | 0.532706
2128 | 0.57374
2144 | 0.609208
2160 | 0.631486
2176 | 0.648102
2192 | 0.664196
2208 | 0.680523
2224 | 0.692975
2240 | 0.698131
2256 | 0.689604
2272 | 0.66381
2288 | 0.618693
2304 | 0.563742
2320 | 0.501971
2336 | 0.455037
2352 | 0.407683
2368 | 0.332821
2384 | 0.255838
2400 | 0.187172
2416 | 0.122475
2432 | 0.0646268
2448 | 0.0214109
2464 | 0.00238577
2480 | 0
2496 | 0
2512 | 0
2528 | 0
2544 | 0
2560 | 0
2576 | 0
2592 | 0
2608 | 0
2624 | 0
2640 | 0
2656 | 0
2672 | 0
2688 | 0
2704 | 0
2720 | 0
2736 | 0
2752 | 0
2768 | 0
2784 | 0
2800 | 0
2816 | 0
2832 | 0
2848 | 0
2864 | 0
2880 | 0
2896 | 0
2912 | 0
2928 | 0
2944 | 0
2960 | 0
2976 | 0
2992 | 0
3008 | 0
3024 | 0.00149181
3040 | 0.0094548
3056 | 0.0243036
3072 | 0.0457352
3088 | 0.0736641
3104 | 0.107743
3120 | 0.146806
3136 | 0.191044
3152 | 0.247661
3168 | 0.312147
3184 | 0.366012
3200 | 0.424357
3216 | 0.47116
3232 | 0.520537
3248 | 0.564757
3264 | 0.615081
3280 | 0.661263
3296 | 0.705605
3312 | 0.754214
3328 | 0.800235
3344 | 0.839039
3360 | 0.864619
3376 | 0.884049
3392 | 0.89425
3408 | 0.894898
3424 | 0.885685
3440 | 0.863552
3456 | 0.834542
3472 | 0.801503
3488 | 0.768811
3504 | 0.730605
3520 | 0.694624
3536 | 0.654194
3552 | 0.614134
3568 | 0.566524
3584 | 0.521295
3600 | 0.475072
3616 | 0.413561
3632 | 0.344635
3648 | 0.275516
3664 | 0.206727
Valeur de l'integrale : 778.973
