32 | 0
48 | 0
64 | 0
80 | 0
96 | 0
112 | 0
128 | 0
144 | 0
160 | 0
176 | 0
192 | 0
208 | 0
224 | 0
240 | 0
256 | 0
272 | 0
288 | 0
304 | 0
320 | 0
336 | 0
352 | 0
368 | 0
384 | 0
400 | 0
416 | 0
432 | 0
448 | 0
464 | 0
480 | 0
496 | 0
512 | 0
528 | 0
544 | 0
560 | 0
576 | 0
592 | 0
608 | 0
624 | 0
640 | 0
656 | 0
672 | 0
688 | 0
704 | 0
720 | 0
736 | 0
752 | 0
768 | 0
784 | 0
800 | 0
816 | 0
832 | 0
848 | 0
864 | 0
880 | 0
896 | 0
912 | 0
928 | 0
944 | 0
960 | 0
976 | 0
992 | 0
1008 | 0
1024 | 0.00523952
1040 | 0.0516467
1056 | 0.160367
1072 | 0.343124
1088 | 0.593214
1104 | 0.84008
1120 | 0.951997
1136 | 0.966378
1152 | 0.96609
1168 | 0.949182
1184 | 0.940228
1200 | 0.934672
1216 | 0.938692
1232 | 0.954465
1248 | 0.952362
1264 | 0.877451
1280 | 0.717172
1296 | 0.539952
1312 | 0.427122
1328 | 0.341103
1344 | 0.222787
1360 | 0.0960366
1376 | 0.0167683
1392 | 0
1408 | 0
1424 | 0
1440 | 0
1456 | 0
1472 | 0
1488 | 0
1504 | 0
1520 | 0
1536 | 0
1552 | 0
1568 | 0
1584 | 0
1600 | 0
1616 | 0
1632 | 0
1648 | 0
1664 | 0
1680 | 0
1696 | 0
1712 | 0
1728 | 0
1744 | 0
1760 | 0
1776 | 0
1792 | 0
1808 | 0
1824 | 0
1840 | 0
1856 | 0
1872 | 0
1888 | 0
1904 | 0.00523952
1920 | 0.0516467
1936 | 0.160367
1952 | 0.343189
1968 | 0.59409
1984 | 0.840643
2000 | 0.951577
2016 | 0.966378
2032 | 0.959056
2048 | 0.920243
2064 | 0.926758
2080 | 0.953795
2096 | 0.957092
2112 | 0.89865
2128 | 0.793273
2144 | 0.664977
2160 | 0.466946
2176 | 0.190674
2192 | 0.0226648
2208 | 0
2224 | 0
2240 | 0
2256 | 0
2272 | 0
2288 | 0
2304 | 0
2320 | 0
2336 | 0
2352 | 0
2368 | 0
2384 | 0
2400 | 0
2416 | 0
2432 | 0
2448 | 0
2464 | 0
2480 | 0
2496 | 0
2512 | 0
2528 | 0
2544 | 0
2560 | 0
2576 | 0
2592 | 0
2608 | 0
2624 | 0
2640 | 0
2656 | 0
2672 | 0
2688 | 0
2704 | 0
2720 | 0
2736 | 0
2752 | 0
2768 | 0
2784 | 0
2800 | 0
2816 | 0
2832 | 0
2848 | 0
2864 | 0
2880 | 0
2896 | 0
2912 | 0
2928 | 0
2944 | 0
2960 | 0
2976 | 0
2992 | 0
3008 | 0
3024 | 0.0110887
3040 | 0.0707661
3056 | 0.179092
3072 | 0.287223
3088 | 0.377419
3104 | 0.480645
3120 | 0.583535
3136 | 0.758504
3152 | 0.925552
3168 | 0.948692
3184 | 0.949291
3200 | 0.951426
3216 | 0.952019
3232 | 0.952019
3248 | 0.953068
3264 | 0.953068
3280 | 0.946487
3296 | 0.919611
3312 | 0.940382
3328 | 0.966378
3344 | 0.96566
3360 | 0.922356
3376 | 0.8425
3392 | 0.760025
3408 | 0.651279
3424 | 0.461017
3440 | 0.198057
3456 | 0.0207286
3472 | 0
3488 | 0
3504 | 0
3520 | 0
3536 | 0
3552 | 0
3568 | 0
3584 | 0
3600 | 0
3616 | 0
3632 | 0
3648 | 0
3664 | 0
Valeur de l'integrale : 710.1
