0
0
0
0
0
0
0
0
0
0
0
0
0
0
0
0
0
0
0
0
0
0
0
0
0
0
0
0
0
0
0
0
0
0
0.103216
0.101465
0.0990679
0.0967811
0.0945974
0.0925018
0.0903451
0.0887674
0.0865775
0.0844059
0.0823406
0.080374
0.0784991
0.0770679
0.0762196
0.0750743
0.0735786
0.0721464
0.0725095
0.0725506
0
0
0
0
0
0
0
0
0
0
0
0
0
0
0
0
0
0
0
0
0
0
0
0
0
0
0
0
0
0
0
0
0
0
0
0
0
0
0
0
0
0
0
0
0
0
0
0
0
0
0
0
0
0.0725403
0.0728101
0.0718021
0.0706138
0.0825658
0.0964122
0.11076
0.126113
0.143277
0.160527
0.17366
0.185146
0.1972
0.205072
0.210403
0.216018
0.222298
0.231582
0.243789
0.257354
0.153256
0.156659
0.165983
0.174163
0.157485
0.138903
0.118754
0.0964246
0.071875
0.0466003
0.0300137
0.0173764
0.00473901
0
0
0
0
0
0
0
0
0
0.12253
0.122354
0.119607
0.116981
0.114468
0.112073
0.11
0.108757
0.108613
0.108613
0.108613
0.108613
0.108613
0.108798
0.110107
0.11145
0.111636
0.111075
0.11032
0.109564
0
0
0
0
0
0
0
0
0
0
0
0
0
0
0
0
0
0
0
0
0
0
0
0
0
0
0
0
0
0
0
0
0
0
0
0
0
0
0
0
0