320 | 0
336 | 0
352 | 0
368 | 0
384 | 0
400 | 0
416 | 0
432 | 0
448 | 0
464 | 0
480 | 0
496 | 0
512 | 0
528 | 0
544 | 0
560 | 0
576 | 0
592 | 0
608 | 0
624 | 0
640 | 0
656 | 0
672 | 0
688 | 0
704 | 0
720 | 0
736 | 0
752 | 0
768 | 0
784 | 0
800 | 0
816 | 0
832 | 0
848 | 0
864 | 0.103216
880 | 0.101465
896 | 0.0990679
912 | 0.0967811
928 | 0.0945974
944 | 0.0925018
960 | 0.0903451
976 | 0.0887674
992 | 0.0865775
1008 | 0.0844059
1024 | 0.082904
1040 | 0.0857951
1056 | 0.0954765
1072 | 0.116807
1088 | 0.152625
1104 | 0.205922
1120 | 0.263944
1136 | 0.320022
1152 | 0.359057
1168 | 0.399968
1184 | 0.365449
1200 | 0.40356
1216 | 0.45334
1232 | 0.50363
1248 | 0.549551
1264 | 0.59066
1280 | 0.627162
1296 | 0.654322
1312 | 0.678931
1328 | 0.69962
1344 | 0.715215
1360 | 0.721765
1376 | 0.71968
1392 | 0.711795
1408 | 0.680871
1424 | 0.63277
1440 | 0.576706
1456 | 0.513875
1472 | 0.463475
1488 | 0.411187
1504 | 0.3554
1520 | 0.301758
1536 | 0.243952
1552 | 0.179486
1568 | 0.127288
1584 | 0.0876389
1600 | 0.0610238
1616 | 0.0415879
1632 | 0.0231217
1648 | 0.00933034
1664 | 0.00162146
1680 | 0
1696 | 0
1712 | 0
1728 | 0
1744 | 0
1760 | 0
1776 | 0
1792 | 0
1808 | 0
1824 | 0
1840 | 0
1856 | 0
1872 | 0
1888 | 0
1904 | 0.000553611
1920 | 0.00540869
1936 | 0.0171655
1952 | 0.0403072
1968 | 0.0768813
1984 | 0.131038
2000 | 0.190407
2016 | 0.24791
2032 | 0.358217
2048 | 0.395847
2064 | 0.44871
2080 | 0.492554
2096 | 0.543268
2112 | 0.599457
2128 | 0.652103
2144 | 0.700265
2160 | 0.743436
2176 | 0.775867
2192 | 0.803489
2208 | 0.830163
2224 | 0.857587
2240 | 0.877024
2256 | 0.886804
2272 | 0.883585
2288 | 0.864277
2304 | 0.829078
2320 | 0.787199
2336 | 0.740214
2352 | 0.590634
2368 | 0.548169
2384 | 0.484816
2400 | 0.418719
2416 | 0.336137
2432 | 0.255619
2448 | 0.180246
2464 | 0.116773
2480 | 0.0741415
2496 | 0.0466003
2512 | 0.0300137
2528 | 0.0173764
2544 | 0.00473901
2560 | 0
2576 | 0
2592 | 0
2608 | 0
2624 | 0
2640 | 0
2656 | 0
2672 | 0
2688 | 0
2704 | 0.12253
2720 | 0.122354
2736 | 0.119607
2752 | 0.116981
2768 | 0.114468
2784 | 0.112073
2800 | 0.11
2816 | 0.108757
2832 | 0.108613
2848 | 0.108613
2864 | 0.108613
2880 | 0.108613
2896 | 0.108613
2912 | 0.108798
2928 | 0.110107
2944 | 0.11145
2960 | 0.111636
2976 | 0.111075
2992 | 0.11032
3008 | 0.109564
3024 | 0.00143334
3040 | 0.0089204
3056 | 0.022931
3072 | 0.0431689
3088 | 0.0695646
3104 | 0.10199
3120 | 0.139985
3136 | 0.183952
3152 | 0.239026
3168 | 0.301725
3184 | 0.354221
3200 | 0.411301
3216 | 0.457158
3232 | 0.505712
3248 | 0.546569
3264 | 0.590858
3280 | 0.632727
3296 | 0.674642
3312 | 0.721703
3328 | 0.767327
3344 | 0.808969
3360 | 0.841354
3376 | 0.861362
3392 | 0.875543
3408 | 0.880366
3424 | 0.875578
3440 | 0.865204
3456 | 0.838986
3472 | 0.810406
3488 | 0.777681
3504 | 0.745472
3520 | 0.708652
3536 | 0.675283
3552 | 0.635342
3568 | 0.595774
3584 | 0.548814
3600 | 0.504379
3616 | 0.459104
3632 | 0.398941
3648 | 0.331789
3664 | 0.264652
Valeur de l'integrale : 915.165
