320 | 0
336 | 0
352 | 0
368 | 0
384 | 0
400 | 0
416 | 0
432 | 0
448 | 0
464 | 0
480 | 0
496 | 0
512 | 0
528 | 0
544 | 0
560 | 0
576 | 0
592 | 0
608 | 0
624 | 0
640 | 0
656 | 0
672 | 0
688 | 0
704 | 0
720 | 0
736 | 0
752 | 0
768 | 0
784 | 0
800 | 0
816 | 0
832 | 0
848 | 0
864 | 0
880 | 0
896 | 0
912 | 0
928 | 0
944 | 0
960 | 0
976 | 0
992 | 0
1008 | 0
1024 | 0.000563426
1040 | 0.00542112
1056 | 0.0169774
1072 | 0.0397393
1088 | 0.0764058
1104 | 0.130848
1120 | 0.190366
1136 | 0.247875
1152 | 0.286547
1168 | 0.327417
1184 | 0.365449
1200 | 0.40356
1216 | 0.45334
1232 | 0.50363
1248 | 0.549551
1264 | 0.59066
1280 | 0.627162
1296 | 0.654322
1312 | 0.678931
1328 | 0.69962
1344 | 0.715215
1360 | 0.721765
1376 | 0.71968
1392 | 0.711795
1408 | 0.680871
1424 | 0.63277
1440 | 0.576706
1456 | 0.513875
1472 | 0.463475
1488 | 0.411187
1504 | 0.3554
1520 | 0.301758
1536 | 0.243952
1552 | 0.179486
1568 | 0.127288
1584 | 0.0876389
1600 | 0.0610238
1616 | 0.0415879
1632 | 0.0231217
1648 | 0.00933034
1664 | 0.00162146
1680 | 0
1696 | 0
1712 | 0
1728 | 0
1744 | 0
1760 | 0
1776 | 0
1792 | 0
1808 | 0
1824 | 0
1840 | 0
1856 | 0
1872 | 0
1888 | 0
1904 | 0.000553611
1920 | 0.00540869
1936 | 0.0171655
1952 | 0.0403072
1968 | 0.0768813
1984 | 0.131038
2000 | 0.190407
2016 | 0.24791
2032 | 0.285676
2048 | 0.323037
2064 | 0.376908
2080 | 0.42194
2096 | 0.460702
2112 | 0.503045
2128 | 0.541343
2144 | 0.574152
2160 | 0.600159
2176 | 0.61534
2192 | 0.629829
2208 | 0.645017
2224 | 0.660387
2240 | 0.671952
2256 | 0.676401
2272 | 0.667567
2288 | 0.64198
2304 | 0.597496
2320 | 0.54341
2336 | 0.48286
2352 | 0.437378
2368 | 0.39151
2384 | 0.318833
2400 | 0.244556
2416 | 0.178652
2432 | 0.116716
2448 | 0.0614923
2464 | 0.0203483
2480 | 0.00226648
2496 | 0
2512 | 0
2528 | 0
2544 | 0
2560 | 0
2576 | 0
2592 | 0
2608 | 0
2624 | 0
2640 | 0
2656 | 0
2672 | 0
2688 | 0
2704 | 0
2720 | 0
2736 | 0
2752 | 0
2768 | 0
2784 | 0
2800 | 0
2816 | 0
2832 | 0
2848 | 0
2864 | 0
2880 | 0
2896 | 0
2912 | 0
2928 | 0
2944 | 0
2960 | 0
2976 | 0
2992 | 0
3008 | 0
3024 | 0.00143334
3040 | 0.0089204
3056 | 0.022931
3072 | 0.0431689
3088 | 0.0695646
3104 | 0.10199
3120 | 0.139985
3136 | 0.183952
3152 | 0.239026
3168 | 0.301725
3184 | 0.354221
3200 | 0.411301
3216 | 0.457158
3232 | 0.505712
3248 | 0.546569
3264 | 0.590858
3280 | 0.632727
3296 | 0.674642
3312 | 0.721703
3328 | 0.767327
3344 | 0.808969
3360 | 0.841354
3376 | 0.861362
3392 | 0.875543
3408 | 0.880366
3424 | 0.875578
3440 | 0.865204
3456 | 0.838986
3472 | 0.810406
3488 | 0.777681
3504 | 0.745472
3520 | 0.708652
3536 | 0.675283
3552 | 0.635342
3568 | 0.595774
3584 | 0.548814
3600 | 0.504379
3616 | 0.459104
3632 | 0.398941
3648 | 0.331789
3664 | 0.264652
Valeur de l'integrale : 780.397
