64 | 0
80 | 0
96 | 0
112 | 0
128 | 0
144 | 0
160 | 0
176 | 0
192 | 0
208 | 0
224 | 0
240 | 0
256 | 0
272 | 0
288 | 0
304 | 0
320 | 0
336 | 0
352 | 0
368 | 0
384 | 0
400 | 0
416 | 0
432 | 0
448 | 0
464 | 0
480 | 0
496 | 0
512 | 0
528 | 0
544 | 0
560 | 0
576 | 0
592 | 0
608 | 0
624 | 0
640 | 0
656 | 0
672 | 0
688 | 0
704 | 0
720 | 0
736 | 0
752 | 0
768 | 0
784 | 0
800 | 0
816 | 0
832 | 0
848 | 0
864 | 0
880 | 0
896 | 0
912 | 0
928 | 0
944 | 0
960 | 0
976 | 0
992 | 0
1008 | 0
1024 | 0.00261633
1040 | 0.0258234
1056 | 0.0828031
1072 | 0.197399
1088 | 0.378378
1104 | 0.605493
1120 | 0.792971
1136 | 0.908946
1152 | 0.958466
1168 | 0.959617
1184 | 0.953985
1200 | 0.941568
1216 | 0.93944
1232 | 0.945043
1248 | 0.945264
1264 | 0.922151
1280 | 0.853956
1296 | 0.726436
1312 | 0.572493
1328 | 0.432798
1344 | 0.319695
1360 | 0.217391
1376 | 0.119725
1392 | 0.0511364
1408 | 0.00892857
1424 | 0
1440 | 0
1456 | 0
1472 | 0
1488 | 0
1504 | 0
1520 | 0
1536 | 0
1552 | 0
1568 | 0
1584 | 0
1600 | 0
1616 | 0
1632 | 0
1648 | 0
1664 | 0
1680 | 0
1696 | 0
1712 | 0
1728 | 0
1744 | 0
1760 | 0
1776 | 0
1792 | 0
1808 | 0
1824 | 0
1840 | 0
1856 | 0
1872 | 0
1888 | 0
1904 | 0.00261707
1920 | 0.0258234
1936 | 0.0828031
1952 | 0.197418
1968 | 0.37866
1984 | 0.605761
2000 | 0.793295
2016 | 0.909222
2032 | 0.955004
2048 | 0.948705
2064 | 0.942872
2080 | 0.940282
2096 | 0.941632
2112 | 0.930128
2128 | 0.880624
2144 | 0.787053
2160 | 0.650092
2176 | 0.471309
2192 | 0.274539
2208 | 0.098792
2224 | 0.0113324
2240 | 0
2256 | 0
2272 | 0
2288 | 0
2304 | 0
2320 | 0
2336 | 0
2352 | 0
2368 | 0
2384 | 0
2400 | 0
2416 | 0
2432 | 0
2448 | 0
2464 | 0
2480 | 0
2496 | 0
2512 | 0
2528 | 0
2544 | 0
2560 | 0
2576 | 0
2592 | 0
2608 | 0
2624 | 0
2640 | 0
2656 | 0
2672 | 0
2688 | 0
2704 | 0
2720 | 0
2736 | 0
2752 | 0
2768 | 0
2784 | 0
2800 | 0
2816 | 0
2832 | 0
2848 | 0
2864 | 0
2880 | 0
2896 | 0
2912 | 0
2928 | 0
2944 | 0
2960 | 0
2976 | 0
2992 | 0
3008 | 0
3024 | 0.00558659
3040 | 0.0353973
3056 | 0.0931408
3072 | 0.176483
3088 | 0.280557
3104 | 0.386178
3120 | 0.480436
3136 | 0.611874
3152 | 0.749298
3168 | 0.867841
3184 | 0.939243
3200 | 0.950127
3216 | 0.950693
3232 | 0.951724
3248 | 0.952549
3264 | 0.952549
3280 | 0.949805
3296 | 0.937227
3312 | 0.94347
3328 | 0.944744
3344 | 0.953203
3360 | 0.945611
3376 | 0.905878
3392 | 0.841618
3408 | 0.75137
3424 | 0.63235
3440 | 0.481235
3456 | 0.283654
3472 | 0.100101
3488 | 0.00998789
3504 | 0
3520 | 0
3536 | 0
3552 | 0
3568 | 0
3584 | 0
3600 | 0
3616 | 0
3632 | 0
3648 | 0
3664 | 0
Valeur de l'integrale : 716.071
