176 | 0.641006
192 | 0.69922
208 | 0.750137
224 | 0.776365
240 | 0.775311
256 | 0.750385
272 | 0.702447
288 | 0.631729
304 | 0.54216
320 | 0.451187
336 | 0.366458
352 | 0.284851
368 | 0.210346
384 | 0.146641
400 | 0.0980357
416 | 0.0647146
432 | 0.0194705
448 | 0
464 | 0
480 | 0
496 | 0
512 | 0
528 | 0
544 | 0
560 | 0
576 | 0
592 | 0
608 | 0
624 | 0
640 | 0
656 | 0
672 | 0
688 | 0
704 | 0
720 | 0
736 | 0
752 | 0
768 | 0
784 | 0
800 | 0
816 | 0
832 | 0
848 | 0
864 | 0
880 | 0
896 | 0
912 | 0
928 | 0
944 | 0.00343407
960 | 0.0219156
976 | 0.0563811
992 | 0.106831
1008 | 0.173178
1024 | 0.254316
1040 | 0.378231
1056 | 0.490166
1072 | 0.588915
1088 | 0.676678
1104 | 0.738691
1120 | 0.788017
1136 | 0.813426
1152 | 0.814196
1168 | 0.790327
1184 | 0.742586
1200 | 0.684256
1216 | 0.615341
1232 | 0.548178
1248 | 0.486889
1264 | 0.432521
1280 | 0.431313
1296 | 0.480816
1312 | 0.541563
1328 | 0.608242
1344 | 0.679865
1360 | 0.738691
1376 | 0.788017
1392 | 0.813426
1408 | 0.814196
1424 | 0.790327
1440 | 0.742586
1456 | 0.684256
1472 | 0.615341
1488 | 0.548178
1504 | 0.487336
1520 | 0.439487
1536 | 0.455189
1552 | 0.525636
1568 | 0.598439
1584 | 0.668914
1600 | 0.719238
1616 | 0.768551
1632 | 0.805413
1648 | 0.820613
1664 | 0.834493
1680 | 0.847895
1696 | 0.857332
1712 | 0.865468
1728 | 0.867906
1744 | 0.86761
1760 | 0.865311
1776 | 0.870884
1792 | 0.881227
1808 | 0.896533
1824 | 0.911644
1840 | 0.91052
1856 | 0.890581
1872 | 0.864247
1888 | 0.83894
1904 | 0.818369
1920 | 0.806054
1936 | 0.801233
1952 | 0.799669
1968 | 0.790782
1984 | 0.77823
2000 | 0.789755
2016 | 0.821616
2032 | 0.860846
2048 | 0.887976
2064 | 0.896174
2080 | 0.882224
2096 | 0.84529
2112 | 0.78831
2128 | 0.711405
2144 | 0.63693
2160 | 0.578247
2176 | 0.498559
2192 | 0.387609
2208 | 0.26021
2224 | 0.181381
2240 | 0.13243
2256 | 0.115447
2272 | 0.130432
2288 | 0.177297
2304 | 0.254316
2320 | 0.378231
2336 | 0.490166
2352 | 0.573433
2368 | 0.640053
2384 | 0.689284
2400 | 0.717482
2416 | 0.71828
2432 | 0.705522
2448 | 0.692764
2464 | 0.683293
2480 | 0.679971
2496 | 0.670163
2512 | 0.668515
2528 | 0.680421
2544 | 0.702511
2560 | 0.718502
2576 | 0.740885
2592 | 0.765577
2608 | 0.778694
2624 | 0.76712
2640 | 0.740034
2656 | 0.709146
2672 | 0.677055
2688 | 0.643113
2704 | 0.615171
2720 | 0.611419
2736 | 0.638502
2752 | 0.656915
2768 | 0.687105
2784 | 0.741424
2800 | 0.802127
2816 | 0.848416
2832 | 0.880561
2848 | 0.907955
2864 | 0.923437
2880 | 0.92412
2896 | 0.919412
2912 | 0.919057
2928 | 0.925501
2944 | 0.926563
2960 | 0.912556
2976 | 0.885675
2992 | 0.853667
3008 | 0.808926
3024 | 0.737126
3040 | 0.653053
3056 | 0.578339
3072 | 0.505992
3088 | 0.411134
3104 | 0.292359
3120 | 0.214551
3136 | 0.148548
3152 | 0.100872
3168 | 0.0820256
3184 | 0.0910033
3200 | 0.12098
3216 | 0.154971
3232 | 0.18981
3248 | 0.219118
3264 | 0.262612
3280 | 0.343755
3296 | 0.439439
3312 | 0.537945
3328 | 0.629322
3344 | 0.712558
3360 | 0.781755
3376 | 0.837137
3392 | 0.880816
3408 | 0.913356
3424 | 0.934894
3440 | 0.945098
3456 | 0.945099
3472 | 0.926496
3488 | 0.817299
3504 | 0.702929
3520 | 0.583708
3536 | 0.468663
3552 | 0.364205
3568 | 0.27358
3584 | 0.199927
3600 | 0.14151
3616 | 0.0947471
3632 | 0.0564017
3648 | 0.0285217
3664 | 0.0110043
3680 | 0.00139697
3696 | 0
3712 | 0
3728 | 0
3744 | 0
3760 | 0
3776 | 0
3792 | 0
Valeur de l'integrale : 1808.23
