192 | 0.652059
208 | 0.702089
224 | 0.737713
240 | 0.748648
256 | 0.737769
272 | 0.707095
288 | 0.656575
304 | 0.589531
320 | 0.504055
336 | 0.41825
352 | 0.338635
368 | 0.262631
384 | 0.19371
400 | 0.135043
416 | 0.0902819
432 | 0.0595828
448 | 0.0178722
464 | 0
480 | 0
496 | 0
512 | 0
528 | 0
544 | 0
560 | 0
576 | 0
592 | 0
608 | 0
624 | 0
640 | 0
656 | 0
672 | 0
688 | 0
704 | 0
720 | 0
736 | 0
752 | 0
768 | 0
784 | 0
800 | 0
816 | 0
832 | 0
848 | 0
864 | 0
880 | 0
896 | 0
912 | 0
928 | 0
944 | 0.00313641
960 | 0.0200893
976 | 0.0516827
992 | 0.0979281
1008 | 0.158753
1024 | 0.233227
1040 | 0.348797
1056 | 0.454234
1072 | 0.548111
1088 | 0.63223
1104 | 0.690322
1120 | 0.738892
1136 | 0.773475
1152 | 0.785708
1168 | 0.774915
1184 | 0.741545
1200 | 0.696419
1216 | 0.652641
1232 | 0.598962
1248 | 0.548675
1264 | 0.505668
1280 | 0.469764
1296 | 0.501122
1312 | 0.543349
1328 | 0.593128
1344 | 0.649283
1360 | 0.69329
1376 | 0.738892
1392 | 0.773475
1408 | 0.785708
1424 | 0.774915
1440 | 0.741545
1456 | 0.696419
1472 | 0.652641
1488 | 0.598962
1504 | 0.549016
1520 | 0.510898
1536 | 0.49018
1552 | 0.541109
1568 | 0.596332
1584 | 0.652407
1600 | 0.690291
1616 | 0.728233
1632 | 0.763768
1648 | 0.787729
1664 | 0.810858
1680 | 0.833154
1696 | 0.851763
1712 | 0.867432
1728 | 0.876663
1744 | 0.878578
1760 | 0.876701
1776 | 0.873594
1792 | 0.877554
1808 | 0.883621
1824 | 0.889214
1840 | 0.895029
1856 | 0.885147
1872 | 0.86688
1888 | 0.852081
1904 | 0.837704
1920 | 0.827538
1936 | 0.820753
1952 | 0.817383
1968 | 0.807724
1984 | 0.788783
2000 | 0.786836
2016 | 0.806782
2032 | 0.835073
2048 | 0.861664
2064 | 0.879727
2080 | 0.877026
2096 | 0.852795
2112 | 0.806276
2128 | 0.74001
2144 | 0.66265
2160 | 0.591818
2176 | 0.537136
2192 | 0.461984
2208 | 0.357422
2224 | 0.241749
2240 | 0.183207
2256 | 0.152988
2272 | 0.152072
2288 | 0.180378
2304 | 0.236986
2320 | 0.348797
2336 | 0.454234
2352 | 0.53253
2368 | 0.595507
2384 | 0.642282
2400 | 0.671499
2416 | 0.68344
2432 | 0.68344
2448 | 0.68344
2464 | 0.686225
2480 | 0.692471
2496 | 0.700354
2512 | 0.701768
2528 | 0.701768
2544 | 0.711476
2560 | 0.714091
2576 | 0.720016
2592 | 0.729407
2608 | 0.740943
2624 | 0.741664
2640 | 0.730128
2656 | 0.716149
2672 | 0.698729
2688 | 0.68052
2704 | 0.65991
2720 | 0.656648
2736 | 0.656648
2752 | 0.662963
2768 | 0.678727
2784 | 0.718395
2800 | 0.765494
2816 | 0.809168
2832 | 0.850839
2848 | 0.887969
2864 | 0.912721
2880 | 0.920629
2896 | 0.920597
2912 | 0.922599
2928 | 0.922599
2944 | 0.922791
2960 | 0.916543
2976 | 0.892918
2992 | 0.856282
3008 | 0.814846
3024 | 0.761307
3040 | 0.688773
3056 | 0.607869
3072 | 0.543263
3088 | 0.479194
3104 | 0.380647
3120 | 0.269096
3136 | 0.194728
3152 | 0.136082
3168 | 0.104455
3184 | 0.0996484
3200 | 0.115845
3216 | 0.14467
3232 | 0.177306
3248 | 0.214751
3264 | 0.260471
3280 | 0.320895
3296 | 0.41132
3312 | 0.499774
3328 | 0.582192
3344 | 0.663056
3360 | 0.73689
3376 | 0.797151
3392 | 0.845912
3408 | 0.884889
3424 | 0.91426
3440 | 0.933831
3456 | 0.942927
3472 | 0.928835
3488 | 0.832765
3504 | 0.728441
3520 | 0.620837
3536 | 0.515709
3552 | 0.415123
3568 | 0.324452
3584 | 0.248375
3600 | 0.186113
3616 | 0.134363
3632 | 0.089239
3648 | 0.053184
3664 | 0.0269188
3680 | 0.0103555
3696 | 0.00131377
3712 | 0
3728 | 0
3744 | 0
3760 | 0
3776 | 0
3792 | 0
Valeur de l'integrale : 1809.02
