272 | 0.591934
288 | 0.591934
304 | 0.590089
320 | 0.580157
336 | 0.561636
352 | 0.534291
368 | 0.494962
384 | 0.44193
400 | 0.372982
416 | 0.30641
432 | 0.245455
448 | 0.188938
464 | 0.138814
480 | 0.0967729
496 | 0.0646768
512 | 0.0425466
528 | 0.012635
544 | 0
560 | 0
576 | 0
592 | 0
608 | 0
624 | 0
640 | 0
656 | 0
672 | 0
688 | 0
704 | 0
720 | 0
736 | 0
752 | 0
768 | 0
784 | 0
800 | 0
816 | 0
832 | 0
848 | 0
864 | 0
880 | 0
896 | 0
912 | 0
928 | 0
944 | 0.0022156
960 | 0.0141395
976 | 0.0363761
992 | 0.0689252
1008 | 0.111751
1024 | 0.164445
1040 | 0.251097
1056 | 0.3324
1072 | 0.407083
1088 | 0.475922
1104 | 0.520057
1120 | 0.556647
1136 | 0.584564
1152 | 0.603808
1168 | 0.614379
1184 | 0.616615
1200 | 0.618478
1216 | 0.626643
1232 | 0.635316
1248 | 0.64399
1264 | 0.652486
1280 | 0.659593
1296 | 0.672721
1312 | 0.67484
1328 | 0.67484
1344 | 0.67484
1360 | 0.660312
1376 | 0.653205
1392 | 0.644532
1408 | 0.635859
1424 | 0.627185
1440 | 0.618851
1456 | 0.618478
1472 | 0.626643
1488 | 0.635316
1504 | 0.644171
1520 | 0.654824
1536 | 0.667547
1552 | 0.689261
1568 | 0.700331
1584 | 0.708871
1600 | 0.703127
1616 | 0.691407
1632 | 0.684331
1648 | 0.674775
1664 | 0.680497
1680 | 0.70048
1696 | 0.731858
1712 | 0.777177
1728 | 0.820043
1744 | 0.852896
1760 | 0.875901
1776 | 0.891052
1792 | 0.8992
1808 | 0.900315
1824 | 0.891207
1840 | 0.873501
1856 | 0.847817
1872 | 0.82901
1888 | 0.822112
1904 | 0.828301
1920 | 0.846867
1936 | 0.86161
1952 | 0.870024
1968 | 0.869598
1984 | 0.858263
2000 | 0.848749
2016 | 0.844744
2032 | 0.842712
2048 | 0.834781
2064 | 0.821773
2080 | 0.80547
2096 | 0.790232
2112 | 0.774993
2128 | 0.759594
2144 | 0.739664
2160 | 0.709117
2176 | 0.668448
2192 | 0.618022
2208 | 0.55848
2224 | 0.49546
2240 | 0.449653
2256 | 0.428798
2272 | 0.401076
2288 | 0.363969
2304 | 0.33245
2320 | 0.360754
2336 | 0.397613
2352 | 0.426694
2368 | 0.455177
2384 | 0.48128
2400 | 0.501771
2416 | 0.512603
2432 | 0.52288
2448 | 0.542046
2464 | 0.572931
2480 | 0.615311
2496 | 0.663055
2512 | 0.708103
2528 | 0.743034
2544 | 0.767906
2560 | 0.774602
2576 | 0.769231
2592 | 0.746902
2608 | 0.712611
2624 | 0.675201
2640 | 0.643646
2656 | 0.629276
2672 | 0.635281
2688 | 0.660617
2704 | 0.693565
2720 | 0.728735
2736 | 0.753892
2752 | 0.760098
2768 | 0.758332
2784 | 0.759085
2800 | 0.759085
2816 | 0.750751
2832 | 0.753046
2848 | 0.769396
2864 | 0.792404
2880 | 0.814696
2896 | 0.843103
2912 | 0.876521
2928 | 0.901333
2944 | 0.913706
2960 | 0.914324
2976 | 0.902992
2992 | 0.880441
3008 | 0.847334
3024 | 0.811529
3040 | 0.772911
3056 | 0.7245
3072 | 0.674935
3088 | 0.633419
3104 | 0.588103
3120 | 0.528339
3136 | 0.459618
3152 | 0.401389
3168 | 0.347779
3184 | 0.286129
3200 | 0.229348
3216 | 0.206236
3232 | 0.193615
3248 | 0.193757
3264 | 0.216299
3280 | 0.26177
3296 | 0.32837
3312 | 0.397736
3328 | 0.459156
3344 | 0.512525
3360 | 0.561955
3376 | 0.610527
3392 | 0.654463
3408 | 0.699468
3424 | 0.745906
3440 | 0.790285
3456 | 0.828229
3472 | 0.851121
3488 | 0.813614
3504 | 0.76642
3520 | 0.71174
3536 | 0.652869
3552 | 0.590065
3568 | 0.524097
3584 | 0.461028
3600 | 0.406129
3616 | 0.354194
3632 | 0.29778
3648 | 0.243054
3664 | 0.191734
3680 | 0.145008
3696 | 0.104091
3712 | 0.0697471
3728 | 0.0420188
3744 | 0.0214772
3760 | 0.00823362
3776 | 0.0010377
3792 | 0
Valeur de l'integrale : 1802.79
