288 | 0.564363
304 | 0.564363
320 | 0.562604
336 | 0.553135
352 | 0.535477
368 | 0.509394
384 | 0.471739
400 | 0.420856
416 | 0.354543
432 | 0.290855
448 | 0.232651
464 | 0.178899
480 | 0.131369
496 | 0.0915553
512 | 0.0610648
528 | 0.0402665
544 | 0.011942
560 | 0
576 | 0
592 | 0
608 | 0
624 | 0
640 | 0
656 | 0
672 | 0
688 | 0
704 | 0
720 | 0
736 | 0
752 | 0
768 | 0
784 | 0
800 | 0
816 | 0
832 | 0
848 | 0
864 | 0
880 | 0
896 | 0
912 | 0
928 | 0
944 | 0.00209285
960 | 0.0133562
976 | 0.0343607
992 | 0.0651065
1008 | 0.105561
1024 | 0.155314
1040 | 0.237223
1056 | 0.315477
1072 | 0.38716
1088 | 0.453498
1104 | 0.495609
1120 | 0.530479
1136 | 0.557084
1152 | 0.575423
1168 | 0.585497
1184 | 0.587628
1200 | 0.589403
1216 | 0.59896
1232 | 0.615007
1248 | 0.631538
1264 | 0.647902
1280 | 0.66276
1296 | 0.681666
1312 | 0.695005
1328 | 0.696959
1344 | 0.696959
1360 | 0.684351
1376 | 0.664132
1392 | 0.649102
1408 | 0.632571
1424 | 0.61604
1440 | 0.599832
1456 | 0.591534
1472 | 0.59896
1488 | 0.615007
1504 | 0.631717
1520 | 0.65016
1536 | 0.670277
1552 | 0.697026
1568 | 0.71718
1584 | 0.726434
1600 | 0.721267
1616 | 0.710611
1632 | 0.692515
1648 | 0.677479
1664 | 0.675963
1680 | 0.688435
1696 | 0.712199
1712 | 0.75084
1728 | 0.793299
1744 | 0.831713
1760 | 0.86027
1776 | 0.880806
1792 | 0.894395
1808 | 0.900129
1824 | 0.895516
1840 | 0.880918
1856 | 0.857676
1872 | 0.833286
1888 | 0.822375
1904 | 0.822181
1920 | 0.833526
1936 | 0.853162
1952 | 0.867347
1968 | 0.871101
1984 | 0.865656
2000 | 0.85921
2016 | 0.855562
2032 | 0.852212
2048 | 0.844018
2064 | 0.831054
2080 | 0.811214
2096 | 0.788218
2112 | 0.76631
2128 | 0.744687
2144 | 0.727987
2160 | 0.708488
2176 | 0.678613
2192 | 0.639029
2208 | 0.59015
2224 | 0.534128
2240 | 0.481271
2256 | 0.446148
2272 | 0.435085
2288 | 0.417754
2304 | 0.391649
2320 | 0.389287
2336 | 0.415134
2352 | 0.433649
2368 | 0.451983
2384 | 0.468359
2400 | 0.479807
2416 | 0.487937
2432 | 0.49772
2448 | 0.515963
2464 | 0.545535
2480 | 0.586316
2496 | 0.634109
2512 | 0.68556
2528 | 0.727337
2544 | 0.759024
2560 | 0.7726
2576 | 0.773234
2592 | 0.760747
2608 | 0.731506
2624 | 0.690346
2640 | 0.653755
2656 | 0.63143
2672 | 0.625796
2688 | 0.639611
2704 | 0.670547
2720 | 0.712909
2736 | 0.746608
2752 | 0.76179
2768 | 0.767298
2784 | 0.773104
2800 | 0.774062
2816 | 0.766627
2832 | 0.758645
2848 | 0.768228
2864 | 0.783142
2880 | 0.797606
2896 | 0.818226
2912 | 0.850696
2928 | 0.881891
2944 | 0.900373
2960 | 0.907316
2976 | 0.901374
2992 | 0.883889
3008 | 0.854876
3024 | 0.815592
3040 | 0.778907
3056 | 0.741289
3072 | 0.696114
3088 | 0.648319
3104 | 0.606019
3120 | 0.561904
3136 | 0.499953
3152 | 0.432449
3168 | 0.382589
3184 | 0.340749
3200 | 0.289776
3216 | 0.239506
3232 | 0.219495
3248 | 0.211314
3264 | 0.224443
3280 | 0.259581
3296 | 0.31576
3312 | 0.380727
3328 | 0.440213
3344 | 0.495743
3360 | 0.543939
3376 | 0.586988
3392 | 0.62943
3408 | 0.668422
3424 | 0.709247
3440 | 0.752115
3456 | 0.793552
3472 | 0.820872
3488 | 0.792068
3504 | 0.753011
3520 | 0.706234
3536 | 0.657344
3552 | 0.604733
3568 | 0.548585
3584 | 0.49253
3600 | 0.439749
3616 | 0.392124
3632 | 0.339655
3648 | 0.285273
3664 | 0.232662
3680 | 0.183458
3696 | 0.138984
3712 | 0.100187
3728 | 0.0671522
3744 | 0.0404676
3760 | 0.0206883
3776 | 0.00791724
3792 | 0.000995465
Valeur de l'integrale : 1801.18
