304 | 0.539247
320 | 0.539247
336 | 0.537566
352 | 0.528518
368 | 0.511646
384 | 0.486713
400 | 0.450597
416 | 0.401701
432 | 0.337841
448 | 0.276803
464 | 0.221118
480 | 0.169872
496 | 0.124646
512 | 0.0867018
528 | 0.0579639
544 | 0.0382183
560 | 0.011321
576 | 0
592 | 0
608 | 0
624 | 0
640 | 0
656 | 0
672 | 0
688 | 0
704 | 0
720 | 0
736 | 0
752 | 0
768 | 0
784 | 0
800 | 0
816 | 0
832 | 0
848 | 0
864 | 0
880 | 0
896 | 0
912 | 0
928 | 0
944 | 0.00198298
960 | 0.012655
976 | 0.032557
992 | 0.0616888
1008 | 0.100022
1024 | 0.147186
1040 | 0.225236
1056 | 0.299555
1072 | 0.369096
1088 | 0.433092
1104 | 0.473356
1120 | 0.506661
1136 | 0.532071
1152 | 0.549587
1168 | 0.559208
1184 | 0.561243
1200 | 0.562939
1216 | 0.572067
1232 | 0.58909
1248 | 0.61231
1264 | 0.635837
1280 | 0.657932
1296 | 0.683627
1312 | 0.702298
1328 | 0.714051
1344 | 0.715862
1360 | 0.704787
1376 | 0.686835
1392 | 0.659733
1408 | 0.637474
1424 | 0.613791
1440 | 0.590416
1456 | 0.574596
1472 | 0.574103
1488 | 0.58909
1504 | 0.61249
1520 | 0.638068
1536 | 0.665222
1552 | 0.69826
1568 | 0.723057
1584 | 0.740028
1600 | 0.736987
1616 | 0.727226
1632 | 0.710551
1648 | 0.685517
1664 | 0.678468
1680 | 0.683858
1696 | 0.700412
1712 | 0.732203
1728 | 0.768572
1744 | 0.806641
1760 | 0.84023
1776 | 0.865917
1792 | 0.884566
1808 | 0.895454
1824 | 0.89553
1840 | 0.885833
1856 | 0.866048
1872 | 0.843871
1888 | 0.826781
1904 | 0.822427
1920 | 0.827461
1936 | 0.840322
1952 | 0.859109
1968 | 0.868499
1984 | 0.867307
2000 | 0.866182
2016 | 0.864841
2032 | 0.861755
2048 | 0.853062
2064 | 0.840213
2080 | 0.820842
2096 | 0.794523
2112 | 0.765331
2128 | 0.737559
2144 | 0.71499
2160 | 0.698905
2176 | 0.679833
2192 | 0.650625
2208 | 0.612091
2224 | 0.566314
2240 | 0.519347
2256 | 0.47654
2272 | 0.451299
2288 | 0.449004
2304 | 0.440299
2320 | 0.43844
2336 | 0.43844
2352 | 0.448307
2368 | 0.457316
2384 | 0.464748
2400 | 0.467617
2416 | 0.467617
2432 | 0.474869
2448 | 0.492275
2464 | 0.520639
2480 | 0.559931
2496 | 0.606053
2512 | 0.657868
2528 | 0.705669
2544 | 0.743813
2560 | 0.763902
2576 | 0.771367
2592 | 0.764948
2608 | 0.745901
2624 | 0.710109
2640 | 0.669516
2656 | 0.641816
2672 | 0.628054
2688 | 0.630336
2704 | 0.650086
2720 | 0.690839
2736 | 0.731221
2752 | 0.754556
2768 | 0.768508
2784 | 0.780616
2800 | 0.786042
2816 | 0.780235
2832 | 0.773028
2848 | 0.772778
2864 | 0.781516
2880 | 0.788641
2896 | 0.801934
2912 | 0.827185
2928 | 0.857534
2944 | 0.881694
2960 | 0.894689
2976 | 0.895083
2992 | 0.883049
3008 | 0.859845
3024 | 0.824957
3040 | 0.784541
3056 | 0.748806
3072 | 0.714094
3088 | 0.670178
3104 | 0.621865
3120 | 0.580627
3136 | 0.533979
3152 | 0.472516
3168 | 0.41273
3184 | 0.373715
3200 | 0.340673
3216 | 0.295675
3232 | 0.25044
3248 | 0.23521
3264 | 0.239726
3280 | 0.265335
3296 | 0.311433
3312 | 0.366973
3328 | 0.422771
3344 | 0.476741
3360 | 0.526884
3376 | 0.568755
3392 | 0.606485
3408 | 0.64407
3424 | 0.679057
3440 | 0.716432
3456 | 0.756313
3472 | 0.787754
3488 | 0.76748
3504 | 0.736024
3520 | 0.696232
3536 | 0.654103
3552 | 0.610672
3568 | 0.564006
3584 | 0.517335
3600 | 0.471168
3616 | 0.425487
3632 | 0.377005
3648 | 0.326263
3664 | 0.273774
3680 | 0.223143
3696 | 0.176192
3712 | 0.133984
3728 | 0.0965888
3744 | 0.0647434
3760 | 0.0390268
3776 | 0.0199552
3792 | 0.00762118
Valeur de l'integrale : 1799.79
