x, y, height, width
40,3040,16,16
40,3056,16,16
56,3040,16,16
56,3056,16,16
72,448,16,16
72,464,16,16
72,472,16,16
72,480,16,16
72,488,16,16
72,496,16,16
72,848,16,16
72,864,16,16
72,880,16,16
72,896,16,16
72,912,16,16
72,1104,16,16
72,1120,16,16
72,1128,16,16
72,1136,16,16
72,1144,16,16
72,1152,16,16
72,1296,16,16
72,1304,16,16
72,1312,16,16
72,1328,16,16
72,1344,16,16
72,1352,16,16
72,1360,16,16
72,1472,16,16
72,1480,16,16
72,1488,16,16
72,1496,16,16
72,1504,16,16
72,1512,16,16
72,1520,16,16
72,2000,16,16
72,2016,16,16
72,2024,16,16
72,2032,16,16
72,2040,16,16
72,2048,16,16
72,2624,16,16
72,2632,16,16
72,2640,16,16
72,2648,16,16
72,2656,16,16
72,2664,16,16
72,2672,16,16
72,2680,16,16
72,2688,16,16
72,2752,16,16
72,2976,16,16
72,3040,16,16
72,3056,16,16
88,3040,16,16
88,3056,16,16
104,3040,16,16
104,3056,16,16
120,384,16,16
120,2080,16,32
120,3040,16,16
120,3056,16,16
136,240,16,16
136,256,16,16
136,272,16,16
136,368,16,16
136,384,16,16
136,448,16,16
136,544,16,16
136,736,16,32
136,848,16,16
136,864,16,16
136,880,16,16
136,896,16,16
136,912,16,16
136,1088,16,16
136,1184,16,32
136,1264,16,16
136,1280,16,16
136,1296,16,16
136,1312,16,16
136,1360,16,16
136,1376,16,16
136,1392,16,16
136,1648,16,32
136,1952,16,32
136,2080,16,32
136,2576,16,16
136,2720,16,16
136,2960,16,16
136,2968,16,16
136,2976,16,16
136,3040,16,16
136,3056,16,16
138,2080,16,32
140,2080,16,32
142,2080,16,32
144,2080,16,32
146,2080,16,32
148,2080,16,32
150,2080,16,32
152,352,16,16
152,368,16,16
152,384,16,16
152,544,16,16
152,736,16,32
152,1184,16,32
152,1648,16,32
152,1952,16,32
152,2016,16,32
152,2080,16,32
152,2464,16,16
152,2816,16,32
152,3040,16,16
152,3056,16,16
154,736,16,32
154,1184,16,32
154,1648,16,32
154,1952,16,32
154,2080,16,32
156,736,16,32
156,1184,16,32
156,1648,16,32
156,1952,16,32
156,2080,16,32
158,736,16,32
158,1184,16,32
158,1648,16,32
158,1952,16,32
158,2080,16,32
160,736,16,32
160,1184,16,32
160,1648,16,32
160,1952,16,32
160,2080,16,32
162,736,16,32
162,1184,16,32
162,1648,16,32
162,1952,16,32
162,2080,16,32
164,736,16,32
164,1184,16,32
164,1648,16,32
164,1952,16,32
164,2080,16,32
166,736,16,32
166,1184,16,32
166,1648,16,32
166,1952,16,32
166,2080,16,32
168,336,16,16
168,352,16,16
168,368,16,16
168,384,16,16
168,544,16,16
168,560,16,16
168,736,16,32
168,1184,16,32
168,1648,16,32
168,1840,16,32
168,1952,16,32
168,2016,16,32
168,2080,16,32
168,2464,16,16
168,2816,16,32
168,3040,16,16
168,3056,16,16
170,736,16,32
170,1184,16,32
170,1648,16,32
170,1952,16,32
170,2016,16,32
170,2080,16,32
170,2816,16,32
172,736,16,32
172,1184,16,32
172,1648,16,32
172,1952,16,32
172,2016,16,32
172,2080,16,32
172,2816,16,32
174,736,16,32
174,1184,16,32
174,1648,16,32
174,1952,16,32
174,2016,16,32
174,2080,16,32
174,2816,16,32
176,736,16,32
176,1184,16,32
176,1648,16,32
176,1952,16,32
176,2016,16,32
176,2080,16,32
176,2816,16,32
178,736,16,32
178,1184,16,32
178,1648,16,32
178,1952,16,32
178,2016,16,32
178,2080,16,32
178,2816,16,32
180,736,16,32
180,1184,16,32
180,1648,16,32
180,1952,16,32
180,2016,16,32
180,2080,16,32
180,2816,16,32
182,736,16,32
182,1184,16,32
182,1648,16,32
182,1952,16,32
182,2016,16,32
182,2080,16,32
182,2816,16,32
184,320,16,16
184,336,16,16
184,352,16,16
184,368,16,16
184,384,16,16
184,544,16,16
184,560,16,16
184,736,16,32
184,1184,16,32
184,1648,16,32
184,1840,16,32
184,1952,16,32
184,2016,16,32
184,2080,16,32
184,2464,16,16
184,2816,16,32
184,3040,16,16
184,3056,16,16
184,3200,16,16
200,0,16,16
200,16,16,16
200,32,16,16
200,48,16,16
200,64,16,16
200,80,16,16
200,96,16,16
200,112,16,16
200,128,16,16
200,144,16,16
200,160,16,16
200,176,16,16
200,192,16,16
200,208,16,16
200,224,16,16
200,240,16,16
200,256,16,16
200,272,16,16
200,288,16,16
200,304,16,16
200,320,16,16
200,336,16,16
200,352,16,16
200,368,16,16
200,384,16,16
200,400,16,16
200,416,16,16
200,432,16,16
200,448,16,16
200,464,16,16
200,480,16,16
200,496,16,16
200,512,16,16
200,528,16,16
200,544,16,16
200,560,16,16
200,576,16,16
200,592,16,16
200,608,16,16
200,624,16,16
200,640,16,16
200,656,16,16
200,672,16,16
200,688,16,16
200,704,16,16
200,720,16,16
200,736,16,16
200,752,16,16
200,768,16,16
200,784,16,16
200,800,16,16
200,816,16,16
200,832,16,16
200,848,16,16
200,864,16,16
200,880,16,16
200,896,16,16
200,912,16,16
200,928,16,16
200,944,16,16
200,960,16,16
200,976,16,16
200,992,16,16
200,1008,16,16
200,1024,16,16
200,1040,16,16
200,1056,16,16
200,1072,16,16
200,1088,16,16
200,1104,16,16
200,1120,16,16
200,1136,16,16
200,1152,16,16
200,1168,16,16
200,1184,16,16
200,1200,16,16
200,1216,16,16
200,1232,16,16
200,1248,16,16
200,1264,16,16
200,1280,16,16
200,1296,16,16
200,1312,16,16
200,1328,16,16
200,1344,16,16
200,1360,16,16
200,1376,16,16
200,1392,16,16
200,1408,16,16
200,1424,16,16
200,1440,16,16
200,1456,16,16
200,1536,16,16
200,1552,16,16
200,1568,16,16
200,1584,16,16
200,1600,16,16
200,1616,16,16
200,1632,16,16
200,1648,16,16
200,1664,16,16
200,1680,16,16
200,1744,16,16
200,1760,16,16
200,1776,16,16
200,1792,16,16
200,1808,16,16
200,1824,16,16
200,1840,16,16
200,1856,16,16
200,1872,16,16
200,1888,16,16
200,1904,16,16
200,1920,16,16
200,1936,16,16
200,1952,16,16
200,1968,16,16
200,1984,16,16
200,2000,16,16
200,2016,16,16
200,2032,16,16
200,2048,16,16
200,2064,16,16
200,2080,16,16
200,2096,16,16
200,2112,16,16
200,2128,16,16
200,2144,16,16
200,2160,16,16
200,2176,16,16
200,2192,16,16
200,2208,16,16
200,2272,16,16
200,2288,16,16
200,2304,16,16
200,2320,16,16
200,2336,16,16
200,2352,16,16
200,2368,16,16
200,2384,16,16
200,2400,16,16
200,2416,16,16
200,2464,16,16
200,2480,16,16
200,2496,16,16
200,2512,16,16
200,2528,16,16
200,2544,16,16
200,2560,16,16
200,2576,16,16
200,2592,16,16
200,2608,16,16
200,2624,16,16
200,2640,16,16
200,2656,16,16
200,2672,16,16
200,2688,16,16
200,2704,16,16
200,2720,16,16
200,2736,16,16
200,2752,16,16
200,2768,16,16
200,2784,16,16
200,2800,16,16
200,2816,16,16
200,2832,16,16
200,2848,16,16
200,2864,16,16
200,2880,16,16
200,2896,16,16
200,2912,16,16
200,2928,16,16
200,2944,16,16
200,2960,16,16
200,2976,16,16
200,2992,16,16
200,3008,16,16
200,3024,16,16
200,3040,16,16
200,3056,16,16
200,3072,16,16
200,3088,16,16
200,3104,16,16
200,3120,16,16
200,3136,16,16
200,3152,16,16
200,3168,16,16
200,3184,16,16
200,3200,16,16
200,3216,16,16
200,3232,16,16
200,3248,16,16
200,3264,16,16
200,3280,16,16
200,3296,16,16
200,3312,16,16
200,3328,16,16
200,3344,16,16
200,3360,16,16
200,3376,16,16
200,3392,16,16
