0
0
0
0
0
0
0
0
0
0
0
0
0
0.278947
0.26912
0.293662
0.321234
0.368847
0.419851
0.459042
0.235914
0.269308
0.449107
0.429139
0.36659
0.311112
0.490279
0.468905
0.431327
0.479648
0.457677
0.669275
0.686672
0.470173
0.471838
0.490941
0.217498
0.226152
0
0
0.252048
0.267433
0.296448
0.327588
0.358806
0.392685
0.430845
0.176216
0.194632
0.194632
0.486555
0.446887
0.405198
0.364244
0.330107
0.295473
0.476266
0.204039
0.201239
0.199163
0.197167
0.405269
0.419391
0.204334
0.201259
0.205051
0.205051
0.205051
0.202454
0.199922
0.197452
0.197452
0.198026
0.20051
0.422204
0.215937
0.213114
0.213114
0.430805
0.431805
0.42605
0.511764
0.531678
0.582549
0.643105
0.449113
0.476772
0.509979
0.428314
0.428267
0.393667
0.350633
0.315147
0.285687
0.263677
0
0.255431
0.267433
0.265095
0.532293
0.525154
0.501963
0.480733
0.218031
0.202655
0.413146
0.208722
0.205721
0.205721
0.482228
0.482228
0.519283
0.334655
0.360406
0.400413
0.446623
0.186104
0.188045
0.145941
0.110622
0.0726429
0.0352716
0
0
0
0.187183
0.189541
0.188302
0.188737
0.393745
0.403192
0.403192
0.199085
0.196646
0.199279
0.199756
0
0
0
0
0
0
0
0
0
0
0
0.262982
0.263637
0.263637
0.273278
0.272845
0.303449
0.344781
0.114418
0.154944
0.197253
0.224485
0.255297
0.242575
0.223444
0.404609
0.385746
0.352259
0.327306
0.302354
0.286759
0.273034
0.265108
0.263329
0.260632
0.25772
0.254564
0.583802
0.605135
0.611657
0.604335
0.919438
0.982834
0.982834
0.587804
0.587804
0.278614
0.562127
0.28062
0.267696
0.272255
0.276973
0.281935
0.287097
0
0
0
0
0
0.314034
0.313587
0.32192
0.338295
0.367328
0.40947
0.457685
0
0
0
0
0
0
0
0
0
0
0
0
0
0
0
0
0
0
0
0
0