0
0
0
0
0
0
0
0
0
0
0
0
0.250319
0.239997
0.262851
0.288486
0.328175
0.366425
0.39921
0.429188
0.234206
0.418328
0.404529
0.368367
0.315353
0.458643
0.434428
0.401236
0.617119
0.413484
0.578703
0.591664
0.599308
0.419689
0.421849
0.435723
0.192167
0.198892
0
0.213793
0.23047
0.256285
0.282153
0.308972
0.337349
0.369345
0.396972
0.178552
0.193718
0.449384
0.415458
0.381745
0.348192
0.314716
0.284322
0.444607
0.422072
0.175962
0.173876
0.172324
0.352972
0.361197
0.364414
0.17855
0.176714
0.176714
0.176714
0.36142
0.178441
0.172892
0.173272
0.174217
0.173331
0.36238
0.378224
0.18667
0.18267
0.373886
0.376848
0.369431
0.654142
0.472629
0.500261
0.54536
0.587499
0.415445
0.433499
0.666467
0.394804
0.381606
0.346171
0.306
0.273879
0.247246
0.227346
0.232844
0.233295
0.229308
0.458462
0.453056
0.43569
0.419606
0.404668
0.188467
0.366125
0.371662
0.181222
0.177212
0.4154
0.4154
0.453077
0.478948
0.327038
0.351347
0.386851
0.396146
0.162043
0.163513
0.126727
0.0959233
0.0625516
0.0300038
0
0
0.164648
0.16647
0.165514
0.164476
0.335836
0.348181
0.348285
0.352121
0.173913
0.172892
0.173148
0.172549
0
0
0
0
0
0
0
0
0
0
0.232421
0.228576
0.228576
0.238405
0.240742
0.270828
0.29434
0.337253
0.133773
0.169369
0.202589
0.225909
0.244639
0.224978
0.390071
0.373439
0.343005
0.314853
0.293267
0.271681
0.251003
0.433056
0.245979
0.233499
0.230104
0.22647
0.501292
0.507653
0.779138
0.549937
0.788113
0.834238
0.834238
0.834238
0.498933
0.499055
0.501501
0.509177
0.243484
0.233695
0.237162
0.240791
0.244605
0.245589
0
0
0
0
0.278707
0.278425
0.282138
0.293349
0.311332
0.341085
0.374379
0.361438
0
0
0
0
0
0
0
0
0
0
0
0
0
0
0
0
0
0
0
0