144 | 0
160 | 0
176 | 0
192 | 0
208 | 0
224 | 0
240 | 0
256 | 0
272 | 0
288 | 0
304 | 0
320 | 0
336 | 0
352 | 0
368 | 0
384 | 0
400 | 0
416 | 0
432 | 0
448 | 0
464 | 0
480 | 0
496 | 0
512 | 0
528 | 0
544 | 0
560 | 0
576 | 0
592 | 0
608 | 0
624 | 0
640 | 0
656 | 0
672 | 0
688 | 0
704 | 0
720 | 0
736 | 0
752 | 0
768 | 0
784 | 0
800 | 0
816 | 0
832 | 0
848 | 0
864 | 0
880 | 0
896 | 0
912 | 0
928 | 0
944 | 0
960 | 0
976 | 0
992 | 0
1008 | 0
1024 | 0
1040 | 0
1056 | 0
1072 | 0
1088 | 0
1104 | 0
1120 | 0
1136 | 0
1152 | 0
1168 | 0
1184 | 0
1200 | 0
1216 | 0
1232 | 0
1248 | 0
1264 | 0
1280 | 0
1296 | 0
1312 | 0
1328 | 0
1344 | 0
1360 | 0
1376 | 0
1392 | 0
1408 | 0
1424 | 0
1440 | 0
1456 | 0
1472 | 0
1488 | 0
1504 | 0
1520 | 0
1536 | 0
1552 | 0
1568 | 0
1584 | 0
1600 | 0
1616 | 0
1632 | 0
1648 | 0
1664 | 0
1680 | 0
1696 | 0
1712 | 0
1728 | 0
1744 | 0
1760 | 0
1776 | 0.00120856
1792 | 0.0115612
1808 | 0.0317538
1824 | 0.0616123
1840 | 0.0991466
1856 | 0.145601
1872 | 0.20372
1888 | 0.271576
1904 | 0.349169
1920 | 0.415598
1936 | 0.459021
1952 | 0.492412
1968 | 0.52968
1984 | 0.562676
2000 | 0.594092
2016 | 0.626013
2032 | 0.658449
2048 | 0.693226
2064 | 0.737117
2080 | 0.775879
2096 | 0.803965
2112 | 0.837888
2128 | 0.865629
2144 | 0.861699
2160 | 0.839511
2176 | 0.823231
2192 | 0.804792
2208 | 0.772964
2224 | 0.745859
2240 | 0.736087
2256 | 0.730408
2272 | 0.738932
2288 | 0.77832
2304 | 0.828419
2320 | 0.853436
2336 | 0.845528
2352 | 0.821158
2368 | 0.780958
2384 | 0.74292
2400 | 0.713127
2416 | 0.695349
2432 | 0.683158
2448 | 0.680551
2464 | 0.684536
2480 | 0.709309
2496 | 0.745727
2512 | 0.80373
2528 | 0.829236
2544 | 0.811871
2560 | 0.767904
2576 | 0.715541
2592 | 0.639773
2608 | 0.556758
2624 | 0.458567
2640 | 0.360568
2656 | 0.270603
2672 | 0.199934
2688 | 0.148994
2704 | 0.103351
2720 | 0.0615266
2736 | 0.0309843
2752 | 0.0111445
2768 | 0.00133735
2784 | 0
2800 | 0
2816 | 0
2832 | 0
2848 | 0
2864 | 0
2880 | 0
2896 | 0
2912 | 0
2928 | 0
2944 | 0
2960 | 0
2976 | 0
2992 | 0
3008 | 0
3024 | 0
3040 | 0
3056 | 0
3072 | 0
3088 | 0
3104 | 0
3120 | 0
3136 | 0
3152 | 0
3168 | 0
3184 | 0
3200 | 0
3216 | 0
3232 | 0
3248 | 0
3264 | 0
3280 | 0
3296 | 0
3312 | 0
3328 | 0
3344 | 0
3360 | 0
3376 | 0
3392 | 0
3408 | 0
3424 | 0
3440 | 0
3456 | 0
3472 | 0
3488 | 0
3504 | 0
3520 | 0
3536 | 0
3552 | 0
3568 | 0
3584 | 0
3600 | 0
3616 | 0
3632 | 0
3648 | 0
3664 | 0
Valeur de l'integrale : 553.837
