0
0
0
0
0
0
0
0
0
0
0
0.227404
0.218497
0.237891
0.261797
0.298285
0.33002
0.353839
0.379698
0.405391
0.368242
0.381961
0.35429
0.322673
0.446638
0.412549
0.379641
0.567392
0.539292
0.528625
0.519751
0.525641
0.541148
0.379671
0.380424
0.391606
0.172121
0.177496
0.187517
0.198064
0.225204
0.248606
0.271346
0.295682
0.323209
0.347386
0.371562
0.179615
0.419901
0.390966
0.361433
0.33312
0.305248
0.27537
0.419801
0.398992
0.369976
0.154678
0.153064
0.312629
0.319064
0.319663
0.32284
0.158962
0.155259
0.155259
0.316669
0.322662
0.15659
0.154066
0.155118
0.154812
0.317406
0.329495
0.332561
0.162892
0.326199
0.332561
0.32845
0.57344
0.608963
0.45184
0.477919
0.509315
0.540279
0.384488
0.574616
0.618458
0.35481
0.341565
0.30798
0.271397
0.242168
0.217924
0.420663
0.214308
0.203744
0.403949
0.398442
0.384876
0.372271
0.360465
0.353246
0.342814
0.333171
0.327425
0.158728
0.36484
0.36484
0.397931
0.425317
0.457031
0.32202
0.344045
0.348399
0.35115
0.143491
0.144642
0.111984
0.0839944
0.0541252
0.0264667
0
0.146956
0.148406
0.147646
0.146819
0.296877
0.302115
0.306459
0.309508
0.312164
0.15507
0.152875
0.152328
0.149896
0
0
0
0
0
0
0
0
0
0.208816
0.205132
0.201746
0.209364
0.213261
0.242878
0.266511
0.292875
0.331454
0.148691
0.177497
0.206603
0.219837
0.228862
0.37119
0.363536
0.336623
0.310599
0.28634
0.26732
0.241955
0.392614
0.404647
0.22081
0.20974
0.205978
0.441809
0.445325
0.66316
0.708172
0.722759
0.724673
0.724673
0.724673
0.724673
0.433498
0.680827
0.458924
0.447286
0.215029
0.207358
0.210126
0.213025
0.213815
0.213648
0
0
0
0.250478
0.250296
0.253351
0.259949
0.272858
0.292273
0.316383
0.307417
0.298637
0
0
0
0
0
0
0
0
0
0
0
0
0
0
0
0
0
0
0