0
0
0
0
0
0
0
0
0
0
0
0
0
0
0
0
0
0
0
1.71875
0
0.222813
0.253943
0.380427
0.346819
0.248649
0.23
0.222813
1.88051
0
0
0
1.68257
0
0
1.71875
0
1.52232
0
0
0
0
0
0
0
0
2.81044
0
0.1875
0.193548
0.193548
0.188934
0.21286
0.193548
0.193548
0.1875
2.05915
0
0
0
0
0
1.68257
0
0
0
0
1.68257
0
0
0
0
0
0
1.52232
0
0
0
0
0
1.88051
0
0
0
1.52232
0
0
3.21637
0
0.310829
0.320856
0.255682
0.210843
0.159684
2.17544
0
0
0
0
0
0
0
2.81044
0
0
1.69441
0
0
0
0
0
1.89357
0
0
0
1.71875
0
0.271875
0.225
0.267161
0.276074
0.276074
0
0
0
0
0
0
0
0
0
1.52232
0
0
0
1.52232
0
0
0
0
0
0
0
0
0
0
0
0
0
0
0
0
0
1.9278
0
0
0
0
0.258125
0.235
0.279762
0.281121
0.273853
0.235
0.235
0.175
0.11
1.99264
0.102345
0.075
0.075
0.075
0.075
0.0189753
2.17544
0
0
0
0
2.21774
0
2.39019
0
2.74447
0
0
0
0
0
2.50735
0
0
0
0
0
0
0
0
0
0
0
2.35143
0
0
0
0
0
0
0
0
0
0
0
0
0
0
0
0
0
0
0
0
0
0
0
0
0
0
0