160 | 0
176 | 0
192 | 0
208 | 0
224 | 0
240 | 0
256 | 0
272 | 0
288 | 0
304 | 0
320 | 0
336 | 0
352 | 0
368 | 0
384 | 0
400 | 0
416 | 0
432 | 0
448 | 0
464 | 0
480 | 0
496 | 0
512 | 0
528 | 0
544 | 0
560 | 0
576 | 0
592 | 0
608 | 0
624 | 0
640 | 0
656 | 0
672 | 0
688 | 0
704 | 0
720 | 0
736 | 0
752 | 0
768 | 0
784 | 0
800 | 0
816 | 0
832 | 0
848 | 0
864 | 0
880 | 0
896 | 0
912 | 0
928 | 0
944 | 0
960 | 0
976 | 0
992 | 0
1008 | 0
1024 | 0
1040 | 0
1056 | 0
1072 | 0
1088 | 0
1104 | 0
1120 | 0
1136 | 0
1152 | 0
1168 | 0
1184 | 0
1200 | 0
1216 | 0
1232 | 0
1248 | 0
1264 | 0
1280 | 0
1296 | 0
1312 | 0
1328 | 0
1344 | 0
1360 | 0
1376 | 0
1392 | 0
1408 | 0
1424 | 0
1440 | 0
1456 | 0
1472 | 0
1488 | 0
1504 | 0
1520 | 0
1536 | 0
1552 | 0
1568 | 0
1584 | 0
1600 | 0
1616 | 0
1632 | 0
1648 | 0
1664 | 0
1680 | 0
1696 | 0
1712 | 0
1728 | 0
1744 | 0
1760 | 0
1776 | 0.0010917
1792 | 0.0108966
1808 | 0.0299034
1824 | 0.0559207
1840 | 0.0906544
1856 | 0.132091
1872 | 0.181615
1888 | 0.242108
1904 | 0.311281
1920 | 0.374353
1936 | 0.433054
1952 | 0.472317
1968 | 0.502049
1984 | 0.536118
2000 | 0.572646
2016 | 0.609696
2032 | 0.647278
2048 | 0.687059
2064 | 0.726348
2080 | 0.761136
2096 | 0.7871
2112 | 0.817314
2128 | 0.838966
2144 | 0.842088
2160 | 0.830444
2176 | 0.824045
2192 | 0.816654
2208 | 0.795569
2224 | 0.769065
2240 | 0.752014
2256 | 0.751204
2272 | 0.749178
2288 | 0.763343
2304 | 0.800177
2320 | 0.836573
2336 | 0.836933
2352 | 0.810197
2368 | 0.776361
2384 | 0.74914
2400 | 0.729697
2416 | 0.717188
2432 | 0.713848
2448 | 0.714395
2464 | 0.707437
2480 | 0.705463
2496 | 0.719246
2512 | 0.75962
2528 | 0.79041
2544 | 0.790962
2560 | 0.767079
2576 | 0.732613
2592 | 0.676845
2608 | 0.596585
2624 | 0.504399
2640 | 0.409271
2656 | 0.320832
2672 | 0.241766
2688 | 0.185191
2704 | 0.136789
2720 | 0.0917982
2736 | 0.0547701
2752 | 0.027642
2768 | 0.00996049
2784 | 0.00119677
2800 | 0
2816 | 0
2832 | 0
2848 | 0
2864 | 0
2880 | 0
2896 | 0
2912 | 0
2928 | 0
2944 | 0
2960 | 0
2976 | 0
2992 | 0
3008 | 0
3024 | 0
3040 | 0
3056 | 0
3072 | 0
3088 | 0
3104 | 0
3120 | 0
3136 | 0
3152 | 0
3168 | 0
3184 | 0
3200 | 0
3216 | 0
3232 | 0
3248 | 0
3264 | 0
3280 | 0
3296 | 0
3312 | 0
3328 | 0
3344 | 0
3360 | 0
3376 | 0
3392 | 0
3408 | 0
3424 | 0
3440 | 0
3456 | 0
3472 | 0
3488 | 0
3504 | 0
3520 | 0
3536 | 0
3552 | 0
3568 | 0
3584 | 0
3600 | 0
3616 | 0
3632 | 0
3648 | 0
3664 | 0
Valeur de l'integrale : 554.064
