0
0
0
0
0
0
0
0
0
0.190377
0.185748
0.203132
0.222497
0.252322
0.279542
0.29783
0.31334
0.329922
0.463127
0.476948
0.305966
0.305966
0.421064
0.403707
0.36428
0.503235
0.47627
0.591421
0.578194
0.434785
0.431849
0.442905
0.453533
0.317406
0.31789
0.32566
0.295345
0.314406
0.176477
0.196604
0.218972
0.237822
0.258646
0.277948
0.297292
0.316031
0.533573
0.349452
0.33109
0.308787
0.286755
0.264126
0.385353
0.365213
0.341158
0.318199
0.296727
0.255057
0.258742
0.259102
0.259925
0.261319
0.260853
0.12731
0.253815
0.25765
0.25765
0.260173
0.128728
0.126813
0.25981
0.26518
0.263923
0.263923
0.402531
0.268073
0.263923
0.463566
0.48561
0.514451
0.54732
0.4184
0.429162
0.445535
0.609005
0.485287
0.493929
0.508829
0.290584
0.280924
0.252235
0.221338
0.365963
0.36208
0.347974
0.340249
0.324917
0.312976
0.303786
0.295836
0.290956
0.44144
0.445752
0.281634
0.266242
0.435866
0.298073
0.320027
0.342051
0.369788
0.399506
0.426835
0.291467
0.284467
0.284318
0.286147
0.116757
0.116764
0.0886154
0.0664472
0.0436205
0.145413
0.123238
0.121428
0.120868
0.243927
0.245921
0.244393
0.246261
0.250858
0.253563
0.254359
0.125073
0.121855
0.122537
0.124298
0
0
0
0
0
0
0
0.167326
0.169575
0.168263
0.170701
0.170861
0.196521
0.219882
0.245193
0.268851
0.290272
0.316791
0.165854
0.182957
0.193877
0.328603
0.340015
0.321604
0.305517
0.284848
0.264719
0.240618
0.355047
0.349334
0.338917
0.335179
0.1833
0.361777
0.362493
0.524387
0.544442
0.743911
0.795917
0.596695
0.573921
0.573921
0.574017
0.773172
0.557367
0.563921
0.367308
0.359815
0.174321
0.169308
0.169807
0.169729
0.168243
0.166755
0
0.208286
0.20816
0.210301
0.214903
0.221944
0.231891
0.243708
0.236285
0.231248
0.226421
0.221622
0
0
0
0
0
0
0
0
0
0
0
0
0
0
0
0
0