0
0
0
0
0
0
0
0
0.175327
0.171393
0.189363
0.207904
0.235803
0.259683
0.276958
0.291819
0.305474
0.422936
0.433794
0.433794
0.278282
0.402728
0.389713
0.36566
0.490818
0.456872
0.557861
0.544691
0.528277
0.403337
0.401337
0.410044
0.419086
0.293333
0.293747
0.442705
0.279986
0.303367
0.177973
0.196335
0.216537
0.235754
0.25273
0.270279
0.287316
0.485428
0.477763
0.314006
0.299062
0.279403
0.258674
0.371732
0.354616
0.330186
0.30913
0.288944
0.393694
0.236867
0.23671
0.237369
0.238531
0.237094
0.23671
0.23497
0.234069
0.234069
0.23615
0.239158
0.117816
0.237603
0.24246
0.241894
0.239235
0.364305
0.36957
0.24264
0.418228
0.440411
0.468833
0.496003
0.519573
0.399175
0.405322
0.547774
0.577648
0.448742
0.453486
0.464927
0.266128
0.258003
0.231302
0.354323
0.345265
0.327229
0.473355
0.306035
0.288291
0.278851
0.271533
0.267381
0.405296
0.408927
0.402294
0.253697
0.403194
0.395548
0.295704
0.311554
0.336348
0.362764
0.390094
0.393604
0.266356
0.260497
0.260373
0.261906
0.106184
0.105042
0.0806565
0.0604923
0.154958
0.134368
0.112609
0.111054
0.223955
0.225635
0.224348
0.224644
0.226027
0.230646
0.23135
0.231154
0.112724
0.112024
0.113449
0.114715
0
0
0
0
0
0
0.152355
0.152701
0.154347
0.157616
0.157413
0.178751
0.2
0.224497
0.24797
0.269247
0.28527
0.309321
0.166681
0.176369
0.307518
0.313245
0.315804
0.299075
0.284458
0.265954
0.243151
0.344121
0.338423
0.322931
0.312726
0.308683
0.342572
0.333574
0.476966
0.492436
0.665146
0.699561
0.71637
0.538465
0.51985
0.519929
0.697892
0.725403
0.506248
0.511649
0.333973
0.327819
0.15929
0.153962
0.153898
0.152675
0.151471
0.150369
0.196991
0.191999
0.193819
0.197721
0.203696
0.212085
0.220203
0.213443
0.207727
0.203824
0.200065
0.196309
0
0
0
0
0
0
0
0
0
0
0
0
0
0
0
0