192 | 0
208 | 0
224 | 0
240 | 0
256 | 0
272 | 0
288 | 0
304 | 0
320 | 0
336 | 0
352 | 0
368 | 0
384 | 0
400 | 0
416 | 0
432 | 0
448 | 0
464 | 0
480 | 0
496 | 0
512 | 0
528 | 0
544 | 0
560 | 0
576 | 0
592 | 0
608 | 0
624 | 0
640 | 0
656 | 0
672 | 0
688 | 0
704 | 0
720 | 0
736 | 0
752 | 0
768 | 0
784 | 0
800 | 0
816 | 0
832 | 0
848 | 0
864 | 0
880 | 0
896 | 0
912 | 0
928 | 0
944 | 0
960 | 0
976 | 0
992 | 0
1008 | 0
1024 | 0
1040 | 0
1056 | 0
1072 | 0
1088 | 0
1104 | 0
1120 | 0
1136 | 0
1152 | 0
1168 | 0
1184 | 0
1200 | 0
1216 | 0
1232 | 0
1248 | 0
1264 | 0
1280 | 0
1296 | 0
1312 | 0
1328 | 0
1344 | 0
1360 | 0
1376 | 0
1392 | 0
1408 | 0
1424 | 0
1440 | 0
1456 | 0
1472 | 0
1488 | 0
1504 | 0
1520 | 0
1536 | 0
1552 | 0
1568 | 0
1584 | 0
1600 | 0
1616 | 0
1632 | 0
1648 | 0
1664 | 0
1680 | 0
1696 | 0
1712 | 0
1728 | 0
1744 | 0
1760 | 0
1776 | 0.000914794
1792 | 0.00911222
1808 | 0.0259827
1824 | 0.050467
1840 | 0.0792337
1856 | 0.112791
1872 | 0.15482
1888 | 0.201809
1904 | 0.255774
1920 | 0.306647
1936 | 0.357389
1952 | 0.409888
1968 | 0.45948
1984 | 0.492456
2000 | 0.523079
2016 | 0.564263
2032 | 0.609264
2048 | 0.656331
2064 | 0.703249
2080 | 0.739407
2096 | 0.761363
2112 | 0.786639
2128 | 0.804507
2144 | 0.804034
2160 | 0.797378
2176 | 0.804258
2192 | 0.812054
2208 | 0.809178
2224 | 0.801241
2240 | 0.791455
2256 | 0.781952
2272 | 0.776905
2288 | 0.784578
2304 | 0.789648
2320 | 0.795034
2336 | 0.79944
2352 | 0.794567
2368 | 0.769173
2384 | 0.745138
2400 | 0.736314
2416 | 0.738209
2432 | 0.744893
2448 | 0.753315
2464 | 0.756011
2480 | 0.748098
2496 | 0.731268
2512 | 0.728643
2528 | 0.728163
2544 | 0.727042
2560 | 0.727494
2576 | 0.723952
2592 | 0.700454
2608 | 0.655436
2624 | 0.585191
2640 | 0.496176
2656 | 0.414187
2672 | 0.335356
2688 | 0.270727
2704 | 0.210142
2720 | 0.155875
2736 | 0.111796
2752 | 0.0750257
2768 | 0.0449071
2784 | 0.0227607
2800 | 0.00853194
2816 | 0.0010736
2832 | 0
2848 | 0
2864 | 0
2880 | 0
2896 | 0
2912 | 0
2928 | 0
2944 | 0
2960 | 0
2976 | 0
2992 | 0
3008 | 0
3024 | 0
3040 | 0
3056 | 0
3072 | 0
3088 | 0
3104 | 0
3120 | 0
3136 | 0
3152 | 0
3168 | 0
3184 | 0
3200 | 0
3216 | 0
3232 | 0
3248 | 0
3264 | 0
3280 | 0
3296 | 0
3312 | 0
3328 | 0
3344 | 0
3360 | 0
3376 | 0
3392 | 0
3408 | 0
3424 | 0
3440 | 0
3456 | 0
3472 | 0
3488 | 0
3504 | 0
3520 | 0
3536 | 0
3552 | 0
3568 | 0
3584 | 0
3600 | 0
3616 | 0
3632 | 0
3648 | 0
3664 | 0
Valeur de l'integrale : 554.431
