0
0
0
0
0
0
0
0.162482
0.159097
0.176056
0.195053
0.221561
0.243925
0.25882
0.273064
0.286201
0.393344
0.398338
0.397801
0.397801
0.368634
0.375327
0.356121
0.482196
0.448883
0.533403
0.51758
0.50175
0.492369
0.376596
0.374166
0.38168
0.389502
0.272655
0.401173
0.421955
0.272753
0.294579
0.179228
0.195792
0.216257
0.23223
0.2478
0.263384
0.445253
0.438795
0.431584
0.285054
0.272684
0.254005
0.358938
0.343985
0.322759
0.301291
0.282599
0.379961
0.367632
0.218269
0.218438
0.219398
0.218182
0.216979
0.329451
0.217949
0.214443
0.216188
0.218707
0.220213
0.221741
0.223009
0.222845
0.220992
0.33271
0.337095
0.337095
0.386128
0.399288
0.429029
0.455873
0.475095
0.492783
0.379347
0.501006
0.522273
0.537754
0.415108
0.418284
0.427944
0.245469
0.23854
0.351128
0.336291
0.315408
0.44169
0.428886
0.273328
0.259086
0.251436
0.24737
0.374622
0.377723
0.372056
0.364111
0.38591
0.368454
0.385077
0.289839
0.308454
0.33221
0.356719
0.362151
0.36168
0.245228
0.240254
0.240147
0.24016
0.096401
0.0963837
0.0740227
0.162834
0.143988
0.123556
0.103632
0.207006
0.208441
0.207342
0.207595
0.207684
0.209486
0.21212
0.211993
0.209905
0.10426
0.10438
0.105412
0.105271
0
0
0
0
0
0.14031
0.140135
0.140242
0.145341
0.146218
0.165863
0.183415
0.205631
0.22853
0.249873
0.266353
0.281098
0.29808
0.16198
0.281354
0.294428
0.293049
0.295647
0.280318
0.266925
0.245775
0.339031
0.329413
0.315117
0.300238
0.290293
0.448541
0.3177
0.438598
0.450803
0.602976
0.629914
0.637546
0.651279
0.490589
0.475155
0.63597
0.658736
0.665045
0.463718
0.468246
0.30623
0.301104
0.145633
0.140769
0.139745
0.138735
0.137829
0.32458
0.182361
0.179733
0.183083
0.188195
0.195361
0.202265
0.195195
0.189865
0.185329
0.182216
0.179206
0.176559
0
0
0
0
0
0
0
0
0
0
0
0
0
0
0