0
0
0
0
0
0
0.151407
0.148448
0.164496
0.182475
0.208888
0.230211
0.244274
0.256574
0.269216
0.369829
0.371981
0.367781
0.367323
0.474012
0.345542
0.345542
0.464253
0.44396
0.520764
0.497731
0.480037
0.470422
0.46157
0.352571
0.350405
0.356986
0.36382
0.373512
0.384058
0.405299
0.267008
0.287093
0.179882
0.196973
0.214506
0.229249
0.243163
0.411219
0.405705
0.399533
0.3935
0.26099
0.249555
0.347858
0.333935
0.314898
0.296154
0.277046
0.368322
0.35638
0.340686
0.202639
0.203127
0.202064
0.201032
0.303816
0.307038
0.200834
0.199337
0.201477
0.202755
0.312049
0.208978
0.206307
0.204984
0.309056
0.309867
0.309867
0.466231
0.369928
0.392185
0.420294
0.439752
0.453971
0.466811
0.470528
0.479588
0.489444
0.50056
0.385418
0.388108
0.396411
0.227786
0.347616
0.334885
0.309895
0.420023
0.404027
0.385759
0.246937
0.235254
0.230581
0.348305
0.350943
0.346047
0.339163
0.481539
0.353967
0.360792
0.372582
0.288359
0.306404
0.328604
0.333208
0.334948
0.334545
0.227206
0.222929
0.221737
0.219715
0.0890588
0.0890588
0.167616
0.152061
0.133128
0.114316
0.194053
0.193681
0.192732
0.192951
0.193028
0.193635
0.19409
0.195733
0.193984
0.195155
0.0976075
0.0975377
0.0973845
0.0972641
0
0
0
0
0.130772
0.129879
0.12957
0.132767
0.135595
0.154992
0.171214
0.189689
0.210586
0.231619
0.248699
0.26391
0.272967
0.283556
0.259624
0.270848
0.276855
0.276009
0.278604
0.264459
0.247983
0.335214
0.325548
0.308579
0.294815
0.280525
0.419303
0.417924
0.416616
0.416721
0.552657
0.574241
0.579805
0.585632
0.597031
0.450591
0.584141
0.603292
0.60858
0.613961
0.42778
0.431691
0.282792
0.276589
0.133774
0.128833
0.127975
0.127203
0.299488
0.301711
0.17126
0.170463
0.174886
0.181058
0.186999
0.180969
0.175288
0.170977
0.16729
0.16475
0.162602
0.16251
0
0
0
0
0
0
0
0
0
0
0
0
0
0