224 | 0
240 | 0
256 | 0
272 | 0
288 | 0
304 | 0
320 | 0
336 | 0
352 | 0
368 | 0
384 | 0
400 | 0
416 | 0
432 | 0
448 | 0
464 | 0
480 | 0
496 | 0
512 | 0
528 | 0
544 | 0
560 | 0
576 | 0
592 | 0
608 | 0
624 | 0
640 | 0
656 | 0
672 | 0
688 | 0
704 | 0
720 | 0
736 | 0
752 | 0
768 | 0
784 | 0
800 | 0
816 | 0
832 | 0
848 | 0
864 | 0
880 | 0
896 | 0
912 | 0
928 | 0
944 | 0
960 | 0
976 | 0
992 | 0
1008 | 0
1024 | 0
1040 | 0
1056 | 0
1072 | 0
1088 | 0
1104 | 0
1120 | 0
1136 | 0
1152 | 0
1168 | 0
1184 | 0
1200 | 0
1216 | 0
1232 | 0
1248 | 0
1264 | 0
1280 | 0
1296 | 0
1312 | 0
1328 | 0
1344 | 0
1360 | 0
1376 | 0
1392 | 0
1408 | 0
1424 | 0
1440 | 0
1456 | 0
1472 | 0
1488 | 0
1504 | 0
1520 | 0
1536 | 0
1552 | 0
1568 | 0
1584 | 0
1600 | 0
1616 | 0
1632 | 0
1648 | 0
1664 | 0
1680 | 0
1696 | 0
1712 | 0
1728 | 0
1744 | 0
1760 | 0
1776 | 0.000788888
1792 | 0.0078309
1808 | 0.0222985
1824 | 0.0434109
1840 | 0.0706175
1856 | 0.103698
1872 | 0.138545
1888 | 0.177
1904 | 0.22393
1920 | 0.262895
1936 | 0.301864
1952 | 0.345279
1968 | 0.389676
1984 | 0.436271
2000 | 0.484592
2016 | 0.523433
2032 | 0.561396
2048 | 0.610485
2064 | 0.66285
2080 | 0.705678
2096 | 0.736457
2112 | 0.764371
2128 | 0.77991
2144 | 0.779347
2160 | 0.773246
2176 | 0.776521
2192 | 0.785824
2208 | 0.794244
2224 | 0.799481
2240 | 0.803764
2256 | 0.807619
2272 | 0.806764
2288 | 0.805558
2304 | 0.807248
2320 | 0.808875
2336 | 0.790425
2352 | 0.764689
2368 | 0.7464
2384 | 0.740249
2400 | 0.735771
2416 | 0.736328
2432 | 0.748522
2448 | 0.766335
2464 | 0.77638
2480 | 0.776466
2496 | 0.768752
2512 | 0.762058
2528 | 0.737488
2544 | 0.704888
2560 | 0.683938
2576 | 0.679539
2592 | 0.676122
2608 | 0.658726
2624 | 0.617088
2640 | 0.560596
2656 | 0.49636
2672 | 0.419542
2688 | 0.359577
2704 | 0.297427
2720 | 0.233156
2736 | 0.177298
2752 | 0.131795
2768 | 0.0945254
2784 | 0.0634936
2800 | 0.0393268
2816 | 0.0207711
2832 | 0.00765072
2848 | 0.000935259
2864 | 0
2880 | 0
2896 | 0
2912 | 0
2928 | 0
2944 | 0
2960 | 0
2976 | 0
2992 | 0
3008 | 0
3024 | 0
3040 | 0
3056 | 0
3072 | 0
3088 | 0
3104 | 0
3120 | 0
3136 | 0
3152 | 0
3168 | 0
3184 | 0
3200 | 0
3216 | 0
3232 | 0
3248 | 0
3264 | 0
3280 | 0
3296 | 0
3312 | 0
3328 | 0
3344 | 0
3360 | 0
3376 | 0
3392 | 0
3408 | 0
3424 | 0
3440 | 0
3456 | 0
3472 | 0
3488 | 0
3504 | 0
3520 | 0
3536 | 0
3552 | 0
3568 | 0
3584 | 0
3600 | 0
3616 | 0
3632 | 0
3648 | 0
3664 | 0
Valeur de l'integrale : 554.79
