0
0
0
0
0
0.14199
0.139149
0.15436
0.171422
0.196364
0.217903
0.2315
0.24322
0.254134
0.348967
0.350883
0.345198
0.341579
0.439693
0.446502
0.320138
0.446502
0.430121
0.511303
0.488149
0.464112
0.452321
0.443254
0.433688
0.331396
0.329481
0.335294
0.455002
0.358633
0.371267
0.391254
0.26204
0.280979
0.181991
0.196731
0.213005
0.226262
0.382062
0.377255
0.371913
0.366679
0.361591
0.239724
0.337789
0.325144
0.307435
0.290347
0.273601
0.35805
0.346807
0.331778
0.317804
0.189396
0.188181
0.187268
0.28287
0.284654
0.284285
0.187526
0.186764
0.187862
0.288575
0.295139
0.194242
0.190907
0.288081
0.289249
0.286709
0.43013
0.447995
0.365505
0.386884
0.407996
0.422714
0.432702
0.548741
0.451588
0.451763
0.45844
0.467337
0.359652
0.361994
0.369206
0.332581
0.332878
0.310821
0.405904
0.387307
0.366806
0.350513
0.225194
0.216898
0.326021
0.327745
0.323436
0.317414
0.451225
0.443126
0.347691
0.350812
0.366079
0.287628
0.304598
0.30855
0.310041
0.311547
0.311198
0.211651
0.206977
0.204194
0.204163
0.0827687
0.175064
0.157328
0.141291
0.123753
0.19883
0.182296
0.180046
0.180237
0.180304
0.180834
0.180407
0.18028
0.18028
0.181319
0.183453
0.091599
0.0906252
0.0904929
0.090903
0
0
0
0.122133
0.121665
0.120754
0.123164
0.124587
0.144555
0.160809
0.177841
0.195254
0.21458
0.231867
0.247697
0.257483
0.261367
0.368752
0.251067
0.256326
0.261887
0.261439
0.264005
0.247051
0.33177
0.322729
0.306306
0.290224
0.27697
0.399881
0.392998
0.506676
0.39713
0.511094
0.528721
0.532814
0.537081
0.541535
0.551194
0.555483
0.556456
0.560952
0.56552
0.570164
0.397063
0.400496
0.261061
0.255112
0.122949
0.118764
0.118099
0.277965
0.279911
0.284233
0.162823
0.163336
0.168706
0.173853
0.16865
0.163729
0.159065
0.155508
0.152452
0.150611
0.150611
0.153327
0
0
0
0
0
0
0
0
0
0
0
0
0