256 | 0
272 | 0
288 | 0
304 | 0
320 | 0
336 | 0
352 | 0
368 | 0
384 | 0
400 | 0
416 | 0
432 | 0
448 | 0
464 | 0
480 | 0
496 | 0
512 | 0
528 | 0
544 | 0
560 | 0
576 | 0
592 | 0
608 | 0
624 | 0
640 | 0
656 | 0
672 | 0
688 | 0
704 | 0
720 | 0
736 | 0
752 | 0
768 | 0
784 | 0
800 | 0
816 | 0
832 | 0
848 | 0
864 | 0
880 | 0
896 | 0
912 | 0
928 | 0
944 | 0
960 | 0
976 | 0
992 | 0
1008 | 0
1024 | 0
1040 | 0
1056 | 0
1072 | 0
1088 | 0
1104 | 0
1120 | 0
1136 | 0
1152 | 0
1168 | 0
1184 | 0
1200 | 0
1216 | 0
1232 | 0
1248 | 0
1264 | 0
1280 | 0
1296 | 0
1312 | 0
1328 | 0
1344 | 0
1360 | 0
1376 | 0
1392 | 0
1408 | 0
1424 | 0
1440 | 0
1456 | 0
1472 | 0
1488 | 0
1504 | 0
1520 | 0
1536 | 0
1552 | 0
1568 | 0
1584 | 0
1600 | 0
1616 | 0
1632 | 0
1648 | 0
1664 | 0
1680 | 0
1696 | 0
1712 | 0
1728 | 0
1744 | 0
1760 | 0
1776 | 0.000712722
1792 | 0.00691851
1808 | 0.019566
1824 | 0.0380896
1840 | 0.0621067
1856 | 0.0914149
1872 | 0.125742
1888 | 0.164839
1904 | 0.203733
1920 | 0.234697
1936 | 0.268586
1952 | 0.301542
1968 | 0.335975
1984 | 0.375879
2000 | 0.420511
2016 | 0.471135
2032 | 0.524278
2048 | 0.569933
2064 | 0.614852
2080 | 0.65974
2096 | 0.697013
2112 | 0.731451
2128 | 0.75534
2144 | 0.760733
2160 | 0.755406
2176 | 0.757903
2192 | 0.765715
2208 | 0.771094
2224 | 0.778136
2240 | 0.791327
2256 | 0.805281
2272 | 0.815597
2288 | 0.824587
2304 | 0.828746
2320 | 0.823801
2336 | 0.805861
2352 | 0.78041
2368 | 0.744992
2384 | 0.721382
2400 | 0.719951
2416 | 0.733015
2432 | 0.746518
2448 | 0.761113
2464 | 0.775643
2480 | 0.785061
2496 | 0.784882
2512 | 0.785363
2528 | 0.770179
2544 | 0.737401
2560 | 0.697287
2576 | 0.665696
2592 | 0.644113
2608 | 0.628407
2624 | 0.606822
2640 | 0.574873
2656 | 0.533745
2672 | 0.485011
2688 | 0.439762
2704 | 0.378288
2720 | 0.316517
2736 | 0.256364
2752 | 0.200966
2768 | 0.153333
2784 | 0.11425
2800 | 0.0842676
2816 | 0.0586071
2832 | 0.0357583
2848 | 0.0184527
2864 | 0.00679163
2880 | 0.0008285
2896 | 0
2912 | 0
2928 | 0
2944 | 0
2960 | 0
2976 | 0
2992 | 0
3008 | 0
3024 | 0
3040 | 0
3056 | 0
3072 | 0
3088 | 0
3104 | 0
3120 | 0
3136 | 0
3152 | 0
3168 | 0
3184 | 0
3200 | 0
3216 | 0
3232 | 0
3248 | 0
3264 | 0
3280 | 0
3296 | 0
3312 | 0
3328 | 0
3344 | 0
3360 | 0
3376 | 0
3392 | 0
3408 | 0
3424 | 0
3440 | 0
3456 | 0
3472 | 0
3488 | 0
3504 | 0
3520 | 0
3536 | 0
3552 | 0
3568 | 0
3584 | 0
3600 | 0
3616 | 0
3632 | 0
3648 | 0
3664 | 0
Valeur de l'integrale : 555.269
