0
0
0
0
0.134494
0.131155
0.145415
0.161631
0.185256
0.205644
0.219946
0.231394
0.241816
0.330333
0.332049
0.326954
0.322013
0.410459
0.415923
0.415923
0.415923
0.415923
0.493649
0.481312
0.457138
0.43906
0.428059
0.418417
0.408945
0.31262
0.310915
0.420555
0.437962
0.348189
0.360409
0.378957
0.257861
0.276932
0.18275
0.196521
0.211301
0.357407
0.352571
0.347865
0.343282
0.338819
0.3332
0.325272
0.317033
0.300836
0.284831
0.269347
0.350685
0.338297
0.324181
0.310708
0.298243
0.176338
0.175284
0.264626
0.266187
0.264992
0.266441
0.176357
0.175006
0.268387
0.274055
0.275463
0.180531
0.269465
0.270796
0.268969
0.399218
0.414562
0.438377
0.362397
0.377807
0.394307
0.404924
0.510433
0.527831
0.426833
0.42522
0.430416
0.438205
0.337115
0.339172
0.463757
0.319065
0.310822
0.399175
0.376809
0.354452
0.335864
0.321168
0.208318
0.307723
0.307939
0.303628
0.298287
0.424501
0.417326
0.430474
0.338978
0.345936
0.361009
0.28698
0.287289
0.288582
0.289886
0.291202
0.290897
0.19722
0.191611
0.190694
0.190694
0.163392
0.165043
0.146937
0.131907
0.203081
0.187445
0.170167
0.169094
0.169154
0.16962
0.169245
0.168416
0.167089
0.16929
0.171174
0.1728
0.0854762
0.0846276
0.0849615
0.0857808
0
0
0.114638
0.114153
0.113622
0.115171
0.116093
0.133612
0.150718
0.167655
0.183757
0.199876
0.215979
0.232082
0.242743
0.24754
0.341226
0.355158
0.238899
0.243809
0.248986
0.248838
0.247792
0.325106
0.320153
0.304797
0.289212
0.273929
0.387738
0.376673
0.4759
0.484273
0.486593
0.490808
0.493826
0.496961
0.500221
0.503671
0.645416
0.530389
0.520238
0.524165
0.528152
0.532263
0.370518
0.371314
0.241844
0.235355
0.113746
0.11021
0.259327
0.261021
0.264804
0.270876
0.156308
0.157933
0.162434
0.157883
0.15358
0.149489
0.145591
0.142605
0.140267
0.140267
0.14269
0.147283
0
0
0
0
0
0
0
0
0
0
0
0