0
0
0
0.129111
0.124734
0.137654
0.152911
0.175338
0.194691
0.20835
0.220619
0.230831
0.315037
0.315134
0.310542
0.306081
0.38809
0.38967
0.389264
0.499429
0.389264
0.47611
0.466571
0.45256
0.433855
0.416966
0.405693
0.396182
0.386872
0.295857
0.390956
0.405956
0.42354
0.339294
0.350801
0.368921
0.255395
0.271817
0.183416
0.195962
0.335361
0.33147
0.32677
0.322691
0.318744
0.313767
0.410463
0.305981
0.294629
0.27991
0.265324
0.342981
0.332268
0.317376
0.304657
0.292564
0.278799
0.164963
0.248613
0.249969
0.248915
0.249421
0.251362
0.165836
0.250838
0.255782
0.257008
0.257008
0.255638
0.254283
0.252941
0.375409
0.385772
0.407796
0.430677
0.355451
0.367016
0.379437
0.479037
0.492293
0.50036
0.403061
0.401003
0.405583
0.412493
0.317236
0.427377
0.445734
0.298746
0.392698
0.372676
0.347194
0.326736
0.309736
0.2982
0.296185
0.291564
0.286555
0.28136
0.400767
0.394365
0.407162
0.416339
0.334925
0.342205
0.35648
0.271565
0.269901
0.271041
0.272191
0.273351
0.271936
0.183219
0.179674
0.178893
0.260611
0.154629
0.15483
0.137795
0.206529
0.192057
0.175614
0.160351
0.159302
0.159716
0.159383
0.158648
0.156848
0.157606
0.160414
0.161864
0.161864
0.0801206
0.0797707
0.0804704
0.0814912
0
0.10747
0.107579
0.107043
0.108666
0.108965
0.125079
0.140031
0.157704
0.173802
0.18876
0.202128
0.217199
0.228421
0.234274
0.323966
0.329904
0.33692
0.228305
0.232908
0.237751
0.234449
0.320791
0.314481
0.303375
0.288753
0.273925
0.377261
0.366803
0.454235
0.456423
0.56588
0.468394
0.460957
0.463251
0.465629
0.468145
0.591945
0.61781
0.497384
0.488446
0.491906
0.495471
0.499158
0.345404
0.345297
0.224017
0.218438
0.105876
0.243032
0.244519
0.247836
0.253174
0.260518
0.151353
0.152422
0.148408
0.1446
0.140982
0.137528
0.134222
0.131888
0.131252
0.133372
0.137442
0.140827
0
0
0
0
0
0
0
0
0
0
0