272 | 0
288 | 0
304 | 0
320 | 0
336 | 0
352 | 0
368 | 0
384 | 0
400 | 0
416 | 0
432 | 0
448 | 0
464 | 0
480 | 0
496 | 0
512 | 0
528 | 0
544 | 0
560 | 0
576 | 0
592 | 0
608 | 0
624 | 0
640 | 0
656 | 0
672 | 0
688 | 0
704 | 0
720 | 0
736 | 0
752 | 0
768 | 0
784 | 0
800 | 0
816 | 0
832 | 0
848 | 0
864 | 0
880 | 0
896 | 0
912 | 0
928 | 0
944 | 0
960 | 0
976 | 0
992 | 0
1008 | 0
1024 | 0
1040 | 0
1056 | 0
1072 | 0
1088 | 0
1104 | 0
1120 | 0
1136 | 0
1152 | 0
1168 | 0
1184 | 0
1200 | 0
1216 | 0
1232 | 0
1248 | 0
1264 | 0
1280 | 0
1296 | 0
1312 | 0
1328 | 0
1344 | 0
1360 | 0
1376 | 0
1392 | 0
1408 | 0
1424 | 0
1440 | 0
1456 | 0
1472 | 0
1488 | 0
1504 | 0
1520 | 0
1536 | 0
1552 | 0
1568 | 0
1584 | 0
1600 | 0
1616 | 0
1632 | 0
1648 | 0
1664 | 0
1680 | 0
1696 | 0
1712 | 0
1728 | 0
1744 | 0
1760 | 0
1776 | 0.000680156
1792 | 0.00665911
1808 | 0.0185256
1824 | 0.0359477
1840 | 0.0585822
1856 | 0.0863037
1872 | 0.118824
1888 | 0.155912
1904 | 0.197356
1920 | 0.227227
1936 | 0.254596
1952 | 0.286652
1968 | 0.317586
1984 | 0.351547
2000 | 0.393174
2016 | 0.440378
2032 | 0.493229
2048 | 0.549885
2064 | 0.597908
2080 | 0.636378
2096 | 0.673526
2112 | 0.710577
2128 | 0.737809
2144 | 0.747892
2160 | 0.747949
2176 | 0.750484
2192 | 0.757474
2208 | 0.762672
2224 | 0.768937
2240 | 0.779791
2256 | 0.796823
2272 | 0.811541
2288 | 0.824991
2304 | 0.834164
2320 | 0.833478
2336 | 0.815575
2352 | 0.786871
2368 | 0.756176
2384 | 0.728232
2400 | 0.714759
2416 | 0.722011
2432 | 0.742084
2448 | 0.76052
2464 | 0.772007
2480 | 0.782103
2496 | 0.786147
2512 | 0.791263
2528 | 0.778702
2544 | 0.751977
2560 | 0.716199
2576 | 0.680322
2592 | 0.645348
2608 | 0.61886
2624 | 0.593399
2640 | 0.568629
2656 | 0.538007
2672 | 0.499691
2688 | 0.46377
2704 | 0.418919
2720 | 0.353663
2736 | 0.296057
2752 | 0.23981
2768 | 0.187989
2784 | 0.143734
2800 | 0.109923
2816 | 0.0815137
2832 | 0.0555356
2848 | 0.033876
2864 | 0.0174773
2880 | 0.00643059
2896 | 0.000783767
2912 | 0
2928 | 0
2944 | 0
2960 | 0
2976 | 0
2992 | 0
3008 | 0
3024 | 0
3040 | 0
3056 | 0
3072 | 0
3088 | 0
3104 | 0
3120 | 0
3136 | 0
3152 | 0
3168 | 0
3184 | 0
3200 | 0
3216 | 0
3232 | 0
3248 | 0
3264 | 0
3280 | 0
3296 | 0
3312 | 0
3328 | 0
3344 | 0
3360 | 0
3376 | 0
3392 | 0
3408 | 0
3424 | 0
3440 | 0
3456 | 0
3472 | 0
3488 | 0
3504 | 0
3520 | 0
3536 | 0
3552 | 0
3568 | 0
3584 | 0
3600 | 0
3616 | 0
3632 | 0
3648 | 0
3664 | 0
Valeur de l'integrale : 555.581
