0
0
0.124844
0.12009
0.13137
0.145285
0.166441
0.184845
0.197916
0.209729
0.220757
0.301338
0.301184
0.295698
0.291651
0.369777
0.369454
0.366175
0.469346
0.469346
0.447152
0.451598
0.440405
0.43082
0.413196
0.396461
0.385518
0.37619
0.36706
0.3726
0.378309
0.394247
0.411017
0.331367
0.342856
0.360986
0.25188
0.267293
0.183653
0.31254
0.312422
0.308564
0.304459
0.300916
0.296476
0.387819
0.386906
0.285061
0.275184
0.261706
0.335442
0.325783
0.312649
0.2992
0.287735
0.274408
0.261734
0.234727
0.235633
0.234678
0.235127
0.236159
0.237071
0.238249
0.239794
0.240871
0.240871
0.324421
0.241935
0.238475
0.353801
0.363495
0.381203
0.402472
0.419916
0.346624
0.354732
0.450071
0.463024
0.468313
0.473828
0.381238
0.379363
0.38346
0.38963
0.400662
0.412025
0.418513
0.378311
0.368422
0.345391
0.321895
0.303039
0.289049
0.37777
0.281186
0.272322
0.266638
0.379578
0.373799
0.386245
0.395265
0.408169
0.331877
0.338853
0.338229
0.255976
0.254497
0.255511
0.256533
0.256542
0.253424
0.172276
0.16916
0.24528
0.247464
0.145629
0.14577
0.207638
0.195891
0.180529
0.165977
0.151519
0.150904
0.150607
0.149951
0.148341
0.148463
0.149885
0.152209
0.152229
0.152229
0.0757539
0.0757988
0.0766838
0.0761557
0.102046
0.101243
0.101243
0.102633
0.103124
0.117857
0.13162
0.147086
0.164013
0.179073
0.191571
0.204109
0.214656
0.221285
0.307325
0.313969
0.314419
0.320912
0.218997
0.22333
0.224629
0.304136
0.310962
0.299044
0.288267
0.274313
0.371513
0.358219
0.43951
0.436932
0.533094
0.54579
0.441455
0.434529
0.436242
0.438056
0.55084
0.568702
0.581287
0.468245
0.460315
0.463436
0.46666
0.467531
0.322781
0.320983
0.208637
0.203886
0.23402
0.22998
0.232912
0.23762
0.244102
0.252614
0.146284
0.140006
0.136612
0.133379
0.130295
0.127338
0.124685
0.123888
0.125196
0.128775
0.131803
0.134913
0
0
0
0
0
0
0
0
0
0