288 | 0
304 | 0
320 | 0
336 | 0
352 | 0
368 | 0
384 | 0
400 | 0
416 | 0
432 | 0
448 | 0
464 | 0
480 | 0
496 | 0
512 | 0
528 | 0
544 | 0
560 | 0
576 | 0
592 | 0
608 | 0
624 | 0
640 | 0
656 | 0
672 | 0
688 | 0
704 | 0
720 | 0
736 | 0
752 | 0
768 | 0
784 | 0
800 | 0
816 | 0
832 | 0
848 | 0
864 | 0
880 | 0
896 | 0
912 | 0
928 | 0
944 | 0
960 | 0
976 | 0
992 | 0
1008 | 0
1024 | 0
1040 | 0
1056 | 0
1072 | 0
1088 | 0
1104 | 0
1120 | 0
1136 | 0
1152 | 0
1168 | 0
1184 | 0
1200 | 0
1216 | 0
1232 | 0
1248 | 0
1264 | 0
1280 | 0
1296 | 0
1312 | 0
1328 | 0
1344 | 0
1360 | 0
1376 | 0
1392 | 0
1408 | 0
1424 | 0
1440 | 0
1456 | 0
1472 | 0
1488 | 0
1504 | 0
1520 | 0
1536 | 0
1552 | 0
1568 | 0
1584 | 0
1600 | 0
1616 | 0
1632 | 0
1648 | 0
1664 | 0
1680 | 0
1696 | 0
1712 | 0
1728 | 0
1744 | 0
1760 | 0
1776 | 0.000635223
1792 | 0.00637001
1808 | 0.0178661
1824 | 0.0341622
1840 | 0.0555169
1856 | 0.0817407
1872 | 0.112627
1888 | 0.147903
1904 | 0.187366
1920 | 0.220504
1936 | 0.246912
1952 | 0.272478
1968 | 0.302706
1984 | 0.33341
2000 | 0.369175
2016 | 0.41339
2032 | 0.462881
2048 | 0.519295
2064 | 0.578077
2080 | 0.619559
2096 | 0.650781
2112 | 0.687453
2128 | 0.717611
2144 | 0.731824
2160 | 0.736621
2176 | 0.743699
2192 | 0.750459
2208 | 0.755074
2224 | 0.761082
2240 | 0.771018
2256 | 0.785592
2272 | 0.80322
2288 | 0.82066
2304 | 0.834022
2320 | 0.838331
2336 | 0.825318
2352 | 0.797221
2368 | 0.763695
2384 | 0.739588
2400 | 0.721569
2416 | 0.716958
2432 | 0.731063
2448 | 0.755676
2464 | 0.770896
2480 | 0.778297
2496 | 0.783304
2512 | 0.792122
2528 | 0.784659
2544 | 0.761043
2560 | 0.731181
2576 | 0.699421
2592 | 0.660373
2608 | 0.621326
2624 | 0.58626
2640 | 0.558316
2656 | 0.53436
2672 | 0.505584
2688 | 0.478931
2704 | 0.44285
2720 | 0.393469
2736 | 0.332047
2752 | 0.278081
2768 | 0.225263
2784 | 0.176714
2800 | 0.138573
2816 | 0.106555
2832 | 0.0775123
2848 | 0.05277
2864 | 0.032182
2880 | 0.0165999
2896 | 0.006106
2912 | 0.000755604
2928 | 0
2944 | 0
2960 | 0
2976 | 0
2992 | 0
3008 | 0
3024 | 0
3040 | 0
3056 | 0
3072 | 0
3088 | 0
3104 | 0
3120 | 0
3136 | 0
3152 | 0
3168 | 0
3184 | 0
3200 | 0
3216 | 0
3232 | 0
3248 | 0
3264 | 0
3280 | 0
3296 | 0
3312 | 0
3328 | 0
3344 | 0
3360 | 0
3376 | 0
3392 | 0
3408 | 0
3424 | 0
3440 | 0
3456 | 0
3472 | 0
3488 | 0
3504 | 0
3520 | 0
3536 | 0
3552 | 0
3568 | 0
3584 | 0
3600 | 0
3616 | 0
3632 | 0
3648 | 0
3664 | 0
Valeur de l'integrale : 555.947
