0
0.12085
0.11639
0.126799
0.139069
0.158611
0.175961
0.188477
0.199863
0.210513
0.288725
0.288638
0.283382
0.27852
0.353114
0.352819
0.348267
0.44309
0.442681
0.520058
0.425463
0.427745
0.420485
0.411418
0.393917
0.377849
0.367254
0.35812
0.438377
0.361095
0.368743
0.384036
0.399788
0.324745
0.336691
0.352118
0.248742
0.262933
0.294064
0.292524
0.291992
0.288594
0.285
0.280991
0.367542
0.366723
0.361252
0.266819
0.258146
0.328627
0.31943
0.307369
0.295509
0.283354
0.270697
0.258373
0.323376
0.223123
0.221997
0.222383
0.223306
0.223501
0.303347
0.228263
0.226641
0.226641
0.305071
0.307825
0.227582
0.334217
0.343199
0.360459
0.377735
0.394002
0.407819
0.336129
0.421847
0.435908
0.441749
0.444991
0.449338
0.361626
0.359939
0.363625
0.465921
0.387138
0.388657
0.488428
0.35573
0.343177
0.321828
0.300032
0.284084
0.364035
0.359428
0.263247
0.254272
0.361007
0.3553
0.367373
0.376221
0.388586
0.401521
0.32913
0.322321
0.319673
0.24208
0.240756
0.241664
0.241672
0.240003
0.238873
0.162586
0.232561
0.233599
0.233869
0.137586
0.211277
0.197554
0.184698
0.171081
0.157256
0.143902
0.142748
0.142157
0.14071
0.140819
0.141592
0.142698
0.14366
0.143677
0.144326
0.0721629
0.0724299
0.0719409
0.169515
0.0964151
0.0956106
0.0972883
0.0976753
0.111897
0.124448
0.138672
0.153499
0.16949
0.182308
0.194059
0.202455
0.208707
0.290956
0.298533
0.300112
0.300707
0.306748
0.210754
0.211774
0.291837
0.295287
0.296607
0.285051
0.274593
0.36687
0.353753
0.426638
0.423852
0.509068
0.515484
0.515907
0.417447
0.410967
0.412246
0.51579
0.530868
0.537688
0.54884
0.442332
0.435292
0.438135
0.438903
0.438784
0.301436
0.299868
0.195322
0.322136
0.221893
0.219683
0.223866
0.229611
0.23715
0.244507
0.134811
0.12946
0.126553
0.123774
0.121113
0.118724
0.117511
0.118478
0.121137
0.123813
0.126609
0.129476
0
0
0
0
0
0
0
0
0