304 | 0
320 | 0
336 | 0
352 | 0
368 | 0
384 | 0
400 | 0
416 | 0
432 | 0
448 | 0
464 | 0
480 | 0
496 | 0
512 | 0
528 | 0
544 | 0
560 | 0
576 | 0
592 | 0
608 | 0
624 | 0
640 | 0
656 | 0
672 | 0
688 | 0
704 | 0
720 | 0
736 | 0
752 | 0
768 | 0
784 | 0
800 | 0
816 | 0
832 | 0
848 | 0
864 | 0
880 | 0
896 | 0
912 | 0
928 | 0
944 | 0
960 | 0
976 | 0
992 | 0
1008 | 0
1024 | 0
1040 | 0
1056 | 0
1072 | 0
1088 | 0
1104 | 0
1120 | 0
1136 | 0
1152 | 0
1168 | 0
1184 | 0
1200 | 0
1216 | 0
1232 | 0
1248 | 0
1264 | 0
1280 | 0
1296 | 0
1312 | 0
1328 | 0
1344 | 0
1360 | 0
1376 | 0
1392 | 0
1408 | 0
1424 | 0
1440 | 0
1456 | 0
1472 | 0
1488 | 0
1504 | 0
1520 | 0
1536 | 0
1552 | 0
1568 | 0
1584 | 0
1600 | 0
1616 | 0
1632 | 0
1648 | 0
1664 | 0
1680 | 0
1696 | 0
1712 | 0
1728 | 0
1744 | 0
1760 | 0
1776 | 0.000594897
1792 | 0.00596886
1808 | 0.0171282
1824 | 0.0330238
1840 | 0.0529423
1856 | 0.0777417
1872 | 0.107054
1888 | 0.140676
1904 | 0.178339
1920 | 0.209925
1936 | 0.239975
1952 | 0.264659
1968 | 0.288469
1984 | 0.318646
2000 | 0.351163
2016 | 0.389519
2032 | 0.436052
2048 | 0.489195
2064 | 0.547966
2080 | 0.600029
2096 | 0.634349
2112 | 0.665051
2128 | 0.695194
2144 | 0.713071
2160 | 0.722073
2176 | 0.73315
2192 | 0.744005
2208 | 0.748576
2224 | 0.753955
2240 | 0.76348
2256 | 0.77699
2272 | 0.792263
2288 | 0.812333
2304 | 0.829493
2320 | 0.837982
2336 | 0.830398
2352 | 0.807644
2368 | 0.774768
2384 | 0.747617
2400 | 0.732651
2416 | 0.72334
2432 | 0.725733
2448 | 0.744585
2464 | 0.765804
2480 | 0.776948
2496 | 0.779644
2512 | 0.789079
2528 | 0.785825
2544 | 0.767556
2560 | 0.74087
2576 | 0.71465
2592 | 0.679837
2608 | 0.636887
2624 | 0.59016
2640 | 0.553313
2656 | 0.526581
2672 | 0.503988
2688 | 0.485698
2704 | 0.45839
2720 | 0.417171
2736 | 0.370935
2752 | 0.312922
2768 | 0.262164
2784 | 0.212525
2800 | 0.170626
2816 | 0.134542
2832 | 0.101636
2848 | 0.0738854
2864 | 0.0502668
2880 | 0.0306493
2896 | 0.0158063
2912 | 0.0059004
2928 | 0.000728686
2944 | 0
2960 | 0
2976 | 0
2992 | 0
3008 | 0
3024 | 0
3040 | 0
3056 | 0
3072 | 0
3088 | 0
3104 | 0
3120 | 0
3136 | 0
3152 | 0
3168 | 0
3184 | 0
3200 | 0
3216 | 0
3232 | 0
3248 | 0
3264 | 0
3280 | 0
3296 | 0
3312 | 0
3328 | 0
3344 | 0
3360 | 0
3376 | 0
3392 | 0
3408 | 0
3424 | 0
3440 | 0
3456 | 0
3472 | 0
3488 | 0
3504 | 0
3520 | 0
3536 | 0
3552 | 0
3568 | 0
3584 | 0
3600 | 0
3616 | 0
3632 | 0
3648 | 0
3664 | 0
Valeur de l'integrale : 556.364
