0
0
0
0
0
0
0
0
0
0
0
0
0
0
0
0
0
0
0.859375
0.859375
0.111406
0.238305
0.314394
0.36417
0.295651
0.238961
0.226406
0.893787
0.92663
0
0
0.726562
0.825333
0
0.859375
0.859375
0.694973
0.762011
0
0
0
0
0
0
0
1.03963
1.375
0.11625
0.190524
0.193548
0.191367
0.200983
0.202746
0.193548
0.190524
1.15803
0.983548
0
0
0
0
0.733859
0.815464
0
0
0
0.726562
0.835784
0
0
0
0
0
0.694973
0.756657
0
0
0
0
0.799219
0.923702
0
0
0.694973
0.756657
0
1.12016
1.68608
0.204665
0.315842
0.288269
0.233278
0.185593
0.950762
1.19127
0
0
0
0
0
0
1.03963
1.375
0
0.825166
0.801724
0
0
0
0
0.801567
0.935956
0
0
0.859375
0.859375
0.135937
0.248437
0.244275
0.271544
0.276074
0.137221
0
0
0
0
0
0
0
0
0.694973
0.756657
0
0
0.701165
0.756657
0
0
0
0
0
0
0
0
0
0
0
0
0
0
0
0
0.863287
0.916514
0
0
0
0.139527
0.246562
0.255435
0.28044
0.27744
0.252943
0.235
0.205
0.1425
0.871604
1.01173
0.0865645
0.075
0.075
0.075
0.047155
0.823319
1.18574
0
0
0
1.10887
1.10887
0.976145
1.17857
1.25869
1.35902
0
0
0
0
0.996105
1.3007
0
0
0
0
0
0
0
0
0
0
1.09715
1.20114
0
0
0
0
0
0
0
0
0
0
0
0
0
0
0
0
0
0
0
0
0
0
0
0
0
0