0.117103
0.112911
0.123139
0.134524
0.152194
0.168101
0.179911
0.190884
0.201177
0.275851
0.277046
0.272248
0.267567
0.337889
0.337619
0.333448
0.422596
0.419249
0.491858
0.496213
0.404227
0.409475
0.402608
0.393218
0.37633
0.360906
0.350642
0.425382
0.425414
0.352769
0.36038
0.374815
0.39046
0.319707
0.329595
0.344143
0.245616
0.362762
0.276278
0.274538
0.274047
0.271052
0.267064
0.349281
0.348541
0.343595
0.338787
0.250771
0.32216
0.31366
0.302196
0.2912
0.280494
0.267312
0.255564
0.317511
0.30813
0.210859
0.210964
0.211779
0.211955
0.286645
0.291183
0.216313
0.213998
0.2879
0.290352
0.290352
0.319419
0.324741
0.341431
0.3583
0.371102
0.384023
0.394574
0.400499
0.40938
0.417001
0.420939
0.423324
0.427222
0.343934
0.342407
0.43574
0.45108
0.366438
0.455365
0.460341
0.332138
0.321169
0.301275
0.282387
0.354737
0.347423
0.337387
0.246343
0.345306
0.338978
0.350285
0.358929
0.370796
0.383182
0.395509
0.31351
0.305426
0.303047
0.229615
0.228424
0.228432
0.226939
0.226912
0.225929
0.22393
0.222034
0.221448
0.221639
0.19995
0.201571
0.186876
0.175474
0.162488
0.149697
0.136466
0.135134
0.133826
0.133925
0.134623
0.135161
0.135157
0.136019
0.136616
0.137794
0.0691029
0.0681841
0.160581
0.160581
0.0912939
0.0920764
0.0928223
0.106303
0.118492
0.131457
0.145116
0.159134
0.173088
0.185189
0.193026
0.197482
0.275033
0.28328
0.286173
0.287774
0.288481
0.294127
0.200488
0.275679
0.28368
0.282313
0.283518
0.272309
0.362594
0.350192
0.418809
0.412364
0.491836
0.493346
0.489123
0.489126
0.395915
0.389861
0.48555
0.498421
0.504024
0.509882
0.519825
0.419176
0.412896
0.413578
0.413472
0.411434
0.28274
0.281482
0.30932
0.306
0.212292
0.211618
0.216744
0.223449
0.229991
0.226066
0.125006
0.120392
0.117874
0.115459
0.113295
0.112201
0.112633
0.114837
0.116736
0.119218
0.121808
0.124471
0
0
0
0
0
0
0
0