320 | 0
336 | 0
352 | 0
368 | 0
384 | 0
400 | 0
416 | 0
432 | 0
448 | 0
464 | 0
480 | 0
496 | 0
512 | 0
528 | 0
544 | 0
560 | 0
576 | 0
592 | 0
608 | 0
624 | 0
640 | 0
656 | 0
672 | 0
688 | 0
704 | 0
720 | 0
736 | 0
752 | 0
768 | 0
784 | 0
800 | 0
816 | 0
832 | 0
848 | 0
864 | 0
880 | 0
896 | 0
912 | 0
928 | 0
944 | 0
960 | 0
976 | 0
992 | 0
1008 | 0
1024 | 0
1040 | 0
1056 | 0
1072 | 0
1088 | 0
1104 | 0
1120 | 0
1136 | 0
1152 | 0
1168 | 0
1184 | 0
1200 | 0
1216 | 0
1232 | 0
1248 | 0
1264 | 0
1280 | 0
1296 | 0
1312 | 0
1328 | 0
1344 | 0
1360 | 0
1376 | 0
1392 | 0
1408 | 0
1424 | 0
1440 | 0
1456 | 0
1472 | 0
1488 | 0
1504 | 0
1520 | 0
1536 | 0
1552 | 0
1568 | 0
1584 | 0
1600 | 0
1616 | 0
1632 | 0
1648 | 0
1664 | 0
1680 | 0
1696 | 0
1712 | 0
1728 | 0
1744 | 0
1760 | 0
1776 | 0.00055934
1792 | 0.00560657
1808 | 0.0160987
1824 | 0.0317434
1840 | 0.0512913
1856 | 0.0743604
1872 | 0.102136
1888 | 0.134132
1904 | 0.170142
1920 | 0.200314
1936 | 0.229014
1952 | 0.257579
1968 | 0.280584
1984 | 0.304445
2000 | 0.336422
2016 | 0.371493
2032 | 0.412163
2048 | 0.462393
2064 | 0.518141
2080 | 0.570462
2096 | 0.615335
2112 | 0.648831
2128 | 0.673423
2144 | 0.692061
2160 | 0.704819
2176 | 0.719444
2192 | 0.733925
2208 | 0.742572
2224 | 0.747833
2240 | 0.756606
2256 | 0.769553
2272 | 0.783812
2288 | 0.801509
2304 | 0.821222
2320 | 0.833478
2336 | 0.830455
2352 | 0.813427
2368 | 0.785969
2384 | 0.758958
2400 | 0.740656
2416 | 0.733841
2432 | 0.731441
2448 | 0.738861
2464 | 0.754708
2480 | 0.771851
2496 | 0.778305
2512 | 0.785244
2528 | 0.783235
2544 | 0.769514
2560 | 0.747999
2576 | 0.724762
2592 | 0.695446
2608 | 0.656875
2624 | 0.606442
2640 | 0.558506
2656 | 0.523328
2672 | 0.49826
2688 | 0.48525
2704 | 0.465931
2720 | 0.433044
2736 | 0.394307
2752 | 0.350842
2768 | 0.29588
2784 | 0.248129
2800 | 0.205609
2816 | 0.165857
2832 | 0.12863
2848 | 0.0971513
2864 | 0.0705827
2880 | 0.0479904
2896 | 0.029256
2912 | 0.0153014
2928 | 0.00570299
2944 | 0.000707339
2960 | 0
2976 | 0
2992 | 0
3008 | 0
3024 | 0
3040 | 0
3056 | 0
3072 | 0
3088 | 0
3104 | 0
3120 | 0
3136 | 0
3152 | 0
3168 | 0
3184 | 0
3200 | 0
3216 | 0
3232 | 0
3248 | 0
3264 | 0
3280 | 0
3296 | 0
3312 | 0
3328 | 0
3344 | 0
3360 | 0
3376 | 0
3392 | 0
3408 | 0
3424 | 0
3440 | 0
3456 | 0
3472 | 0
3488 | 0
3504 | 0
3520 | 0
3536 | 0
3552 | 0
3568 | 0
3584 | 0
3600 | 0
3616 | 0
3632 | 0
3648 | 0
3664 | 0
Valeur de l'integrale : 556.828
