0
0
0
0
0
0
0
0
0
0
0
0
0
0
0
0
0
0.576037
0.572917
0.647188
0.158621
0.282787
0.324423
0.324321
0.27199
0.23344
0.646105
0.630909
0.53729
0
0.463315
0.501594
0.501594
0.616177
0.572917
1.05546
0.47748
0.494502
0
0
0
0
0
0
0.637781
0.75
0.835227
0.145833
0.191532
0.19212
0.198333
0.198333
0.199584
0.191532
0.844581
0.738974
0.641026
0
0
0
0.477591
0.501348
0.497931
0
0
0.463315
0.505435
0.521939
0
0
0
0
0.450264
0.475372
0.475372
0
0
0
0.519026
0.554923
0.552898
0
0.461903
0.475372
0.475372
0.720839
0.85113
1.02814
0.250796
0.295789
0.262483
0.209177
0.666624
0.717977
0.721184
0
0
0
0
0
0.637781
0.75
0.741304
0.631579
0.535042
0.492775
0
0
0
0.492715
0.559322
0.556962
0
0.586667
0.572917
0.663542
0.165625
0.253986
0.254028
0.273038
0.183323
0.0873892
0
0
0
0
0
0
0
0.449918
0.475372
0.479045
0
0.456187
0.478261
0.475372
0
0
0
0
0
0
0
0
0
0
0
0
0
0
0
0.61923
0.577792
0.597761
0
0
0.101624
0.173026
0.256382
0.263459
0.278209
0.261687
0.246665
0.215
0.173333
0.611616
0.637906
0.623397
0.0823328
0.075
0.075
0.0564735
0.532816
0.627854
0.689934
0
0
0.739247
0.739247
1.43765
0.6875
1.649
0.857682
0.745219
0
0
0
0.621129
0.727855
0.762011
0
0
0
0
0
0
0
0
0
0.71373
0.758307
0.841751
0
0
0
0
0
0
0
0
0
0
0
0
0
0
0
0
0
0
0
0
0
0
0
0
0