0
0
0
0
0
0
0
0
0
0
0
0
0
0
0
0
0.447992
0.43144
0.485391
0.549569
0.210231
0.297306
0.305336
0.298701
0.258962
0.544123
0.512297
0.444249
0.378328
0.369581
0.360275
0.360275
0.844515
0.453571
0.780599
0.814953
0.356601
0.381396
0
0
0
0
0
0.459982
0.515625
0.574219
0.634703
0.15904
0.190934
0.197076
0.197076
0.197076
0.196493
0.684898
0.610785
0.539331
0.475285
0
0
0.353979
0.366864
0.360148
0.358382
0
0.340093
0.362252
0.370652
0.38129
0
0
0
0.343519
0.346545
0.346545
0.355826
0
0
0.379733
0.40363
0.395553
0.386001
0.368217
0.353398
0.346545
0.929638
0.598998
0.680135
0.799265
0.252185
0.274574
0.237294
0.552492
0.555651
0.530748
0.506248
0
0
0
0
0.459982
0.515625
0.5115
1.03138
0.446335
0.377212
0.355702
0
0
0.355671
0.389121
0.397629
0.387978
0.474711
0.437376
0.497656
0.553906
0.187881
0.258908
0.259203
0.204739
0.132756
0.0641083
0
0
0
0
0
0
0.322738
0.346339
0.348493
0.350043
0.350043
0.350043
0.348078
0.354224
0
0
0
0
0
0
0
0
0
0
0
0
0
0
0.475367
0.45719
0.432424
0.482076
0
0.0729167
0.139301
0.197324
0.262008
0.265983
0.265983
0.254462
0.22809
0.18875
0.509258
0.502244
0.472937
0.46268
0.0803684
0.075
0.0611189
0.404789
0.44757
0.456615
0.486506
0
0.554435
0.554435
1.04808
1.13757
1.09956
1.26238
0.564336
0.513361
0
0
0.451257
0.50506
0.52154
0.538846
0
0
0
0
0
0
0
0
0.528897
0.552986
0.597307
0.670895
0
0
0
0
0
0
0
0
0
0
0
0
0
0
0
0
0
0
0
0
0
0
0
0