0
0
0
0
0
0
0
0
0
0
0
0
0
0
0
0.372704
0.355366
0.389579
0.439449
0.518249
0.234678
0.287673
0.289211
0.282491
0.506489
0.455647
0.395334
0.342822
0.617754
0.300927
0.281083
0.658882
0.658882
0.647496
0.640748
0.653629
0.293776
0.311463
0
0
0
0
0.359831
0.392857
0.4375
0.483583
0.529666
0.164983
0.195083
0.196342
0.196342
0.195083
0.598819
0.531384
0.475997
0.424495
0.377643
0
0.281276
0.289269
0.285077
0.281005
0.279929
0.279929
0.282285
0.28736
0.293712
0.301859
0
0
0.276412
0.279661
0.272655
0.278367
0.286876
0
0.292788
0.314045
0.312152
0.302104
0.615848
0.295814
0.276879
0.709572
0.808088
0.528175
0.593765
0.666367
0.243045
0.252084
0.502143
0.482843
0.44816
0.414461
0.387537
0
0
0
0.359831
0.392857
0.390458
0.78579
0.770331
0.330854
0.291287
0.278292
0
0.278273
0.298338
0.303313
0.303313
0.697752
0.371973
0.403803
0.443125
0.504034
0.203315
0.262036
0.209455
0.159504
0.104054
0.0506222
0
0
0
0
0
0.257731
0.265732
0.273731
0.274815
0.569203
0.283969
0.274815
0.278367
0.281682
0
0
0
0
0
0
0
0
0
0
0
0
0
0.378944
0.373692
0.361129
0.36846
0.38927
0.05706
0.108618
0.166239
0.212801
0.26425
0.259149
0.259149
0.237534
0.203782
0.450648
0.441674
0.405411
0.382747
0.374814
0.0792341
0.0639018
0.332719
0.355952
0.357276
0.358766
0.375723
0.478677
0.443548
0.824622
0.879032
1.37902
0.913087
0.913087
0.420512
0.391541
0
0.354347
0.386694
0.396281
0.406356
0.416786
0
0
0
0
0
0
0
0.426687
0.435161
0.462146
0.505887
0.572559
0
0
0
0
0
0
0
0
0
0
0
0
0
0
0
0
0
0
0
0
0
0
0