0
0
0
0
0
0
0
0
0
0
0
0
0
0
0.319081
0.306287
0.332655
0.367089
0.430373
0.492904
0.236957
0.277505
0.277505
0.485166
0.437708
0.369757
0.321852
0.540917
0.518828
0.2436
0.540151
0.540151
0.793459
0.54824
0.536615
0.559986
0.250459
0.262073
0
0
0
0.296931
0.317406
0.353365
0.390586
0.427807
0.469737
0.173017
0.194819
0.195861
0.194819
0.536363
0.484398
0.432272
0.38985
0.349977
0.310594
0.234244
0.238823
0.235905
0.233109
0.230379
0.48
0.23955
0.234633
0.238851
0.244211
0.244211
0
0.230561
0.233508
0.229475
0.228603
0.234311
0.237796
0.245089
0.252126
0.255734
0.250904
0.504158
0.511212
0.24024
0.581721
0.636496
0.70798
0.487274
0.528242
0.576974
0.228269
0.467984
0.451204
0.408623
0.37095
0.338282
0.313828
0
0
0.296931
0.317406
0.315741
0.634665
0.624542
0.592014
0.262847
0.237245
0.231868
0.235254
0.241901
0.245162
0.245162
0.574681
0.566
0.354164
0.37365
0.417759
0.471193
0.214151
0.221239
0.172022
0.13064
0.0855564
0.041824
0
0
0
0
0.216864
0.220035
0.220795
0.226115
0.465582
0.478652
0.232368
0.229449
0.231513
0.235362
0
0
0
0
0
0
0
0
0
0
0
0
0.310489
0.311403
0.306954
0.315403
0.311668
0.365053
0.0892736
0.135339
0.18465
0.222532
0.258964
0.254786
0.243944
0.215136
0.423251
0.403488
0.373925
0.344362
0.325885
0.319418
0.0688261
0.286499
0.3005
0.298974
0.297299
0.295453
0.717373
0.393701
0.679705
0.716249
1.10328
1.19584
0.715197
0.715197
0.335108
0.316547
0.313131
0.313275
0.319538
0.326056
0.332845
0.339924
0
0
0
0
0
0
0.359501
0.363516
0.376867
0.405455
0.447883
0.511247
0
0
0
0
0
0
0
0
0
0
0
0
0
0
0
0
0
0
0
0
0
0