96 | 0
112 | 0
128 | 0
144 | 0
160 | 0
176 | 0
192 | 0
208 | 0
224 | 0
240 | 0
256 | 0
272 | 0
288 | 0
304 | 0
320 | 0
336 | 0
352 | 0
368 | 0
384 | 0
400 | 0
416 | 0
432 | 0
448 | 0
464 | 0
480 | 0
496 | 0
512 | 0
528 | 0
544 | 0
560 | 0
576 | 0
592 | 0
608 | 0
624 | 0
640 | 0
656 | 0
672 | 0
688 | 0
704 | 0
720 | 0
736 | 0
752 | 0
768 | 0
784 | 0
800 | 0
816 | 0
832 | 0
848 | 0
864 | 0
880 | 0
896 | 0
912 | 0
928 | 0
944 | 0
960 | 0
976 | 0
992 | 0
1008 | 0
1024 | 0
1040 | 0
1056 | 0
1072 | 0
1088 | 0
1104 | 0
1120 | 0
1136 | 0
1152 | 0
1168 | 0
1184 | 0
1200 | 0
1216 | 0
1232 | 0
1248 | 0
1264 | 0
1280 | 0
1296 | 0
1312 | 0
1328 | 0
1344 | 0
1360 | 0
1376 | 0
1392 | 0
1408 | 0
1424 | 0
1440 | 0
1456 | 0
1472 | 0
1488 | 0
1504 | 0
1520 | 0
1536 | 0
1552 | 0
1568 | 0
1584 | 0
1600 | 0
1616 | 0
1632 | 0
1648 | 0
1664 | 0
1680 | 0
1696 | 0
1712 | 0
1728 | 0
1744 | 0
1760 | 0
1776 | 0.00158658
1792 | 0.0158675
1808 | 0.0461102
1824 | 0.0922653
1840 | 0.153136
1856 | 0.229345
1872 | 0.314392
1888 | 0.38163
1904 | 0.442688
1920 | 0.498048
1936 | 0.545711
1952 | 0.581977
1968 | 0.604543
1984 | 0.611516
2000 | 0.615338
2016 | 0.637811
2032 | 0.676096
2048 | 0.729458
2064 | 0.79248
2080 | 0.852307
2096 | 0.887289
2112 | 0.919392
2128 | 0.923375
2144 | 0.875681
2160 | 0.802453
2176 | 0.752418
2192 | 0.727687
2208 | 0.691085
2224 | 0.673881
2240 | 0.70314
2256 | 0.760612
2272 | 0.80109
2288 | 0.837712
2304 | 0.88251
2320 | 0.910613
2336 | 0.891976
2352 | 0.826853
2368 | 0.738279
2384 | 0.652811
2400 | 0.582073
2416 | 0.553589
2432 | 0.588446
2448 | 0.678866
2464 | 0.774416
2480 | 0.847129
2496 | 0.878781
2512 | 0.903888
2528 | 0.865076
2544 | 0.777252
2560 | 0.680471
2576 | 0.597584
2592 | 0.509017
2608 | 0.40397
2624 | 0.306285
2640 | 0.221131
2656 | 0.148399
2672 | 0.0875912
2688 | 0.0462754
2704 | 0.017322
2720 | 0.00207864
2736 | 0
2752 | 0
2768 | 0
2784 | 0
2800 | 0
2816 | 0
2832 | 0
2848 | 0
2864 | 0
2880 | 0
2896 | 0
2912 | 0
2928 | 0
2944 | 0
2960 | 0
2976 | 0
2992 | 0
3008 | 0
3024 | 0
3040 | 0
3056 | 0
3072 | 0
3088 | 0
3104 | 0
3120 | 0
3136 | 0
3152 | 0
3168 | 0
3184 | 0
3200 | 0
3216 | 0
3232 | 0
3248 | 0
3264 | 0
3280 | 0
3296 | 0
3312 | 0
3328 | 0
3344 | 0
3360 | 0
3376 | 0
3392 | 0
3408 | 0
3424 | 0
3440 | 0
3456 | 0
3472 | 0
3488 | 0
3504 | 0
3520 | 0
3536 | 0
3552 | 0
3568 | 0
3584 | 0
3600 | 0
3616 | 0
3632 | 0
3648 | 0
3664 | 0
Valeur de l'integrale : 552.813
