0
0
0
0
0
0
0
0
0
0
0
0
0
0
0
0
0
0
0
0
0
0
0
0
0
0
0.251413
0.264341
0.331702
0.399581
0.472389
0.547867
0.941666
0.650373
0.658214
0.623068
0.58074
0.535688
0.483049
0
0.0347795
0.101275
0.168687
0.236162
0.283767
0.310234
0.323285
0.285464
0.217637
0.149326
0.0872648
0.32391
0.297696
0.321609
0.356144
0.403431
0.444452
0.489484
0.262016
0.294028
0.295408
0.592112
0.564376
0.630313
0.677965
0.706209
0.721895
0.733933
0.425811
0.47121
0.419819
0.386207
0.368508
0.361558
0.360181
0.337826
0.30902
0.270917
0.220033
0.168377
0.107978
0.0587058
0.0302088
0.0110868
0.0873777
0.171475
0.250668
0.329869
0.402452
0.443318
0.491944
0.452077
0.397163
0.342097
0.306778
0.271319
0.230011
0.41101
0.387744
0.346657
0.306354
0.265043
0.234759
0.213425
0
0
0
0
0
0
0
0
0
0
0
0
0
0
0
0
0
0
0
0
0.00886427
0.0327396
0.0565502
0.0803609
0.104288
0.130365
0.154129
0.158431
0.144529
0.127279
0.109227
0.0885936
0.0798539
0.0929902
0.15692
0.225241
0.287821
0.326836
0.353594
0.389997
0.551936
0.681671
0.678741
0.660367
0.642614
0.640043
0.619131
0.415651
0.210079
0.151227
0.0976613
0.0555742
0.0191365
0.000731128
0
0
0.0708149
0.151347
0.238158
0.331317
0.340035
0.334322
0.324657
0.233995
0.154229
0.0799507
0
0
0
0
0
0
0
0
0.142303
0.296071
0.315501
0.501915
0.708303
0.769179
0.857569
0.716177
0.449957
0.416576
0.189087
0
0
0
0
0
0
0
0
0
0
0
0
0
0
0
0
0
0