0
0
0
0
0
0
0
0
0
0
0
0
0
0
0
0
0
0
0
0
0
0
0
0
0
0.215232
0.22789
0.287005
0.348014
0.405483
0.469101
0.803595
0.833098
0.589586
0.597898
0.563034
0.521788
0.477142
0.415848
0.0297168
0.0894341
0.149556
0.209378
0.251744
0.275676
0.280842
0.275651
0.242506
0.185532
0.127016
0.328041
0.2896
0.296225
0.312842
0.352321
0.38858
0.424164
0.463113
0.266635
0.294404
0.549145
0.535335
0.584738
0.625007
0.6491
0.662748
0.674104
0.69436
0.421849
0.457302
0.411145
0.381733
0.366215
0.358244
0.343884
0.318534
0.281824
0.236531
0.191308
0.136257
0.0888008
0.0522772
0.0262447
0.0881364
0.154653
0.225766
0.280172
0.340825
0.400721
0.436211
0.467353
0.421938
0.374296
0.328261
0.290128
0.252394
0.407828
0.374099
0.325613
0.290381
0.257854
0.224526
0.200065
0.18294
0
0
0
0
0
0
0
0
0
0
0
0
0
0
0
0
0
0
0
0.00772325
0.0284986
0.0492248
0.069951
0.0906772
0.111512
0.135695
0.150588
0.147584
0.131921
0.116938
0.100339
0.092919
0.105019
0.152343
0.205575
0.261557
0.302294
0.330547
0.353973
0.508472
0.654422
0.651023
0.635089
0.609195
0.601365
0.582878
0.544579
0.358159
0.181664
0.131154
0.0846987
0.0481978
0.0166945
0.000650856
0
0.0611047
0.129676
0.202472
0.279737
0.286869
0.288974
0.28478
0.277738
0.208859
0.142287
0.0683671
0
0
0
0
0
0
0
0.122067
0.252226
0.266241
0.429288
0.608659
0.65178
0.714153
0.783966
0.565512
0.359847
0.338176
0.155992
0
0
0
0
0
0
0
0
0
0
0
0
0
0
0
0
0