0
0
0
0
0
0
0
0
0
0
0
0
0
0
0
0
0
0
0
0
0
0
0
0
0.188155
0.197758
0.251808
0.30635
0.359039
0.410137
0.700835
0.723171
0.762696
0.540725
0.547708
0.513551
0.472773
0.420303
0.390548
0.0780382
0.133854
0.188051
0.226215
0.248565
0.253903
0.24441
0.238763
0.210601
0.160118
0.344325
0.296206
0.289328
0.291618
0.314387
0.345445
0.377359
0.408777
0.443177
0.270067
0.519199
0.502719
0.556187
0.584969
0.605972
0.61794
0.62745
0.645444
0.663203
0.414777
0.445266
0.404397
0.378253
0.362799
0.34405
0.325963
0.293028
0.249987
0.209108
0.158627
0.114429
0.0800286
0.0460733
0.0950068
0.149327
0.205962
0.255756
0.295565
0.346739
0.399413
0.420633
0.438692
0.399043
0.358859
0.311611
0.271737
0.405483
0.376321
0.322551
0.280005
0.249825
0.222611
0.194754
0.17434
0.163314
0
0
0
0
0
0
0
0
0
0
0
0
0
0
0
0
0
0
0.00684248
0.0252303
0.0435795
0.0619288
0.0802781
0.0986274
0.118162
0.134348
0.141408
0.136239
0.122615
0.108767
0.102322
0.112666
0.155109
0.196132
0.241142
0.278274
0.308781
0.333576
0.46184
0.602719
0.630069
0.615737
0.592879
0.576224
0.555107
0.521389
0.477094
0.314638
0.160021
0.115786
0.0747739
0.0426532
0.0150415
0.000591213
0.0537363
0.113434
0.176087
0.242054
0.247376
0.249653
0.251201
0.248027
0.250796
0.194293
0.123645
0.0588429
0
0
0
0
0
0
0.108284
0.219692
0.230249
0.367734
0.527305
0.566447
0.611832
0.662366
0.643573
0.467221
0.299807
0.284611
0.132756
0
0
0
0
0
0
0
0
0
0
0
0
0
0
0
0