0
0
0
0
0
0
0
0
0
0
0
0
0
0
0
0
0
0
0
0
0
0
0
0
0
0
0
0
0
0
0
0
2.39578
0
0.444047
0.460432
0.446043
0.446847
2.5653
0
0
0
0
0
0
0
0.208696
0.417391
0.524949
0.527473
0.368421
0.22701
0.118904
0.0144144
0
0
0
2.39578
0
0.2875
0.259677
0.326386
0.296774
0.296774
0.296774
0.297254
0.297083
2.5737
0
0.756364
0.586887
0.464923
0.394184
0.345324
0.390244
0.391637
0.358878
0.350365
0.350365
0.350365
0.335766
0.233577
0.170819
0.0948905
0
0
0
0
0
0
0.579144
0.608575
0.639276
0.47
0.41
0.39
0.39
0.30375
0.214742
0.1897
0.206452
0.148387
0.0967742
2.81044
0
0
0
0
0
0
0
0
0
0
0
0
0
0
0
0
0
0
0
0
0
0
0
0
0
0
0.0803347
0.168255
0.16
0.16
0.16
0.16
0.173913
0.121998
0.0431655
0
0
0
0.113744
0.227488
0.46986
0.47
0.47
0.390938
0.355
0.356672
1.50074
1.49028
0.413091
0.35
0.275
0.280179
0.14729
0.00581818
0
0
0
0
0
0
0
0
0.641187
0.665762
0.645833
0.594414
0
0
0
0
0
0
0
0
0
0
0
0
0
0
1.09029
1.1727
0
1.50937
1.71394
0
0
0
0
0
0
0
0
0
0
0
0
0
0
0
0
0
0
0
0
0
0
0
0