160 | 0
176 | 0
192 | 0
208 | 0
224 | 0
240 | 0
256 | 0
272 | 0
288 | 0
304 | 0
320 | 0
336 | 0
352 | 0
368 | 0
384 | 0
400 | 0
416 | 0
432 | 0
448 | 0
464 | 0
480 | 0
496 | 0
512 | 0
528 | 0.16713
544 | 0.174663
560 | 0.221757
576 | 0.272508
592 | 0.32285
608 | 0.383678
624 | 0.658819
640 | 0.699225
656 | 0.749816
672 | 0.818281
688 | 0.656505
704 | 0.720919
720 | 0.768916
736 | 0.824505
752 | 0.904432
768 | 0.996451
784 | 0.799877
800 | 0.908924
816 | 0.977805
832 | 1.00596
848 | 0.991568
864 | 0.936858
880 | 0.858714
896 | 0.767155
912 | 0.648376
928 | 0.73874
944 | 0.620151
960 | 0.534294
976 | 0.473258
992 | 0.433236
1008 | 0.4031
1024 | 0.393293
1040 | 0.39625
1056 | 0.409944
1072 | 0.430628
1088 | 0.480195
1104 | 0.479949
1120 | 0.524055
1136 | 0.559152
1152 | 0.572252
1168 | 0.582908
1184 | 0.59097
1200 | 0.6062
1216 | 0.622244
1232 | 0.632473
1248 | 0.408133
1264 | 0.436957
1280 | 0.41158
1296 | 0.409551
1312 | 0.420636
1328 | 0.448444
1344 | 0.494053
1360 | 0.536184
1376 | 0.587077
1392 | 0.663689
1408 | 0.736159
1424 | 0.786813
1440 | 0.801489
1456 | 0.840706
1472 | 0.866135
1488 | 0.876037
1504 | 0.846486
1520 | 0.802598
1536 | 0.751665
1552 | 0.689448
1568 | 0.613474
1584 | 0.549253
1600 | 0.507156
1616 | 0.436499
1632 | 0.368981
1648 | 0.303658
1664 | 0.407316
1680 | 0.377998
1696 | 0.330838
1712 | 0.282923
1728 | 0.245604
1744 | 0.21921
1760 | 0.195844
1776 | 0.171985
1792 | 0.157321
1808 | 0.147571
1824 | 0
1840 | 0
1856 | 0
1872 | 0.000970739
1888 | 0.00974714
1904 | 0.0280697
1920 | 0.056493
1936 | 0.09548
1952 | 0.150349
1968 | 0.212152
1984 | 0.280734
2000 | 0.355726
2016 | 0.43678
2032 | 0.522629
2048 | 0.606189
2064 | 0.682999
2080 | 0.733971
2096 | 0.766747
2112 | 0.816031
2128 | 0.873067
2144 | 0.914735
2160 | 0.939942
2176 | 0.948687
2192 | 0.94878
2208 | 0.934272
2224 | 0.908273
2240 | 0.88711
2256 | 0.882112
2272 | 0.863193
2288 | 0.856473
2304 | 0.87728
2320 | 0.93352
2336 | 0.991016
2352 | 1.03835
2368 | 1.07202
2384 | 1.09754
2400 | 1.11486
2416 | 1.21545
2432 | 1.28314
2448 | 1.24802
2464 | 1.16827
2480 | 1.04862
2496 | 0.947404
2512 | 0.839432
2528 | 0.730178
2544 | 0.620139
2560 | 0.519175
2576 | 0.334587
2592 | 0.170265
2608 | 0.113475
2624 | 0.0682587
2640 | 0.0388084
2656 | 0.0137871
2672 | 0.0492369
2688 | 0.100807
2704 | 0.155786
2720 | 0.213318
2736 | 0.218802
2752 | 0.231702
2768 | 0.254765
2784 | 0.287381
2800 | 0.334633
2816 | 0.401242
2832 | 0.441983
2848 | 0.489638
2864 | 0.535494
2880 | 0.58143
2896 | 0.672533
2912 | 0.750202
2928 | 0.81171
2944 | 0.865356
2960 | 0.988416
2976 | 1.07275
2992 | 1.06131
3008 | 1.15368
3024 | 1.25674
3040 | 1.25606
3056 | 1.25338
3072 | 1.24019
3088 | 1.11113
3104 | 0.986568
3120 | 0.733978
3136 | 0.500916
3152 | 0.413024
3168 | 0.222611
3184 | 0.0622319
3200 | 0.0312203
3216 | 0.0112846
3232 | 0.00133146
3248 | 0
3264 | 0
3280 | 0
3296 | 0
3312 | 0
3328 | 0
3344 | 0
3360 | 0
3376 | 0
3392 | 0
3408 | 0
Valeur de l'integrale : 1596.75
