0
0
0
0
0
0
0
0
0
0
0
0
0
0
0
0
0
0
0
0
0
0
0
0.16713
0.174663
0.221757
0.272508
0.320368
0.367902
0.621377
0.638872
0.669524
0.705089
0.499343
0.505292
0.471253
0.423543
0.397779
0.39347
0.118336
0.170127
0.205388
0.226308
0.232103
0.223902
0.214963
0.210415
0.184486
0.35802
0.313393
0.295159
0.28592
0.295193
0.312424
0.340084
0.368583
0.396775
0.427932
0.480195
0.479949
0.524055
0.559152
0.572252
0.582908
0.59097
0.6062
0.622244
0.632473
0.408133
0.435665
0.398997
0.374009
0.349763
0.327992
0.302058
0.262956
0.223859
0.176765
0.135483
0.104133
0.0713603
0.106751
0.150919
0.197028
0.235862
0.272625
0.305575
0.351384
0.389008
0.399367
0.416529
0.383046
0.341133
0.29341
0.406008
0.377998
0.330838
0.282923
0.245604
0.21921
0.195844
0.171985
0.157321
0.147571
0
0
0
0
0
0
0
0
0
0
0
0
0
0
0
0
0
0.00618656
0.0226345
0.0390959
0.0555573
0.0720188
0.0884802
0.105813
0.118495
0.127331
0.131466
0.1277
0.115108
0.109412
0.118446
0.155708
0.193631
0.22931
0.258901
0.287053
0.314008
0.437599
0.549899
0.585692
0.600637
0.579986
0.564887
0.537273
0.503034
0.463872
0.424491
0.280549
0.142985
0.103642
0.0670762
0.0388084
0.0137871
0.0492369
0.100807
0.155786
0.213318
0.217441
0.219198
0.22095
0.222162
0.226316
0.234895
0.171065
0.107859
0.051648
0
0
0
0
0
0.102349
0.196952
0.202829
0.321571
0.456694
0.495327
0.536031
0.573423
0.559284
0.545826
0.398038
0.256937
0.245695
0.115855
0
0
0
0
0
0
0
0
0
0
0
0
0
0
0