160 | 0
176 | 0
192 | 0
208 | 0
224 | 0
240 | 0
256 | 0
272 | 0
288 | 0
304 | 0
320 | 0
336 | 0
352 | 0
368 | 0
384 | 0
400 | 0
416 | 0
432 | 0
448 | 0
464 | 0
480 | 0
496 | 0
512 | 0
528 | 0
544 | 0
560 | 0
576 | 0
592 | 0.00248173
608 | 0.0157763
624 | 0.0374417
640 | 0.0603525
656 | 0.0802916
672 | 0.113192
688 | 0.157162
704 | 0.215627
720 | 0.297663
736 | 0.400962
752 | 0.506653
768 | 0.602981
784 | 0.681541
800 | 0.738797
816 | 0.772417
832 | 0.779657
848 | 0.759465
864 | 0.712956
880 | 0.643751
896 | 0.55674
912 | 0.46389
928 | 0.38072
944 | 0.306758
960 | 0.239135
976 | 0.187338
992 | 0.138043
1008 | 0.0906763
1024 | 0.053209
1040 | 0.0276668
1056 | 0.0131693
1072 | 0.00269577
1088 | 0
1104 | 0
1120 | 0
1136 | 0
1152 | 0
1168 | 0
1184 | 0
1200 | 0
1216 | 0
1232 | 0
1248 | 0
1264 | 0.00129223
1280 | 0.0125826
1296 | 0.0355418
1312 | 0.070873
1328 | 0.120452
1344 | 0.191995
1360 | 0.273228
1376 | 0.363218
1392 | 0.486924
1408 | 0.600676
1424 | 0.68268
1440 | 0.730129
1456 | 0.733955
1472 | 0.715216
1488 | 0.679009
1504 | 0.610624
1520 | 0.529973
1536 | 0.44609
1552 | 0.338064
1568 | 0.224466
1584 | 0.149886
1600 | 0.0906273
1616 | 0.053453
1632 | 0.0278476
1648 | 0.0102484
1664 | 0.00130771
1680 | 0
1696 | 0
1712 | 0
1728 | 0
1744 | 0
1760 | 0
1776 | 0
1792 | 0
1808 | 0
1824 | 0
1840 | 0
1856 | 0
1872 | 0.000970739
1888 | 0.00974714
1904 | 0.0280697
1920 | 0.056493
1936 | 0.09548
1952 | 0.150349
1968 | 0.212152
1984 | 0.280734
2000 | 0.355726
2016 | 0.43678
2032 | 0.522629
2048 | 0.606189
2064 | 0.682999
2080 | 0.733971
2096 | 0.760561
2112 | 0.793396
2128 | 0.833971
2144 | 0.859178
2160 | 0.867923
2176 | 0.860206
2192 | 0.842967
2208 | 0.815777
2224 | 0.780942
2240 | 0.755644
2256 | 0.754412
2272 | 0.748085
2288 | 0.747061
2304 | 0.758834
2320 | 0.777812
2336 | 0.797385
2352 | 0.809041
2368 | 0.813123
2384 | 0.810491
2400 | 0.80085
2416 | 0.777851
2432 | 0.733242
2448 | 0.662324
2464 | 0.567633
2480 | 0.468638
2496 | 0.382517
2512 | 0.302159
2528 | 0.227144
2544 | 0.156267
2560 | 0.0946835
2576 | 0.0540376
2592 | 0.0272797
2608 | 0.00983316
2624 | 0.00118254
2640 | 0
2656 | 0
2672 | 0
2688 | 0
2704 | 0
2720 | 0
2736 | 0.00136137
2752 | 0.0125038
2768 | 0.0338149
2784 | 0.0652191
2800 | 0.108317
2816 | 0.166347
2832 | 0.270918
2848 | 0.381779
2864 | 0.483846
2880 | 0.58143
2896 | 0.672533
2912 | 0.750202
2928 | 0.81171
2944 | 0.865356
2960 | 0.886067
2976 | 0.875801
2992 | 0.858478
3008 | 0.832112
3024 | 0.800048
3040 | 0.760736
3056 | 0.717349
3072 | 0.666766
3088 | 0.551843
3104 | 0.440742
3120 | 0.33594
3136 | 0.243979
3152 | 0.167329
3168 | 0.106755
3184 | 0.0622319
3200 | 0.0312203
3216 | 0.0112846
3232 | 0.00133146
3248 | 0
3264 | 0
3280 | 0
3296 | 0
3312 | 0
3328 | 0
3344 | 0
3360 | 0
3376 | 0
3392 | 0
3408 | 0
Valeur de l'integrale : 902.395
