176 | 0
192 | 0
208 | 0
224 | 0
240 | 0
256 | 0
272 | 0
288 | 0
304 | 0
320 | 0
336 | 0
352 | 0
368 | 0
384 | 0
400 | 0
416 | 0
432 | 0
448 | 0
464 | 0
480 | 0
496 | 0
512 | 0
528 | 0
544 | 0
560 | 0
576 | 0
592 | 0.00223232
608 | 0.0142318
624 | 0.0339285
640 | 0.0540518
656 | 0.0715509
672 | 0.10029
688 | 0.144215
704 | 0.19794
720 | 0.264886
736 | 0.356138
752 | 0.451717
768 | 0.548259
784 | 0.627688
800 | 0.6865
816 | 0.725231
832 | 0.74674
848 | 0.743293
864 | 0.714308
880 | 0.661937
896 | 0.589912
912 | 0.505008
928 | 0.429335
944 | 0.348896
960 | 0.272291
976 | 0.213457
992 | 0.169611
1008 | 0.124017
1024 | 0.0815848
1040 | 0.0479296
1056 | 0.0249535
1072 | 0.0119254
1088 | 0.00246658
1104 | 0
1120 | 0
1136 | 0
1152 | 0
1168 | 0
1184 | 0
1200 | 0
1216 | 0
1232 | 0
1248 | 0
1264 | 0.00119454
1280 | 0.0115675
1296 | 0.0323289
1312 | 0.0637998
1328 | 0.107866
1344 | 0.173757
1360 | 0.250235
1376 | 0.33315
1392 | 0.445757
1408 | 0.551465
1424 | 0.627838
1440 | 0.680596
1456 | 0.694575
1472 | 0.687126
1488 | 0.66807
1504 | 0.616322
1520 | 0.549654
1536 | 0.477726
1552 | 0.403336
1568 | 0.305287
1584 | 0.202857
1600 | 0.137643
1616 | 0.0837754
1632 | 0.0493537
1648 | 0.0256844
1664 | 0.00976276
1680 | 0.00122875
1696 | 0
1712 | 0
1728 | 0
1744 | 0
1760 | 0
1776 | 0
1792 | 0
1808 | 0
1824 | 0
1840 | 0
1856 | 0
1872 | 0.000873799
1888 | 0.00875746
1904 | 0.025171
1920 | 0.0505581
1936 | 0.0852995
1952 | 0.136762
1968 | 0.19341
1984 | 0.256367
2000 | 0.32537
2016 | 0.400126
2032 | 0.480351
2048 | 0.56452
2064 | 0.643936
2080 | 0.698666
2096 | 0.729698
2112 | 0.768502
2128 | 0.80818
2144 | 0.838498
2160 | 0.85389
2176 | 0.854357
2192 | 0.846213
2208 | 0.828742
2224 | 0.801047
2240 | 0.766141
2256 | 0.747913
2272 | 0.758764
2288 | 0.769483
2304 | 0.772291
2320 | 0.780503
2336 | 0.789223
2352 | 0.797943
2368 | 0.799689
2384 | 0.795038
2400 | 0.784926
2416 | 0.769453
2432 | 0.738092
2448 | 0.689233
2464 | 0.607473
2480 | 0.514725
2496 | 0.430733
2512 | 0.351185
2528 | 0.27636
2544 | 0.204577
2560 | 0.140741
2576 | 0.0852807
2592 | 0.0487552
2608 | 0.024655
2624 | 0.00891716
2640 | 0.00108624
2656 | 0
2672 | 0
2688 | 0
2704 | 0
2720 | 0
2736 | 0.00121441
2752 | 0.0111443
2768 | 0.0301122
2784 | 0.0581748
2800 | 0.097915
2816 | 0.151044
2832 | 0.249009
2848 | 0.352319
2864 | 0.448018
2880 | 0.536408
2896 | 0.616261
2912 | 0.688245
2928 | 0.751508
2944 | 0.807664
2960 | 0.85638
2976 | 0.874524
2992 | 0.86427
3008 | 0.846576
3024 | 0.819764
3040 | 0.786867
3056 | 0.746112
3072 | 0.689209
3088 | 0.576564
3104 | 0.477527
3120 | 0.382628
3136 | 0.292612
3152 | 0.213456
3168 | 0.147568
3184 | 0.0962285
3200 | 0.0576735
3216 | 0.0295634
3232 | 0.0106018
3248 | 0.00125217
3264 | 0
3280 | 0
3296 | 0
3312 | 0
3328 | 0
3344 | 0
3360 | 0
3376 | 0
3392 | 0
3408 | 0
Valeur de l'integrale : 902.07
