0
0
0
0
0
0
0
0
0
0
0
0
0
0
0
0
0
0
0
0
0
0
0.151584
0.156398
0.198114
0.242863
0.288173
0.331884
0.563072
0.572174
0.596638
0.624718
0.655573
0.463845
0.468257
0.427667
0.40328
0.399665
0.403941
0.152028
0.187529
0.20771
0.21375
0.206904
0.198937
0.191709
0.18658
0.363189
0.328093
0.310484
0.291349
0.289749
0.295354
0.310855
0.335787
0.361588
0.387358
0.61036
0.446429
0.500926
0.529522
0.55007
0.554767
0.561739
0.574812
0.588616
0.598355
0.60603
0.40273
0.427829
0.393252
0.361256
0.334909
0.306168
0.273668
0.237747
0.192162
0.153087
0.12429
0.0937592
0.124644
0.157219
0.195263
0.225714
0.253576
0.284196
0.313666
0.346766
0.372232
0.382241
0.400646
0.36505
0.322151
0.412672
0.381494
0.337311
0.294639
0.251966
0.218731
0.195278
0.174852
0.156583
0.143401
0.134601
0
0
0
0
0
0
0
0
0
0
0
0
0
0
0
0
0.00569058
0.0206585
0.0354488
0.0503746
0.0653004
0.0802262
0.0958675
0.107081
0.113335
0.119213
0.123889
0.120705
0.11495
0.122968
0.156175
0.189965
0.223755
0.246775
0.269087
0.294171
0.414094
0.523389
0.538835
0.563396
0.569671
0.555736
0.530682
0.491896
0.453055
0.417784
0.382336
0.253124
0.129228
0.0939869
0.0616137
0.0358399
0.0574432
0.0925138
0.139682
0.190681
0.193968
0.195366
0.196756
0.198167
0.204583
0.213287
0.209083
0.150909
0.0956469
0.0460267
0
0
0
0
0.094895
0.18701
0.18329
0.285705
0.402703
0.43251
0.471911
0.506318
0.494517
0.483966
0.473856
0.346701
0.224794
0.216679
0.104431
0
0
0
0
0
0
0
0
0
0
0
0
0
0