0
0
0
0
0
0
0
0
0
0
0
0
0
0
0
0
0
0
0
0
0
0.137634
0.142703
0.179027
0.219035
0.25937
0.301288
0.512403
0.522367
0.538063
0.560795
0.585534
0.612556
0.432447
0.42932
0.409129
0.404496
0.408568
0.413014
0.169158
0.191437
0.198088
0.192304
0.185403
0.17886
0.171723
0.350816
0.33527
0.323816
0.305352
0.294466
0.290411
0.295485
0.309572
0.332314
0.355988
0.55698
0.570165
0.468424
0.507733
0.523858
0.53602
0.537792
0.549205
0.56121
0.569757
0.577274
0.584119
0.398252
0.420083
0.379954
0.346907
0.314586
0.279891
0.249445
0.206505
0.168328
0.141397
0.112829
0.141001
0.169866
0.197937
0.222383
0.243239
0.266172
0.29369
0.312799
0.335316
0.358257
0.369968
0.382915
0.345942
0.430681
0.390209
0.34448
0.304044
0.26558
0.227116
0.197158
0.176085
0.160389
0.143779
0.131748
0.123726
0
0
0
0
0
0
0
0
0
0
0
0
0
0
0
0.00527299
0.0191393
0.0326198
0.0460763
0.0597286
0.0733808
0.0876312
0.0977366
0.103099
0.106859
0.112949
0.117621
0.119976
0.126602
0.156551
0.18702
0.217489
0.240187
0.257329
0.277445
0.390012
0.497453
0.514865
0.522592
0.538472
0.548287
0.525266
0.489918
0.447441
0.41211
0.380027
0.347797
0.230583
0.1181
0.0870068
0.0573241
0.0746984
0.0968016
0.12876
0.172388
0.17507
0.176207
0.177338
0.178483
0.184059
0.193877
0.191788
0.186223
0.135003
0.0859295
0.0420686
0
0
0
0.0864275
0.174396
0.17465
0.25977
0.360129
0.383781
0.414549
0.448728
0.443793
0.4347
0.426526
0.418654
0.307094
0.200258
0.196716
0.0972151
0
0
0
0
0
0
0
0
0
0
0
0
0