192 | 0
208 | 0
224 | 0
240 | 0
256 | 0
272 | 0
288 | 0
304 | 0
320 | 0
336 | 0
352 | 0
368 | 0
384 | 0
400 | 0
416 | 0
432 | 0
448 | 0
464 | 0
480 | 0
496 | 0
512 | 0
528 | 0
544 | 0
560 | 0
576 | 0
592 | 0.00200921
608 | 0.0129198
624 | 0.0308754
640 | 0.0493467
656 | 0.0645263
672 | 0.0900276
688 | 0.128807
704 | 0.182703
720 | 0.244629
736 | 0.320183
752 | 0.405494
768 | 0.493724
784 | 0.57419
800 | 0.636066
816 | 0.678402
832 | 0.706237
848 | 0.716608
864 | 0.703063
880 | 0.66662
896 | 0.609872
912 | 0.538841
928 | 0.470163
944 | 0.396331
960 | 0.312131
976 | 0.244787
992 | 0.19447
1008 | 0.153624
1024 | 0.112578
1040 | 0.0741503
1056 | 0.0436096
1072 | 0.0227873
1088 | 0.0110002
1104 | 0.00230415
1120 | 0
1136 | 0
1152 | 0
1168 | 0
1184 | 0
1200 | 0
1216 | 0
1232 | 0
1248 | 0
1264 | 0.00109473
1280 | 0.0107678
1296 | 0.0299401
1312 | 0.0585129
1328 | 0.0979123
1344 | 0.157138
1360 | 0.228504
1376 | 0.307596
1392 | 0.413706
1408 | 0.510624
1424 | 0.58033
1440 | 0.630967
1456 | 0.65244
1472 | 0.654743
1488 | 0.645643
1504 | 0.610266
1520 | 0.558782
1536 | 0.498904
1552 | 0.434857
1568 | 0.368061
1584 | 0.278812
1600 | 0.187326
1616 | 0.128033
1632 | 0.0778867
1648 | 0.0458384
1664 | 0.0245641
1680 | 0.00923134
1696 | 0.00110954
1712 | 0
1728 | 0
1744 | 0
1760 | 0
1776 | 0
1792 | 0
1808 | 0
1824 | 0
1840 | 0
1856 | 0
1872 | 0.000795635
1888 | 0.00795022
1904 | 0.022815
1920 | 0.0457516
1936 | 0.0770692
1952 | 0.123497
1968 | 0.177629
1984 | 0.235885
2000 | 0.299788
2016 | 0.369147
2032 | 0.443721
2048 | 0.522927
2064 | 0.603579
2080 | 0.661525
2096 | 0.697023
2112 | 0.739608
2128 | 0.784243
2144 | 0.814521
2160 | 0.835427
2176 | 0.842679
2192 | 0.842028
2208 | 0.832997
2224 | 0.814535
2240 | 0.786631
2256 | 0.75854
2272 | 0.752261
2288 | 0.777027
2304 | 0.789916
2320 | 0.790528
2336 | 0.790528
2352 | 0.790528
2368 | 0.790528
2384 | 0.78436
2400 | 0.772651
2416 | 0.756619
2432 | 0.732314
2448 | 0.695667
2464 | 0.637045
2480 | 0.555946
2496 | 0.476703
2512 | 0.3986
2528 | 0.32391
2544 | 0.251384
2560 | 0.186088
2576 | 0.128022
2592 | 0.0775767
2608 | 0.0444135
2624 | 0.0225318
2640 | 0.00825491
2656 | 0.00101061
2672 | 0
2688 | 0
2704 | 0
2720 | 0
2736 | 0.00109609
2752 | 0.0100515
2768 | 0.0271404
2784 | 0.0523963
2800 | 0.0880922
2816 | 0.137299
2832 | 0.228411
2848 | 0.326942
2864 | 0.417091
2880 | 0.500723
2896 | 0.572647
2912 | 0.635115
2928 | 0.694321
2944 | 0.752606
2960 | 0.804062
2976 | 0.847806
2992 | 0.863621
3008 | 0.853113
3024 | 0.834779
3040 | 0.807142
3056 | 0.772935
3072 | 0.71976
3088 | 0.605488
3104 | 0.506823
3120 | 0.420852
3136 | 0.338054
3152 | 0.259184
3168 | 0.190158
3184 | 0.133972
3200 | 0.0895797
3216 | 0.0547607
3232 | 0.0278447
3248 | 0.009997
3264 | 0.0011818
3280 | 0
3296 | 0
3312 | 0
3328 | 0
3344 | 0
3360 | 0
3376 | 0
3392 | 0
3408 | 0
Valeur de l'integrale : 901.703
