0
0
0
0
0
0
0
0
0
0
0
0
0
0
0
0
0
0
0
0
0.126036
0.130273
0.164483
0.199464
0.235802
0.273434
0.468657
0.478474
0.493788
0.50874
0.529016
0.550975
0.574083
0.399026
0.412383
0.409773
0.412221
0.416421
0.409838
0.174375
0.184132
0.179629
0.173593
0.167844
0.16134
0.324804
0.325854
0.330601
0.317701
0.307121
0.294671
0.290959
0.295594
0.308545
0.329483
0.515109
0.523314
0.582596
0.47724
0.50429
0.513138
0.521738
0.527918
0.538509
0.546044
0.552741
0.559495
0.565667
0.39333
0.405608
0.36541
0.327385
0.289967
0.257093
0.218871
0.182519
0.156358
0.12926
0.155148
0.181804
0.206928
0.223092
0.23924
0.255984
0.276639
0.294519
0.305063
0.325197
0.34828
0.355508
0.364123
0.444864
0.409007
0.355748
0.313556
0.276749
0.241738
0.206727
0.179484
0.162637
0.148199
0.132915
0.121846
0.114478
0
0
0
0
0
0
0
0
0
0
0
0
0
0
0.0049125
0.0178431
0.0304129
0.0426899
0.0550328
0.0676117
0.0806982
0.0898921
0.0946161
0.0977112
0.101798
0.107716
0.117243
0.130158
0.15686
0.184602
0.212344
0.233011
0.250461
0.266118
0.368622
0.470643
0.491233
0.501263
0.502982
0.521014
0.52079
0.488267
0.449311
0.410355
0.377953
0.348529
0.318981
0.212086
0.109946
0.0814487
0.0916345
0.110155
0.130123
0.159701
0.159527
0.160471
0.161408
0.162356
0.166957
0.175348
0.175949
0.172378
0.167869
0.122143
0.0789918
0.0390097
0
0
0.0793473
0.159887
0.163599
0.248199
0.328994
0.344921
0.369573
0.396552
0.398918
0.395013
0.387793
0.381274
0.374971
0.276192
0.183086
0.183959
0.0925703
0
0
0
0
0
0
0
0
0
0
0
0