0
0
0
0
0
0
0
0
0
0
0
0
0
0
0
0
0
0
0
0.116988
0.119835
0.151107
0.184348
0.21616
0.250294
0.428256
0.440113
0.454384
0.468981
0.482448
0.500645
0.519651
0.532685
0.385371
0.41274
0.416504
0.419136
0.413325
0.394873
0.169239
0.168164
0.163198
0.158107
0.152322
0.306441
0.303293
0.322359
0.324286
0.318394
0.306245
0.294843
0.29142
0.295723
0.307688
0.479318
0.486183
0.537674
0.582898
0.476305
0.495884
0.501538
0.513565
0.519398
0.526121
0.532091
0.538174
0.5443
0.548847
0.381663
0.390321
0.345954
0.303787
0.268274
0.227809
0.194973
0.170311
0.143786
0.167504
0.192262
0.215713
0.229804
0.238911
0.251668
0.266692
0.278752
0.288565
0.297723
0.31807
0.335953
0.339657
0.454944
0.610388
5.13705
11.084
17.1082
23.1373
29.1681
36.6335
47.6833
57.9397
64.843
70.6947
74.9155
75.9538
73.7337
72.1252
69.6516
67.0933
62.8279
56.8411
50.8543
43.4501
32.712
23.1953
16.5269
10.5425
6.32147
5.06332
4.82997
4.58375
3.5702
1.2561
0.0626836
0.0747818
0.0832134
0.0874234
0.0900592
0.0934627
0.0975274
0.108258
0.127028
0.157754
0.182581
0.208045
0.227014
0.243031
0.259148
0.351901
0.446102
0.466612
0.480073
0.484019
0.489103
0.497428
0.486877
0.450895
0.414921
0.378947
0.349024
0.321852
0.29504
0.198382
0.103387
0.111777
0.123324
0.140433
0.158845
0.148631
0.147315
0.148104
0.148902
0.152763
0.159758
0.160552
0.159474
0.156535
0.152824
0.112851
0.0735753
0.0363331
0
0.0733467
0.147606
0.150764
0.233307
0.315008
0.316256
0.333401
0.355201
0.357143
0.359061
0.355894
0.350023
0.344704
0.340207
0.254211
0.171986
0.175685
0.0876972
0
0
0
0
0
0
0
0
0
0
0
