0
0
0
0
0
0
0
0
0
0
0
0
0
0
0
0
0
0
0.108501
0.111626
0.139743
0.170286
0.200809
0.230765
0.394268
0.404295
0.419649
0.433294
0.446547
0.45874
0.474647
0.485498
0.510893
0.387515
0.41876
0.422602
0.416146
0.399403
0.371481
0.155748
0.153679
0.149437
0.144259
0.290367
0.287221
0.301945
0.317124
0.324444
0.31665
0.305506
0.294989
0.291848
0.295818
0.449164
0.454174
0.501717
0.540885
0.574395
0.470358
0.486221
0.495123
0.506454
0.509147
0.514524
0.519995
0.525563
0.530175
0.527354
0.368696
0.370336
0.322683
0.282732
0.239946
0.204514
0.182664
0.157367
0.178641
0.201498
0.223483
0.236581
0.244219
0.250701
0.262203
0.269434
0.274213
0.282595
0.292682
0.308462
0.322059
0.425438
0.608144
4.81911
10.4163
15.8419
21.4076
26.9779
33.8748
44.0325
53.5274
60.5386
66.3798
70.3603
71.3538
71.2205
69.2767
68.6338
67.5801
63.6382
58.1018
52.5653
47.0289
40.182
30.2808
21.4805
15.2016
9.86412
5.98573
4.73082
4.50028
4.27504
3.33493
1.18128
0.0696736
0.0774584
0.081247
0.0835187
0.0864377
0.0898503
0.0988591
0.118096
0.153262
0.181543
0.204398
0.221927
0.236728
0.251619
0.339314
0.425549
0.443914
0.457825
0.465056
0.471771
0.469123
0.467476
0.452224
0.418837
0.38542
0.352004
0.324209
0.299408
0.277128
0.187263
0.130697
0.140093
0.150621
0.166699
0.148545
0.138002
0.136827
0.137507
0.140793
0.146714
0.147383
0.146721
0.145821
0.143374
0.141835
0.10553
0.0687958
0.0340001
0.068673
0.137091
0.139797
0.215882
0.29692
0.30331
0.306544
0.32166
0.323252
0.324859
0.326445
0.323825
0.318957
0.315103
0.315103
0.239844
0.164733
0.166952
0.0833114
0
0
0
0
0
0
0
0
0
0
