0
0
0
0
0
0
0
0
0
0
0
0
0
0
0
0
0
0.101162
0.103874
0.130721
0.158218
0.186386
0.215344
0.365278
0.373869
0.386961
0.401596
0.414075
0.426162
0.436817
0.44599
0.468427
0.505001
0.39446
0.42427
0.419662
0.403149
0.377539
0.342783
0.143244
0.141416
0.137007
0.275895
0.273054
0.287244
0.298621
0.317778
0.322338
0.315167
0.304873
0.295148
0.292196
0.42962
0.427056
0.470466
0.506926
0.535778
0.561965
0.462721
0.481064
0.489503
0.497623
0.499398
0.504363
0.509409
0.513621
0.511359
0.5068
0.351134
0.346811
0.301714
0.254856
0.217029
0.192373
0.169505
0.189425
0.209989
0.230405
0.242637
0.249733
0.255017
0.260784
0.265144
0.265738
0.269348
0.278592
0.285129
0.297117
0.404122
0.408218
0.40426
0.36352
0.32164
0.280268
0.247027
0.218054
0.192649
0.166712
0.146472
0.132463
0.12069
0.108352
0.0994285
0.0935079
0
0
0
0
0
0
0
0
0
0
0
0.00407643
0.0148301
0.0253339
0.035609
0.045663
0.0555029
0.0655132
0.0724479
0.0758857
0.0778638
0.080395
0.083339
0.0916699
0.108621
0.143256
0.176094
0.201965
0.217558
0.231315
0.245154
0.326515
0.408829
0.424773
0.43719
0.445014
0.454357
0.453438
0.44286
0.436528
0.422176
0.391035
0.359837
0.328638
0.303103
0.282446
0.262485
0.208986
0.156411
0.164654
0.174458
0.156547
0.138561
0.12878
0.127732
0.130563
0.135639
0.136211
0.135645
0.135084
0.134333
0.133659
0.133108
0.0990221
0.0645994
0.0969528
0.128831
0.130329
0.200878
0.275627
0.286504
0.294366
0.296591
0.295235
0.296575
0.297927
0.299261
0.297058
0.29345
0.29345
0.298523
0.230388
0.157031
0.159046
0.0793434
0
0
0
0
0
0
0
0
0