0
0
0
0
0
0
0
0
0
0
0
0
0
0
0
0
0.0952492
0.0971279
0.122129
0.148555
0.173896
0.200729
0.342187
0.347702
0.358997
0.371559
0.385032
0.396488
0.407178
0.412429
0.432479
0.465463
0.505953
0.400829
0.421463
0.407407
0.382644
0.350524
0.317239
0.132532
0.130235
0.262798
0.260218
0.274173
0.285174
0.300474
0.316265
0.32053
0.31389
0.30436
0.295272
0.419549
0.409666
0.443771
0.477168
0.504268
0.526626
0.549327
0.459005
0.476519
0.482193
0.489119
0.490777
0.495386
0.499209
0.497043
0.493018
0.481934
0.329915
0.32545
0.27365
0.231983
0.204948
0.179285
0.199135
0.218547
0.236902
0.248081
0.254703
0.259622
0.264326
0.263684
0.261877
0.261557
0.266189
0.272088
0.275761
0.37378
0.542825
4.27295
9.20522
14.0687
18.8585
23.4721
29.4521
38.2048
46.3472
52.3932
58.0509
62.4409
63.6552
63.5625
63.4736
64.1075
64.4359
63.7779
60.1285
55.3161
50.5037
45.6912
40.8788
34.9107
26.1545
18.7142
13.5967
8.80939
5.26846
4.15946
3.96327
3.77105
2.96434
1.07175
0.0711881
0.0729262
0.0751419
0.0777076
0.0854985
0.101281
0.132523
0.165376
0.195856
0.214458
0.226616
0.23954
0.315421
0.392069
0.409078
0.419716
0.426352
0.435863
0.437613
0.428865
0.415455
0.409423
0.395872
0.366694
0.337438
0.308578
0.287012
0.26847
0.279618
0.229731
0.178824
0.186194
0.164551
0.146624
0.129824
0.120713
0.121719
0.126119
0.126613
0.126124
0.125639
0.125169
0.125768
0.125881
0.125297
0.0932701
0.122845
0.15258
0.122842
0.187841
0.257184
0.26663
0.278511
0.285176
0.273979
0.272822
0.273966
0.27512
0.276256
0.274811
0.274581
0.279018
0.287536
0.220287
0.150017
0.151855
0.0757443
0
0
0
0
0
0
0
0
