0
0
0
0
0
0
0
0
0
0
0
0
0
0
0
0.0895542
0.0916646
0.114597
0.139287
0.163821
0.187972
0.320136
0.326715
0.334803
0.345703
0.357336
0.36978
0.380004
0.385906
0.401655
0.431666
0.468089
0.506928
0.399286
0.409953
0.388038
0.35715
0.326212
0.2951
0.122662
0.250497
0.248535
0.262241
0.273131
0.287808
0.300221
0.314955
0.318961
0.312811
0.303913
0.417596
0.400989
0.426319
0.451553
0.476436
0.497546
0.516678
0.541518
0.455731
0.470337
0.475047
0.481543
0.483098
0.486594
0.484472
0.480588
0.470474
0.454427
0.310527
0.296619
0.250362
0.219807
0.191818
0.206709
0.226298
0.243755
0.25329
0.259205
0.263802
0.268207
0.26687
0.260649
0.258061
0.258907
0.260554
0.263748
0.347675
1.10056
19.7097
43.6261
67.2863
90.8668
114.094
147.147
196.771
250.611
295.688
338.342
376.615
404.445
424.837
443.251
464.473
485.9
480.721
466.812
448.843
425.51
402.178
378.846
355.35
319.124
271.261
222.731
180.921
142.425
109.51
86.8001
68.1469
50.08
29.7594
8.84551
0.0685774
0.0705332
0.0727891
0.0801056
0.0949145
0.124123
0.153766
0.184691
0.208147
0.223174
0.234621
0.305713
0.377423
0.393219
0.405317
0.410548
0.418595
0.420735
0.414693
0.403115
0.391244
0.385487
0.372654
0.345206
0.318048
0.293166
0.273663
0.284306
0.296237
0.247784
0.198522
0.17629
0.154784
0.137873
0.122123
0.115343
0.117847
0.118279
0.117852
0.117428
0.117017
0.1177
0.118858
0.118873
0.118352
0.147334
0.174699
0.145833
0.177475
0.241075
0.249333
0.259693
0.27027
0.26421
0.254571
0.253572
0.25456
0.255556
0.256914
0.258195
0.261905
0.269397
0.275733
0.211035
0.143603
0.145301
0.0725977
0
0
0
0
0
0
0
