0
0
0
0
0
0
0
0
0
0
0
0
0
0
0.0846189
0.0863783
0.108459
0.131107
0.154093
0.177612
0.300755
0.306554
0.315301
0.323211
0.333358
0.344162
0.355402
0.361412
0.377108
0.402446
0.435498
0.470588
0.500669
0.389595
0.391686
0.363848
0.333985
0.304921
0.27449
0.236662
0.237506
0.251303
0.262064
0.2764
0.288397
0.3
0.313811
0.317619
0.311881
0.421474
0.399798
0.417284
0.434606
0.452311
0.471675
0.489631
0.510824
0.534529
0.450852
0.464209
0.468636
0.474752
0.475459
0.473386
0.469597
0.460061
0.445197
0.429121
0.284172
0.27248
0.237869
0.206482
0.216934
0.232075
0.249989
0.259004
0.263584
0.267614
0.271753
0.270403
0.263772
0.257053
0.25567
0.253835
0.253078
0.332941
0.469531
3.80257
8.3366
12.6044
16.8748
21.1254
26.336
33.7561
40.8816
46.1459
51.0493
54.8984
56.4949
57.1565
57.3419
57.9322
59.6064
60.0454
58.0251
56.3951
53.1747
48.9188
44.663
40.3896
35.8963
30.8498
23.6586
16.8945
12.0996
7.83038
4.69559
3.71506
3.56019
3.42237
2.72116
0.99412
0.0664572
0.0684562
0.0753528
0.0893012
0.116775
0.144596
0.172493
0.196989
0.216851
0.230935
0.297147
0.364517
0.379258
0.390632
0.397516
0.40397
0.404965
0.399516
0.390568
0.380281
0.3697
0.364195
0.352008
0.326469
0.303052
0.280303
0.288379
0.299765
0.310644
0.263389
0.188507
0.166452
0.146101
0.130108
0.116966
0.11187
0.110974
0.110598
0.110225
0.109863
0.110464
0.111627
0.112591
0.112604
0.168768
0.195802
0.167305
0.197039
0.228211
0.234163
0.243258
0.252514
0.251366
0.246116
0.237731
0.236859
0.237721
0.238916
0.242335
0.246956
0.25341
0.259009
0.264861
0.202529
0.137728
0.139546
0.069986
0
0
0
0
0
0
