0
0
0
0
0
0
0
0
0
0
0
0
0
0
0
0
0
0
0
0
0
0
0
0
0
0
0
0
0
0
0
0.977077
1.20779
0.253449
0.452221
0.453237
0.446445
1.48763
1.36646
0
0
0
0
0
0
0.104348
0.313043
0.465032
0.526208
0.446237
0.289804
0.169625
0.0658587
0.00720072
0
0
0.993928
1.17993
0.16816
0.273589
0.291447
0.310876
0.296774
0.296774
0.297014
0.29717
1.36941
1.40701
0.393833
0.666342
0.522876
0.429069
0.371064
0.366412
0.390939
0.374543
0.354571
0.350365
0.350365
0.343066
0.284672
0.203895
0.130801
0.0473804
0
0
0
0
0
0.301024
0.593729
0.623264
0.546728
0.44
0.4
0.39
0.346875
0.25971
0.203154
0.197722
0.177419
0.122581
1.10061
1.26884
0
0
0
0
0
0
0
0
0
0
0
0
0
0
0
0
0
0
0
0
0
0
0
0
0
0.0364534
0.129579
0.164024
0.16
0.16
0.16
0.166667
0.149452
0.0858263
0.0229008
0
0
0.077435
0.170616
0.344516
0.469931
0.47
0.430469
0.372969
0.355834
0.8803
1.49553
0.944342
0.37916
0.3125
0.277362
0.213846
0.075576
0.00268908
0
0
0
0
0
0
0
0.303146
0.653439
0.655804
0.619058
0.280267
0
0
0
0
0
0
0
0
0
0
0
0
0
0.541581
1.12967
0.618924
0.70752
1.60435
0.928385
0
0
0
0
0
0
0
0
0
0
0
0
0
0
0
0
0
0
0
0
0
0
0