0
0
0
0
0
0
0
0
0
0
0
0
0
0.0804672
0.0817778
0.102486
0.124402
0.145456
0.16755
0.284924
0.288737
0.296484
0.305
0.312395
0.321864
0.331674
0.339088
0.354289
0.379013
0.40715
0.43911
0.466288
0.486015
0.373399
0.368754
0.341687
0.313513
0.284913
0.374575
0.225033
0.240911
0.251859
0.265862
0.277689
0.288913
0.299806
0.312831
0.316457
0.425017
0.404118
0.415577
0.42566
0.436241
0.449112
0.465429
0.485259
0.505567
0.526023
0.445922
0.458677
0.462851
0.467911
0.463536
0.459846
0.450788
0.436754
0.421783
0.394455
0.26194
0.259448
0.224116
0.229429
0.240387
0.254364
0.264228
0.268539
0.271375
0.275006
0.27365
0.267227
0.260165
0.254801
0.250919
0.246944
0.319824
0.984158
17.1974
39.0988
61.3034
81.7806
102.459
132.94
176.616
222.523
262.224
299.682
333.162
357.804
379.274
400.68
421.726
441.361
446.142
440.33
426.799
415.731
399.772
378.991
358.062
335.177
316.268
290.05
245.933
199.055
161.384
127.184
97.8984
78.0084
61.8894
46.0444
27.6588
8.28763
0.0646101
0.0711323
0.0843149
0.11025
0.136515
0.162781
0.184706
0.20588
0.22464
0.290323
0.353057
0.366874
0.377606
0.384101
0.391906
0.391681
0.385364
0.377078
0.369097
0.359896
0.350405
0.345132
0.333892
0.311891
0.290467
0.293965
0.302826
0.313227
0.322805
0.250737
0.178501
0.157642
0.13834
0.12488
0.113618
0.105674
0.104186
0.103854
0.103533
0.104067
0.105098
0.106081
0.106951
0.160977
0.214256
0.187857
0.215618
0.244852
0.222008
0.228797
0.236947
0.235936
0.234934
0.230341
0.222981
0.222214
0.223258
0.226258
0.232408
0.239389
0.244198
0.249393
0.254814
0.194699
0.132546
0.134752
0.0675717
0
0
0
0
0
