320 | 0
336 | 0
352 | 0
368 | 0
384 | 0
400 | 0
416 | 0
432 | 0
448 | 0
464 | 0
480 | 0
496 | 0
512 | 0
528 | 0.0804672
544 | 0.0817778
560 | 0.102486
576 | 0.124402
592 | 0.146583
608 | 0.174735
624 | 0.302092
640 | 0.316013
656 | 0.332039
672 | 0.353963
688 | 0.381116
704 | 0.417864
720 | 0.462811
736 | 0.515842
752 | 0.577697
768 | 0.649983
784 | 0.71889
800 | 0.788591
816 | 0.849647
832 | 0.904159
848 | 0.814413
864 | 0.825699
880 | 0.814313
896 | 0.794897
912 | 0.768938
928 | 0.859092
944 | 0.701567
960 | 0.696837
976 | 0.686654
992 | 0.677106
1008 | 0.657589
1024 | 0.632701
1040 | 0.603299
1056 | 0.570845
1072 | 0.530335
1088 | 0.596962
1104 | 0.543782
1120 | 0.528908
1136 | 0.517187
1152 | 0.504008
1168 | 0.493965
1184 | 0.492054
1200 | 0.499341
1216 | 0.512382
1232 | 0.527426
1248 | 0.445922
1264 | 0.459298
1280 | 0.469009
1296 | 0.485426
1312 | 0.498167
1328 | 0.517995
1344 | 0.543945
1360 | 0.571636
1376 | 0.604549
1392 | 0.648777
1408 | 0.584017
1424 | 0.622913
1440 | 0.619699
1456 | 0.642794
1472 | 0.665687
1488 | 0.688839
1504 | 0.695466
1520 | 0.690004
1536 | 0.682782
1552 | 0.678181
1568 | 0.669297
1584 | 0.655579
1600 | 0.640491
1616 | 0.624117
1632 | 0.604767
1648 | 0.579605
1664 | 0.629771
1680 | 0.602424
1696 | 0.556753
1712 | 0.499866
1728 | 0.440731
1744 | 0.396599
1760 | 0.361641
1776 | 0.310093
1792 | 0.266699
1808 | 0.227729
1824 | 0.198551
1840 | 0.176331
1856 | 0.155491
1872 | 0.13476
1888 | 0.122751
1904 | 0.120668
1920 | 0.125332
1936 | 0.134127
1952 | 0.153866
1968 | 0.179777
1984 | 0.138318
2000 | 0.17419
2016 | 0.217629
2032 | 0.265596
2048 | 0.317806
2064 | 0.374188
2080 | 0.418871
2096 | 0.455878
2112 | 0.506344
2128 | 0.562424
2144 | 0.613747
2160 | 0.659876
2176 | 0.700951
2192 | 0.739755
2208 | 0.770225
2224 | 0.791427
2240 | 0.806208
2256 | 0.820751
2272 | 0.837439
2288 | 0.865507
2304 | 0.897608
2320 | 0.937008
2336 | 0.968023
2352 | 0.990098
2368 | 0.999232
2384 | 1.00135
2400 | 1.00336
2416 | 1.05703
2432 | 1.09302
2448 | 1.06813
2464 | 1.03368
2480 | 0.995482
2496 | 0.967724
2512 | 0.933473
2528 | 0.894945
2544 | 0.85448
2560 | 0.81784
2576 | 0.77963
2592 | 0.73754
2608 | 0.68184
2624 | 0.618337
2640 | 0.54837
2656 | 0.48251
2672 | 0.445484
2688 | 0.416909
2704 | 0.393084
2720 | 0.371896
2736 | 0.279891
2752 | 0.198895
2768 | 0.178515
2784 | 0.168948
2800 | 0.174601
2816 | 0.188724
2832 | 0.231178
2848 | 0.2871
2864 | 0.345139
2880 | 0.40277
2896 | 0.455378
2912 | 0.5016
2928 | 0.544314
2944 | 0.587114
2960 | 0.679219
2976 | 0.766497
2992 | 0.769385
3008 | 0.824468
3024 | 0.879525
3040 | 0.883803
3056 | 0.920459
3072 | 0.952672
3088 | 0.93802
3104 | 0.917529
3120 | 0.87828
3136 | 0.824621
3152 | 0.768145
3168 | 0.708717
3184 | 0.654023
3200 | 0.605918
3216 | 0.565999
3232 | 0.528911
3248 | 0.495468
3264 | 0.460571
3280 | 0.359023
3296 | 0.258408
3312 | 0.226524
3328 | 0.129836
3344 | 0.0380009
3360 | 0.019502
3376 | 0.00708366
3392 | 0.000846103
3408 | 0
Valeur de l'integrale : 1586.32
