0
0
0
0
0
0
0
0
0
0
0
0
0
0
0
0
0
0
0
0
0
0
0
0
0
0
0
0
0
0
0.613677
0.697342
0.904305
0.328446
0.450165
0.45111
1.136
1.03955
0.994395
0
0
0
0
0
0.0743178
0.208696
0.373323
0.484135
0.472178
0.36073
0.223816
0.114723
0.0436562
0.00478827
0
0.643801
0.696274
0.807835
0.201935
0.29009
0.293278
0.306029
0.296774
0.296934
0.297036
0.990874
0.984784
1.19232
0.465464
0.591865
0.477781
0.40287
0.376725
0.374451
0.379634
0.366121
0.353158
0.350365
0.345499
0.306569
0.24941
0.166273
0.085575
0.0312265
0
0
0
0
0.21648
0.404979
0.607963
0.567181
0.498398
0.423333
0.396667
0.36125
0.30344
0.238791
0.204138
0.181747
0.150538
0.732544
0.759334
0.642084
0
0
0
0
0
0
0
0
0
0
0
0
0
0
0
0
0
0
0
0
0
0
0
0
0.0217293
0.0847172
0.140855
0.16266
0.16
0.16
0.164384
0.153302
0.119112
0.0610418
0.0162602
0
0.0575626
0.138212
0.265852
0.385794
0.469954
0.443646
0.405312
0.367553
0.695029
1.07124
1.12867
0.723858
0.342732
0.30295
0.23671
0.143298
0.0475362
0.00174863
0
0
0
0
0
0
0.192625
0.419089
0.650911
0.634204
0.390899
0.176573
0
0
0
0
0
0
0
0
0
0
0
0
0.360269
0.73879
0.791357
0.880821
0.998264
1.15184
0.675189
0
0
0
0
0
0
0
0
0
0
0
0
0
0
0
0
0
0
0
0
0
0