0
0
0
0
0
0
0
0
0
0
0
0
0
0
0
0
0
0
0
0
0
0
0
0
0
0
0
0
0
0.447311
0.490177
0.627499
0.778486
0.359723
0.449337
0.965502
0.883693
0.837569
0.787176
0
0
0
0
0.0579798
0.164407
0.274953
0.407334
0.456124
0.398612
0.286689
0.164187
0.0847059
0.0325939
0.00351958
0.476923
0.504189
0.574967
0.646535
0.233203
0.2918
0.294172
0.303662
0.296894
0.29697
0.809544
0.791007
0.931382
1.02757
0.465307
0.537426
0.446071
0.400132
0.380114
0.370433
0.371868
0.362051
0.352455
0.346715
0.317518
0.275313
0.209762
0.123523
0.0630505
0.0203026
0
0
0
0.148778
0.321787
0.460434
0.570194
0.525073
0.470089
0.415
0.373438
0.325192
0.278345
0.231825
0.191328
0.160963
0.585881
0.574221
0.489326
0.427452
0
0
0
0
0
0
0
0
0
0
0
0
0
0
0
0
0
0
0
0
0
0
0
0.0159204
0.0592642
0.105647
0.146032
0.161987
0.16
0.163265
0.155093
0.131016
0.0950917
0.0487862
0.0128222
0.0444496
0.114661
0.229216
0.315705
0.406637
0.450125
0.421484
0.393195
0.615742
0.87616
0.911054
0.908432
0.602401
0.328545
0.26754
0.180564
0.10275
0.0346723
0.00129555
0
0
0
0
0
0.135333
0.301435
0.473967
0.635921
0.454823
0.277324
0.12884
0
0
0
0
0
0
0
0
0
0
0
0.270791
0.548874
0.577367
0.941433
1.05005
0.802176
0.935872
0.520153
0
0
0
0
0
0
0
0
0
0
0
0
0
0
0
0
0
0
0
0
0