0
0
0
0
0
0
0
0
0
0
0
0
0
0
0
0
0
0
0
0
0
0
0
0
0
0
0
0
0.358539
0.377909
0.480439
0.591517
0.705065
0.378
0.86004
0.795661
0.750276
0.705116
0.651427
0
0
0
0.0475306
0.136122
0.226682
0.318521
0.400049
0.402835
0.327722
0.221358
0.127745
0.0670453
0.0256114
0.381852
0.395745
0.453473
0.502814
0.578957
0.246966
0.292813
0.294702
0.302358
0.296931
0.703333
0.682202
0.784781
0.859241
0.897544
0.448945
0.499331
0.436312
0.398623
0.375894
0.366237
0.367359
0.359652
0.349102
0.324088
0.290638
0.238472
0.166837
0.097597
0.0445463
0.0150409
0
0
0.113334
0.24143
0.384547
0.462558
0.535765
0.496534
0.453504
0.39275
0.342224
0.301497
0.266227
0.217037
0.173661
0.493661
0.488701
0.414718
0.359413
0.320363
0
0
0
0
0
0
0
0
0
0
0
0
0
0
0
0
0
0
0
0
0
0
0.0125819
0.0466133
0.080642
0.117471
0.149006
0.161586
0.162602
0.156128
0.137552
0.11112
0.0808997
0.0411474
0.0441867
0.0958802
0.199485
0.281678
0.345989
0.403522
0.431043
0.408571
0.585601
0.772292
0.78833
0.787227
0.768775
0.542798
0.295127
0.217934
0.14074
0.0800882
0.0272879
0.00102894
0
0
0
0
0.103807
0.22733
0.365759
0.499045
0.490154
0.346058
0.214824
0.101422
0
0
0
0
0
0
0
0
0
0
0.212822
0.437795
0.454474
0.728007
1.05991
0.896042
0.691106
0.776712
0.328458
0
0
0
0
0
0
0
0
0
0
0
0
0
0
0
0
0
0
0
0