0.270114
0.298273
0.348509
0.423862
0.499215
0.574568
0.626374
0.658261
0.659831
0.642563
0.644133
0.645703
0.647272
0.648842
0.649922
0.649922
0.624804
0.566719
0.491366
0.416013
0.340659
0.273155
0.217604
0.176597
0.148136
0.125638
0.0984372
0.0749093
0.0543579
0.295859
0.291484
0.36625
0.454605
0.550338
0.64624
0.739864
0.538534
0.624628
0.666976
0.609595
0.529285
0.453039
0.358622
0.257486
0.128852
0
0
0
0
0
0.0130117
0.0798599
0.189622
0.292679
0.396729
0.51803
0.6254
0.720968
0.784195
0.78022
0.78022
0.78022
0.764521
0.718705
0.627423
0.522444
0.423268
0.325295
0.228195
0.151809
0.349683
0.319071
0.34121
0.371535
0.415709
0.464904
0.737988
0.475878
0.449785
0.398271
0.34985
0.300323
0.252577
0
0
0
0
0
0.255814
0.267433
0.266198
0.266129
0.266129
0.266198
0.266268
0
0
0
0.243036
0.249939
0.338788
0.41685
0.485226
0.558622
0.630093
0.452757
0.556548
0.599576
0.657955
1.04504
1.0339
1.31329
1.57449
1.74578
1.84782
1.93201
1.60901
1.80759
1.66994
1.54582
1.41042
1.3021
1.19152
1.07418
0.947802
0.812402
0.652178
0.497855
0.339531
0.211842
0.11534
0.0515775
0.0151095
0
0.284088
0.292181
0.396419
0.505398
0.614489
0.723785
0.831711
0.579619
0.589454
0.527159
0.445946
0.363855
0.282488
0.20961
0.147284
0.0965873
0.0521016
0.0268525
0.0100094
0
0
0
0
0
0
0
0
0
0
0
0
0
0
0
0
0
0
0
0
0
0
0
0
0
0
0
0
0
0
0
0
0
0
0
0
0
0
0
0
0
0
0
0.101242
0.225455
0.37274
0.493224
0.610152
0.703065
0.814851
0.782872
0.666822
0.539294
0.432591
0.325211
0.218026
0.107932
0
0
0
0
0
0
0
0
0
0.0316232
0.0919614
0.153563
0.2218
0.294504
0.372126
0.436588
0.44132
0.384325
0.303847
0.226415
0.157182
0.0923138
0.320157
0.291988
0.262539
0.244737
0.504842
0.519652
0.509082
0.234163
0.477285
0.517844
0.686399
0.549237
0.651055
0.787641
0.932136
0.755835
0.835883
0.840408
0.831285
0.815963
0.800062
0.772528
0.724209
0.629002
0.510989
0.407378
0.333595
0.27708
0.228414
0.191523
0.175824
0.175566
0.171977
0.145468
0.114345
0.0851131
0.0589936
0.0372316
0.0189455
0.00289139
0
0
0
0.0259799
0.0556044
0.0830696
0.107292
0.12817
0.147036
0.1667
0.182827
0.170668
0.152542
0.131497
0.106224
0.0772753
0.0403121
0
0
0
0
0
0
0
0
0
0.137402
0.275128
0.432461
0.448658
0.448658
0.448658
0.432461
0.295892
0.158417
0
0
0
0
0
0
0
0
0
0
0
0.151403
0.320503
0.478391
0.656737
0.847578
1.05227
1.26562
1.22989
1.18024
1.10803
1.03581
0.963599
0.891385
0.820788
0.719892
0.599211
0.501069
0.385942
0.283723
0.192356
0.400653
0.357872
0.316851
0.290625
0.290625
0.290708
0.292369
0
0
0
0
0.298643
0.310919
0.304782
0.289269
0.26429
0.252343
0.229475
0
0
0
0
0
0
0
0
0
0
0
0
0
0
0
0
0
0
0
0
0
0
0
0
0
0
0