128 | 0.30091
144 | 0.346154
160 | 0.391484
176 | 0.457418
192 | 0.523352
208 | 0.589286
224 | 0.628177
240 | 0.641913
256 | 0.647407
272 | 0.650155
288 | 0.651528
304 | 0.652902
320 | 0.654275
336 | 0.648781
352 | 0.634615
368 | 0.616758
384 | 0.583791
400 | 0.517857
416 | 0.451923
432 | 0.385989
448 | 0.320055
464 | 0.255527
480 | 0.200635
496 | 0.164097
512 | 0.130653
528 | 0.105661
544 | 0.0837495
560 | 0.0643808
576 | 0.28178
592 | 0.273253
608 | 0.350768
624 | 0.44841
640 | 0.569724
656 | 0.711685
672 | 0.862311
688 | 1.0292
704 | 0.926168
720 | 1.06802
736 | 1.10771
752 | 1.13253
768 | 1.14781
784 | 1.14146
800 | 1.12545
816 | 1.08138
832 | 1.00651
848 | 0.916602
864 | 0.916602
880 | 0.916602
896 | 0.914461
912 | 0.920511
928 | 0.98218
944 | 1.077
960 | 1.15049
976 | 1.20109
992 | 1.23489
1008 | 1.25238
1024 | 1.242
1040 | 1.21796
1056 | 1.14286
1072 | 1.0249
1088 | 0.932177
1104 | 0.8477
1120 | 0.758006
1136 | 0.650317
1152 | 0.550137
1168 | 0.458931
1184 | 0.367763
1200 | 0.276509
1216 | 0.194116
1232 | 0.363596
1248 | 0.3155
1264 | 0.322113
1280 | 0.342596
1296 | 0.371382
1312 | 0.404999
1328 | 0.633574
1344 | 0.656183
1360 | 0.408204
1376 | 0.390324
1392 | 0.349992
1408 | 0.309468
1424 | 0.265195
1440 | 0.219882
1456 | 0
1472 | 0
1488 | 0
1504 | 0
1520 | 0.224638
1536 | 0.233615
1552 | 0.230133
1568 | 0.229218
1584 | 0.229167
1600 | 0.229218
1616 | 0.229269
1632 | 0.229269
1648 | 0
1664 | 0
1680 | 0.211834
1696 | 0.217059
1712 | 0.294292
1728 | 0.362113
1744 | 0.421421
1760 | 0.485151
1776 | 0.546868
1792 | 0.626485
1808 | 0.494736
1824 | 0.597816
1840 | 0.636715
1856 | 0.950309
1872 | 0.940187
1888 | 1.16269
1904 | 1.40835
1920 | 1.62745
1936 | 1.74871
1952 | 1.81825
1968 | 1.88007
1984 | 1.58164
2000 | 1.73961
2016 | 1.61916
2032 | 1.48489
2048 | 1.36049
2064 | 1.24399
2080 | 1.12946
2096 | 1.00309
2112 | 0.868819
2128 | 0.728623
2144 | 0.567538
2160 | 0.419936
2176 | 0.28267
2192 | 0.177313
2208 | 0.0975118
2224 | 0.044009
2240 | 0.0129992
2256 | 0.256971
2272 | 0.257229
2288 | 0.343829
2304 | 0.436564
2320 | 0.530667
2336 | 0.625031
2352 | 0.718238
2368 | 0.772911
2384 | 0.541523
2400 | 0.542789
2416 | 0.471655
2432 | 0.396676
2448 | 0.321799
2464 | 0.255143
2480 | 0.184186
2496 | 0.131031
2512 | 0.0856612
2528 | 0.046713
2544 | 0.0359217
2560 | 0.0440437
2576 | 0.0716846
2592 | 0.116627
2608 | 0.183004
2624 | 0.267765
2640 | 0.351772
2656 | 0.446927
2672 | 0.536917
2688 | 0.626657
2704 | 0.7
2720 | 0.763413
2736 | 0.819773
2752 | 0.831608
2768 | 0.869003
2784 | 0.897341
2800 | 0.920019
2816 | 0.930545
2832 | 0.928998
2848 | 0.926273
2864 | 0.925319
2880 | 0.931101
2896 | 0.936305
2912 | 0.92917
2928 | 0.906083
2944 | 0.873077
2960 | 0.828171
2976 | 0.772959
2992 | 0.704366
3008 | 0.611234
3024 | 0.519192
3040 | 0.449638
3056 | 0.403617
3072 | 0.38153
3088 | 0.388628
3104 | 0.420659
3120 | 0.47651
3136 | 0.555369
3152 | 0.642877
3168 | 0.719503
3184 | 0.775218
3200 | 0.820496
3216 | 0.864479
3232 | 0.900608
3248 | 1.00886
3264 | 1.10533
3280 | 1.18233
3296 | 1.2397
3312 | 1.26788
3328 | 1.27708
3344 | 1.26206
3360 | 1.2355
3376 | 1.04096
3392 | 0.833468
3408 | 0.652117
3424 | 0.496134
3440 | 0.368086
3456 | 0.269763
3472 | 0.187155
3488 | 0.128228
3504 | 0.185043
3520 | 0.269119
3536 | 0.378092
3552 | 0.507477
3568 | 0.622347
3584 | 0.721252
3600 | 0.80507
3616 | 0.897051
3632 | 0.993135
3648 | 1.06698
3664 | 1.10717
3680 | 1.12972
3696 | 1.13289
3712 | 1.10201
3728 | 1.05636
3744 | 0.985581
3760 | 0.896162
3776 | 0.829858
3792 | 0.802408
3808 | 0.802359
3824 | 1.04827
3840 | 1.06744
3856 | 1.09255
3872 | 1.11647
3888 | 1.36555
3904 | 1.38318
3920 | 1.36425
3936 | 1.35893
3952 | 1.36435
3968 | 1.35621
3984 | 1.39747
4000 | 1.43019
4016 | 1.19431
4032 | 1.16748
4048 | 1.14955
4064 | 1.13374
4080 | 0.916401
4096 | 0.939404
4112 | 0.89752
4128 | 0.841721
4144 | 0.797312
4160 | 0.771138
4176 | 0.734837
4192 | 0.67161
4208 | 0.572457
4224 | 0.469093
4240 | 0.378434
4256 | 0.313874
4272 | 0.264423
4288 | 0.221841
4304 | 0.18956
4320 | 0.175598
4336 | 0.172449
4352 | 0.149048
4368 | 0.121194
4384 | 0.0945128
4400 | 0.0701204
4416 | 0.0494635
4432 | 0.0319689
4448 | 0.0166393
4464 | 0.00554688
4480 | 0.0191218
4496 | 0.0509392
4512 | 0.115742
4528 | 0.196975
4544 | 0.288767
4560 | 0.386818
4576 | 0.484584
4592 | 0.573091
4608 | 0.641217
4624 | 0.692127
4640 | 0.750342
4656 | 0.805712
4672 | 0.854707
4688 | 0.894959
4704 | 0.921898
4720 | 0.934019
4736 | 0.935252
4752 | 0.922908
4768 | 0.929483
4784 | 0.930202
4800 | 0.912426
4816 | 0.87732
4832 | 0.830711
4848 | 0.772854
4864 | 0.715277
4880 | 0.735562
4896 | 0.737757
4912 | 0.758781
4928 | 0.69582
4944 | 0.642789
4960 | 0.624391
4976 | 0.640625
4992 | 0.669659
5008 | 0.631489
5024 | 0.616844
5040 | 0.59255
5056 | 0.673625
5072 | 0.757987
5088 | 0.826547
5104 | 0.878893
5120 | 0.913248
5136 | 0.931491
5152 | 0.935996
5168 | 0.937178
5184 | 0.937178
5200 | 1.06618
5216 | 1.19061
5232 | 1.29595
5248 | 1.37673
5264 | 1.45247
5280 | 1.51172
5296 | 1.56352
5312 | 1.59308
5328 | 1.44325
5344 | 1.27945
5360 | 1.14552
5376 | 1.03357
5392 | 0.943595
5408 | 0.869962
5424 | 0.75475
5440 | 0.642268
5456 | 0.528561
5472 | 0.423617
5488 | 0.329309
5504 | 0.244097
5520 | 0.431738
5536 | 0.362773
5552 | 0.30883
5568 | 0.27362
5584 | 0.250981
5600 | 0.251043
5616 | 0.252281
5632 | 0.259609
5648 | 0.0212908
5664 | 0.0532743
5680 | 0.102492
5696 | 0.431181
5712 | 0.544698
5728 | 0.66763
5744 | 0.80191
5760 | 0.919775
5776 | 1.00786
5792 | 1.07061
5808 | 1.1195
5824 | 0.932922
5840 | 0.932521
5856 | 0.942998
5872 | 0.940943
5888 | 0.916136
5904 | 0.793355
5920 | 0.651007
5936 | 0.523161
5952 | 0.368301
5968 | 0.271939
5984 | 0.121858
6000 | 0.06907
6016 | 0.0343758
6032 | 0.0135587
6048 | 0.00174436
6064 | 0
6080 | 0
6096 | 0
6112 | 0
6128 | 0
6144 | 0
6160 | 0
6176 | 0
6192 | 0
6208 | 0
6224 | 0
Valeur de l'integrale : 3985.15
