0.30091
0.346154
0.391484
0.457418
0.523352
0.589286
0.628177
0.641913
0.647407
0.650155
0.651528
0.652902
0.654275
0.648781
0.634615
0.616758
0.583791
0.517857
0.451923
0.385989
0.320055
0.255527
0.200635
0.164097
0.130653
0.105661
0.0837495
0.0643808
0.28178
0.270103
0.331028
0.397827
0.473902
0.556464
0.636619
0.728326
0.57083
0.654004
0.607197
0.539277
0.476445
0.394864
0.319444
0.227437
0.110483
0
0
0
0
0.0114924
0.0706593
0.16254
0.258421
0.349504
0.441538
0.54964
0.644076
0.728134
0.783698
0.78022
0.78022
0.766484
0.726233
0.645079
0.550137
0.458931
0.367763
0.276509
0.194116
0.363596
0.3155
0.322113
0.342596
0.371382
0.404999
0.633574
0.656183
0.408204
0.390324
0.349992
0.309468
0.265195
0.219882
0
0
0
0
0.224638
0.233615
0.230133
0.229218
0.229167
0.229218
0.229269
0.229269
0
0
0.211834
0.217059
0.294292
0.362113
0.421421
0.485151
0.546868
0.626485
0.494736
0.597816
0.636715
0.950309
0.940187
1.16269
1.40835
1.62745
1.74871
1.81825
1.88007
1.58164
1.73961
1.61916
1.48489
1.36049
1.24399
1.12946
1.00309
0.868819
0.728623
0.567538
0.419936
0.28267
0.177313
0.0975118
0.044009
0.0129992
0.256971
0.257229
0.343829
0.436564
0.530667
0.625031
0.718238
0.772911
0.541523
0.542789
0.471655
0.396676
0.321799
0.255143
0.184186
0.131031
0.0856612
0.0454883
0.0235904
0.00869999
0
0
0
0
0
0
0
0
0
0
0
0
0
0
0
0
0
0
0
0
0
0
0
0
0
0
0
0
0
0
0
0
0
0
0
0
0
0
0
0
0
0
0.0847951
0.186474
0.301359
0.422142
0.526795
0.626557
0.709287
0.802456
0.701728
0.578558
0.469419
0.376802
0.283355
0.190909
0.0961046
0
0
0
0
0
0
0
0
0.0282374
0.0823858
0.137241
0.192564
0.254586
0.320218
0.374175
0.408226
0.388918
0.327585
0.256881
0.192657
0.130632
0.326429
0.286618
0.2454
0.220275
0.443938
0.454288
0.433727
0.426339
0.432215
0.438045
0.573517
0.722061
0.590035
0.665841
0.784598
0.913247
0.769871
0.848125
0.845287
0.819262
0.793068
0.771138
0.734837
0.67161
0.572457
0.469093
0.378434
0.313874
0.264423
0.221841
0.18956
0.175598
0.172449
0.149048
0.121194
0.0945128
0.0701204
0.0494635
0.0319689
0.0166393
0.00258495
0
0
0.0221529
0.0476293
0.0721917
0.0950051
0.115626
0.134927
0.15453
0.176156
0.169119
0.153809
0.136481
0.116678
0.095779
0.0688976
0.0347664
0
0
0
0
0
0
0
0
0.119108
0.240719
0.376802
0.388934
0.388934
0.388934
0.388934
0.376802
0.259091
0.140791
0
0
0
0
0
0
0
0
0
0
0.131494
0.27717
0.424348
0.565102
0.725767
0.896368
1.07212
1.2338
1.19857
1.12749
1.0643
1.00112
0.937929
0.869962
0.75475
0.642268
0.528561
0.423617
0.329309
0.244097
0.431738
0.362773
0.30883
0.27362
0.250981
0.251043
0.252281
0.256166
0
0
0
0.256938
0.266043
0.262813
0.253783
0.234485
0.225033
0.206667
0.203582
0
0
0
0
0
0
0
0
0
0
0
0
0
0
0
0
0
0
0
0
0
0
0
0
0
0