0.343178
0.384615
0.424908
0.483517
0.542125
0.595009
0.616987
0.63286
0.653617
0.656059
0.65728
0.658501
0.653617
0.635302
0.606838
0.581197
0.538462
0.479853
0.421245
0.362637
0.29836
0.234491
0.185489
0.145736
0.111652
0.0911656
0.0728758
0.273703
0.259431
0.308024
0.363161
0.4217
0.488589
0.558661
0.637601
0.74152
0.601968
0.60301
0.546579
0.493093
0.424278
0.358283
0.287519
0.198738
0.0992345
0
0
0
0.0100209
0.0634656
0.14572
0.22526
0.312863
0.394465
0.476971
0.574448
0.658731
0.733753
0.783312
0.78022
0.76801
0.73212
0.659078
0.572457
0.488115
0.402979
0.317046
0.23833
0.386437
0.331102
0.318695
0.325776
0.345828
0.36744
0.559467
0.572319
0.570486
0.358623
0.348766
0.314625
0.277508
0.235267
0.194062
0
0
0
0.198544
0.207337
0.204641
0.201964
0.201259
0.201259
0.201299
0.201299
0.201299
0
0.187732
0.191824
0.260079
0.320083
0.372516
0.428759
0.483064
0.552192
0.649891
0.536354
0.630252
0.890542
0.868879
1.05755
1.25716
1.47051
1.64295
1.73344
1.78472
1.82563
1.54632
1.68674
1.55685
1.43223
1.30235
1.183
1.06013
0.92674
0.78808
0.644517
0.488212
0.356764
0.241045
0.152424
0.084457
0.0383774
0.247353
0.234795
0.307743
0.385628
0.46707
0.549989
0.632011
0.682573
0.707097
0.505162
0.490424
0.423506
0.354167
0.293375
0.226841
0.16596
0.117982
0.0761232
0.0406536
0.0208952
0.00777863
0
0
0
0
0
0
0
0
0
0
0
0
0
0
0
0
0
0
0
0
0
0
0
0
0
0
0
0
0
0
0
0
0
0
0
0
0
0
0
0
0
0.07293
0.158595
0.254247
0.350653
0.460443
0.551764
0.641779
0.71115
0.726974
0.617128
0.510929
0.415574
0.333836
0.252158
0.172438
0.0875169
0
0
0
0
0
0
0
0.0255065
0.0746162
0.124304
0.174026
0.224197
0.281019
0.327374
0.357385
0.366938
0.338269
0.281623
0.221929
0.162748
0.342463
0.295029
0.24525
0.209927
0.400097
0.404368
0.387225
0.372186
0.594307
0.399785
0.496428
0.618584
0.736965
0.611192
0.677383
0.784347
0.911812
0.785875
0.851825
0.833904
0.79953
0.769389
0.73994
0.689836
0.618508
0.528457
0.436508
0.355922
0.298535
0.254579
0.216728
0.187819
0.172817
0.151873
0.126669
0.102147
0.079312
0.0597115
0.0430085
0.0283674
0.0150212
0.00236675
0
0.0195473
0.0416001
0.0632735
0.084262
0.104111
0.123259
0.143013
0.164186
0.164683
0.154725
0.139981
0.123479
0.107083
0.0870761
0.0607483
0.0305619
0
0
0
0
0
0
0
0.106288
0.212332
0.335082
0.343325
0.343243
0.343243
0.343243
0.343325
0.335316
0.233634
0.125284
0
0
0
0
0
0
0
0
0
0.116213
0.244158
0.372519
0.507595
0.634569
0.7807
0.929946
1.06553
1.20554
1.14965
1.08646
1.0303
0.97413
0.913502
0.804113
0.679779
0.572101
0.454368
0.366903
0.287169
0.459091
0.39448
0.318277
0.271609
0.240769
0.220903
0.221861
0.22486
0.228068
0
0
0.225455
0.232434
0.230017
0.223998
0.210613
0.203057
0.187982
0.185427
0.172775
0
0
0
0
0
0
0
0
0
0
0
0
0
0
0
0
0
0
0
0
0
0
0
0
0