0.319368
0.32967
0.164835
0.164835
0.164835
0.32967
0.417582
0.516484
0.681319
0.692308
0.692308
0.692308
0.692308
0.640797
0.527473
0.56044
0.703297
0.703297
0.703297
0.703297
0.648352
0.527473
0.384615
0.296703
0.175824
0.175824
0.175824
0.175824
0.150147
0.118573
0.106268
0.0452342
0
0
0
2.81044
0
0.575
0.593548
0.593548
0.594507
0.575
0.645765
0.878806
0.979396
0
0
0
0
0
0
0
0
0
0
0
0.0968393
0.417391
0.807929
0.78022
0.78022
0.78022
0.78022
0.78022
0.78022
0.78022
0.78022
0.78022
0.67033
0.497361
0.289023
0.192611
0.148627
0.0741935
0
0
2.39578
0
0.339912
0.350877
0.37037
0.339912
2.07927
0
0
0
0
0
0
0
0
0
0
0
2.81044
0
0
0
0
0
0
0
0
0
2.08244
0
0.587097
0.516129
0.451613
0.484653
0.466667
0.598971
0.907463
1.05495
1.02198
3.77747
0
2.22734
2.13256
2.00618
1.76923
1.61126
1.51648
1.39011
1.26374
1.26374
1.05838
1.01099
0.837225
0.695055
0.505495
0.315934
0.14217
0
0
0
0
0
0
0
2.81044
0
0.669065
0.690647
0.690647
0.691892
0.683146
0.46938
0.355781
0.295
0.16
0.105
0.06
0
0
0
0
0
0
0
0
0
0
0
0
0
0
0
0
0
0
0
0
0
0
0
0
0
0
0
0
0
0
0
0
0
0
0
0
0
0
0
0
0
0
0
0
0
0
0
0
0
0.97471
1.01099
0.893746
0.727464
0.726069
0.724594
0.747967
0.724594
0
0
0
0
0
0
0
0
0
0
0
0
0
0
0
0.208696
0.417391
0.524949
0.527473
0.527473
0.527473
0.389474
0.243826
0.118904
0.036036
0
0
0
2.37769
0
0
0
2.38601
0
0
0
2.80274
0
0.895102
0.923977
0.836257
0.760249
0.76506
0.782282
0.897662
0.996615
0.901099
0.692308
0.571429
0.516484
0.434066
0.285714
0.175824
0.175824
0.175824
0.175824
0.175824
0.175824
0.175824
0.174031
0.153385
0.0249351
0
0
0
0
0
0
0
0
0
0.135361
0.160428
0.160428
0.160643
0.164835
0.1812
0.220083
0.293932
0
0
0
0
0
0
0
0
0
0
0
0
0
0
0
0.923272
0.934959
1.06352
0
0
0
0
0
0
0
0
0
0
0
0
0
0
0
0
0
1.26114
1.32692
1.26374
1.26374
1.26374
1.26374
1.21635
1.01099
0.979396
0.758242
0.758242
0.758242
0.758242
0.726316
0.398844
0.256386
0.165766
0
0
0
2.81044
0
0
0
0
0
0
0
0
0
0
2.81044
0
0
0
0
0
0
0
0
0
0
0
0
0
0
0
0
0
0
0
0
0
0
0
0
0
0
0
0
0
0
0
0
0