0.378091
0.415385
0.451648
0.504396
0.551992
0.588256
0.611332
0.639904
0.658585
0.660783
0.661882
0.657486
0.641003
0.610233
0.575824
0.540659
0.502198
0.449451
0.396703
0.338173
0.273337
0.21573
0.165628
0.126209
0.0974761
0.0801673
0.26677
0.253528
0.295588
0.339607
0.388285
0.440459
0.497712
0.566975
0.656319
0.758366
0.558496
0.54995
0.505596
0.446046
0.3903
0.32745
0.255877
0.180617
0.0899287
0
0
0.00907716
0.0562616
0.132255
0.204095
0.276417
0.357018
0.430927
0.505692
0.594436
0.670538
0.738278
0.783003
0.769231
0.736849
0.670449
0.590829
0.512439
0.432654
0.351545
0.276341
0.413727
0.354259
0.332169
0.32242
0.330444
0.345162
0.508924
0.511158
0.506021
0.506214
0.323235
0.317426
0.285809
0.249487
0.210814
0.17364
0
0
0.175879
0.184907
0.184192
0.182061
0.179939
0.179411
0.179411
0.179411
0.179411
0.179411
0.175494
0.171846
0.232992
0.286746
0.333781
0.384176
0.432592
0.493652
0.578537
0.67724
0.569936
0.853825
0.823952
0.976095
1.14738
1.32364
1.49864
1.63983
1.71174
1.74526
1.76944
1.51806
1.6239
1.50227
1.37273
1.24162
1.11525
0.985714
0.848283
0.706168
0.563134
0.42155
0.308856
0.210058
0.133662
0.074485
0.252654
0.227653
0.283941
0.349578
0.418436
0.49113
0.564268
0.611143
0.636183
0.650138
0.460797
0.444043
0.381312
0.325406
0.263391
0.206138
0.150985
0.106261
0.068932
0.036531
0.0189363
0.00701857
0
0
0
0
0
0
0
0
0
0
0
0
0
0
0
0
0
0
0
0
0
0
0
0
0
0
0
0
0
0
0
0
0
0
0
0
0
0
0
0
0.0639777
0.137941
0.219378
0.301284
0.390807
0.490059
0.573756
0.651005
0.651226
0.64654
0.550733
0.457456
0.372888
0.300858
0.230319
0.15869
0.080338
0
0
0
0
0
0
0.0230202
0.0681859
0.113596
0.159034
0.204473
0.25037
0.290979
0.317804
0.327051
0.324493
0.295744
0.246398
0.190055
0.356128
0.311914
0.255462
0.212733
0.373553
0.367959
0.350357
0.337415
0.523519
0.553172
0.458181
0.544856
0.643387
0.73965
0.62778
0.687334
0.793425
0.917407
0.79337
0.841411
0.815726
0.778656
0.742945
0.70146
0.643022
0.575681
0.493245
0.41044
0.337912
0.286264
0.246703
0.212419
0.183933
0.154159
0.131148
0.108471
0.087033
0.0684219
0.0524744
0.038496
0.0257958
0.0138497
0.00219851
0.0176856
0.0373244
0.0562515
0.0751191
0.0937198
0.112285
0.131727
0.152737
0.154175
0.152371
0.142589
0.128435
0.114785
0.0988224
0.0782752
0.0543228
0.0269628
0
0
0
0
0
0
0.0959599
0.191838
0.29962
0.308344
0.307224
0.307158
0.307158
0.307224
0.308543
0.305819
0.210614
0.112855
0
0
0
0
0
0
0
0
0.104114
0.218173
0.331973
0.451062
0.57582
0.691472
0.821063
0.937643
1.05714
1.16082
1.11051
1.05364
1.00309
0.948373
0.848517
0.729325
0.610755
0.498555
0.398439
0.323583
0.482215
0.422527
0.349837
0.283504
0.242395
0.215002
0.197987
0.200372
0.202916
0.205525
0
0.200844
0.206364
0.204457
0.199727
0.189682
0.184907
0.172396
0.170245
0.15952
0.160672
0
0
0
0
0
0
0
0
0
0
0
0
0
0
0
0
0
0
0
0
0
0
0
0