0.406656
0.440559
0.473526
0.516796
0.549763
0.585727
0.619693
0.645667
0.66265
0.664648
0.660652
0.645667
0.617695
0.581731
0.539461
0.507492
0.472527
0.424575
0.370858
0.310231
0.250879
0.193443
0.145054
0.111296
0.0864943
0.260755
0.248403
0.288039
0.326218
0.3649
0.408534
0.453269
0.510435
0.58868
0.676736
0.707216
0.512683
0.513278
0.462853
0.414594
0.360921
0.295936
0.235288
0.165298
0.0805786
0
0.00813376
0.0515138
0.118486
0.186824
0.252633
0.318938
0.39355
0.461091
0.529443
0.610885
0.680253
0.742
0.772764
0.740732
0.679868
0.606216
0.533024
0.458001
0.381261
0.309368
0.437481
0.381479
0.352628
0.334188
0.327024
0.331413
0.474988
0.469199
0.45761
0.454802
0.459548
0.296137
0.291308
0.259918
0.226028
0.190936
0.157107
0
0.157397
0.165093
0.166274
0.165695
0.163969
0.162271
0.161841
0.161816
0.161816
0.161816
0.33036
0.161535
0.211015
0.259699
0.302297
0.347991
0.391729
0.446334
0.521302
0.607386
0.699044
0.777398
0.797194
0.921588
1.06069
1.21361
1.35997
1.50834
1.62877
1.68251
1.70149
1.72346
1.47627
1.56818
1.44181
1.31113
1.1747
1.04258
0.909028
0.768097
0.624856
0.492743
0.369524
0.272233
0.18613
0.119012
0.270796
0.233972
0.274161
0.325288
0.383171
0.444949
0.50973
0.553246
0.578197
0.593159
0.590619
0.420273
0.402793
0.352657
0.294575
0.241081
0.188862
0.137266
0.0972126
0.062648
0.0334588
0.0172797
0.00628354
0
0
0
0
0
0
0
0
0
0
0
0
0
0
0
0
0
0
0
0
0
0
0
0
0
0
0
0
0
0
0
0
0
0
0
0
0
0
0
0.056983
0.122047
0.192885
0.263556
0.340919
0.423119
0.51606
0.588958
0.600428
0.585928
0.582131
0.497236
0.414195
0.339378
0.277269
0.213742
0.146972
0.0742476
0
0
0
0
0
0.0206796
0.0621997
0.104587
0.146421
0.188256
0.23009
0.261867
0.286117
0.294986
0.29331
0.287543
0.262164
0.213486
0.367914
0.326512
0.272739
0.223691
0.363563
0.346173
0.323078
0.309075
0.477387
0.491335
0.590701
0.507304
0.574504
0.655325
0.742211
0.641459
0.702247
0.805191
0.916412
0.787197
0.824866
0.796343
0.754988
0.709524
0.660409
0.604025
0.54041
0.464426
0.389111
0.323177
0.276224
0.240035
0.206353
0.16562
0.134878
0.113796
0.0936101
0.0759166
0.0606808
0.0473226
0.0352256
0.0239102
0.0129351
0.0182477
0.0341804
0.0511179
0.0676965
0.0846285
0.10216
0.120941
0.141403
0.144037
0.143332
0.141772
0.132219
0.12053
0.107119
0.0902117
0.0710901
0.0486436
0.0242871
0
0
0
0
0
0.0889727
0.174951
0.273406
0.27806
0.27891
0.277993
0.277939
0.277993
0.279072
0.283391
0.278558
0.191723
0.102669
0
0
0
0
0
0
0
0.0942961
0.197188
0.299387
0.40586
0.516883
0.632752
0.735004
0.837167
0.941264
1.0306
1.12423
1.07848
1.02679
0.976928
0.885097
0.774501
0.659773
0.538334
0.441764
0.35477
0.50202
0.446559
0.378008
0.314271
0.25558
0.218893
0.194862
0.180694
0.18276
0.184874
0.187037
0.187037
0.185553
0.184009
0.180169
0.171983
0.168575
0.159135
0.15736
0.148154
0.149147
0.140851
0
0
0
0
0
0
0
0
0
0
0
0
0
0
0
0
0
0
0
0
0
0
0