0.43046
0.461538
0.487466
0.517685
0.550653
0.595524
0.62666
0.650469
0.666037
0.66329
0.649554
0.623913
0.590946
0.547905
0.509158
0.479853
0.447802
0.398172
0.341294
0.284874
0.225916
0.171047
0.129027
0.0995356
0.255486
0.243913
0.281386
0.317658
0.351137
0.385666
0.423
0.468312
0.53368
0.610972
0.635708
0.65274
0.480669
0.474325
0.433701
0.386868
0.330169
0.2749
0.2175
0.149597
0.0744259
0.00750352
0.0466639
0.10925
0.168854
0.232915
0.293628
0.35484
0.424276
0.48646
0.549412
0.624658
0.688387
0.736158
0.746277
0.687799
0.619291
0.550669
0.479903
0.407124
0.338333
0.458342
0.405429
0.377023
0.35245
0.33745
0.328245
0.451282
0.441155
0.424315
0.415312
0.416777
0.423357
0.273279
0.26738
0.237779
0.206573
0.174484
0.143448
0.14607
0.148703
0.150077
0.151052
0.150574
0.149169
0.147763
0.147385
0.147364
0.147364
0.300297
0.30551
0.199482
0.237314
0.276241
0.317992
0.35792
0.407351
0.474372
0.550596
0.631059
0.88217
0.730171
0.88615
1.00036
1.12514
1.25339
1.37891
1.50898
1.60912
1.64761
1.66501
1.66804
1.4375
1.50727
1.37958
1.24399
1.10314
0.967548
0.830235
0.686815
0.552837
0.436484
0.328864
0.243375
0.167096
0.2992
0.25211
0.276857
0.313861
0.359004
0.410806
0.466046
0.505448
0.529898
0.545362
0.544653
0.538035
0.383436
0.374625
0.321517
0.271301
0.222216
0.172819
0.126497
0.0891519
0.0578712
0.0308093
0.0156417
0.00585437
0
0
0
0
0
0
0
0
0
0
0
0
0
0
0
0
0
0
0
0
0
0
0
0
0
0
0
0
0
0
0
0
0
0
0
0
0
0
0.0517868
0.109437
0.172101
0.234187
0.301753
0.373724
0.451789
0.535158
0.547254
0.544482
0.532531
0.529393
0.453294
0.379679
0.314999
0.259079
0.199391
0.136866
0.0689122
0
0
0
0
0.0187016
0.0564457
0.0960769
0.135662
0.174422
0.213183
0.242278
0.260175
0.268647
0.267594
0.262786
0.25765
0.229978
0.378065
0.339258
0.287953
0.240721
0.365064
0.338827
0.307226
0.287954
0.439386
0.450479
0.531186
0.623662
0.538687
0.591635
0.665238
0.745547
0.658493
0.717435
0.81037
0.903514
0.774778
0.807059
0.774305
0.724829
0.67317
0.625305
0.571036
0.510856
0.440405
0.371337
0.310897
0.267627
0.231864
0.187132
0.146502
0.11834
0.09928
0.0824336
0.0678634
0.0550832
0.0435401
0.0328014
0.0224242
0.0267608
0.0335406
0.047258
0.06214
0.0770735
0.0931213
0.110837
0.130462
0.133914
0.134529
0.133914
0.132551
0.124991
0.113434
0.0989421
0.0829812
0.0645497
0.04431
0.0220275
0
0
0
0
0.0830249
0.163332
0.25141
0.25534
0.253897
0.254605
0.253841
0.253841
0.25474
0.258334
0.259828
0.25576
0.175942
0.094169
0
0
0
0
0
0
0.0869278
0.179885
0.272626
0.368893
0.46889
0.57284
0.677358
0.756141
0.848285
0.926657
1.0084
1.09373
1.0518
1.00074
0.915754
0.812634
0.704999
0.587176
0.481268
0.396588
0.519174
0.467379
0.402544
0.341977
0.28527
0.232702
0.200152
0.179361
0.166247
0.167994
0.169778
0.350733
0.173706
0.16728
0.1641
0.157282
0.15445
0.146888
0.146237
0.138299
0.139165
0.131915
0.135479
0
0
0
0
0
0
0
0
0
0
0
0
0
0
0
0
0
0
0
0
0
0