0.450602
0.475328
0.490543
0.520974
0.562394
0.603814
0.632555
0.654533
0.664677
0.652842
0.629174
0.598743
0.559013
0.519284
0.483516
0.456467
0.421338
0.367807
0.314117
0.257722
0.201425
0.153299
0.116189
0.257894
0.239946
0.275478
0.31002
0.342041
0.371858
0.400927
0.439
0.492005
0.556857
0.577332
0.591345
0.614318
0.446342
0.447332
0.407607
0.3573
0.30922
0.256378
0.198893
0.139093
0.0760401
0.0433646
0.0996811
0.156621
0.212096
0.272363
0.328712
0.385558
0.450478
0.508092
0.566435
0.636359
0.687028
0.715352
0.696636
0.630538
0.565964
0.499016
0.429838
0.36394
0.47681
0.426665
0.398784
0.374491
0.353985
0.33767
0.439929
0.421659
0.40232
0.388211
0.383372
0.386789
0.392514
0.252114
0.246565
0.219088
0.190202
0.160642
0.272964
0.138552
0.136409
0.137565
0.138383
0.138001
0.13682
0.135618
0.1353
0.135282
0.27525
0.279623
0.32937
0.225406
0.25432
0.292755
0.32944
0.374631
0.435252
0.503517
0.575125
0.801009
0.832639
0.815915
0.959138
1.06179
1.16624
1.2773
1.38855
1.50025
1.58286
1.61808
1.61834
1.6175
1.39132
1.44479
1.31234
1.1726
1.02922
0.890112
0.748958
0.613379
0.494115
0.391684
0.296265
0.220048
0.33296
0.279847
0.290716
0.313983
0.34665
0.387082
0.433228
0.466372
0.489114
0.504694
0.505325
0.500378
0.491329
0.357824
0.343652
0.297714
0.251393
0.204491
0.160078
0.11677
0.0829259
0.0536855
0.0281416
0.0146683
0.00533393
0
0
0
0
0
0
0
0
0
0
0
0
0
0
0
0
0
0
0
0
0
0
0
0
0
0
0
0
0
0
0
0
0
0
0
0
0
0.0475207
0.0999586
0.155361
0.210708
0.270619
0.334071
0.403202
0.473914
0.500501
0.500392
0.498073
0.488053
0.485498
0.4178
0.354254
0.295961
0.243129
0.186846
0.127885
0.063285
0
0
0
0.0170659
0.0514906
0.0877835
0.125373
0.162482
0.19859
0.225743
0.242413
0.246625
0.246024
0.241954
0.237594
0.228386
0.381022
0.350383
0.301452
0.255943
0.373605
0.341573
0.303155
0.276157
0.409695
0.416489
0.491046
0.566471
0.642796
0.557957
0.605905
0.674048
0.755095
0.674904
0.726324
0.804321
0.885442
0.760719
0.786697
0.746288
0.691676
0.641452
0.594943
0.542766
0.485735
0.420075
0.356298
0.300269
0.257674
0.211567
0.167076
0.129764
0.104218
0.0881524
0.0742025
0.0619597
0.0509261
0.0407094
0.0308752
0.0345074
0.0403242
0.0458632
0.0578878
0.0713125
0.0854792
0.101693
0.120115
0.124061
0.125658
0.126199
0.125658
0.126033
0.118411
0.105731
0.0919252
0.0762366
0.0594344
0.0405736
0.0201491
0
0
0
0.0765859
0.153314
0.236062
0.236052
0.234818
0.233597
0.234197
0.233588
0.234311
0.237348
0.238609
0.239883
0.236411
0.162561
0.0869692
0
0
0
0
0
0.0798092
0.166733
0.250256
0.338097
0.429053
0.523292
0.617694
0.701049
0.772023
0.841757
0.914209
0.989542
1.06793
1.02575
0.941818
0.845252
0.743923
0.632638
0.528971
0.43514
0.548052
0.485593
0.424105
0.366427
0.312216
0.261208
0.214185
0.185499
0.166207
0.153939
0.155436
0.320213
0.32719
0.157591
0.150663
0.144896
0.142489
0.136046
0.13583
0.129633
0.130435
0.124045
0.127191
0.129971
0
0
0
0
0
0
0
0
0
0
0
0
0
0
0
0
0
0
0
0
0