208 | 0.450602
224 | 0.475328
240 | 0.490543
256 | 0.520974
272 | 0.562394
288 | 0.603814
304 | 0.632555
320 | 0.654533
336 | 0.664677
352 | 0.652842
368 | 0.629174
384 | 0.598743
400 | 0.559013
416 | 0.519284
432 | 0.483516
448 | 0.456467
464 | 0.421338
480 | 0.367807
496 | 0.314117
512 | 0.257722
528 | 0.201425
544 | 0.153299
560 | 0.116189
576 | 0.257894
592 | 0.242147
608 | 0.288971
624 | 0.343419
640 | 0.403015
656 | 0.467144
672 | 0.535633
688 | 0.615245
704 | 0.708097
720 | 0.818821
736 | 0.897804
752 | 0.984488
768 | 1.07758
784 | 0.969105
800 | 1.02108
816 | 1.04584
832 | 1.06064
848 | 1.06648
864 | 1.05936
880 | 1.04468
896 | 1.01718
912 | 0.976316
928 | 0.957967
944 | 1.01609
960 | 1.0595
976 | 1.08905
992 | 1.1094
1008 | 1.11533
1024 | 1.11119
1040 | 1.1037
1056 | 1.09397
1072 | 1.08637
1088 | 1.07821
1104 | 1.06
1120 | 1.01671
1136 | 0.907125
1152 | 0.76734
1168 | 0.64696
1184 | 0.540368
1200 | 0.445643
1216 | 0.366567
1232 | 0.47681
1248 | 0.426665
1264 | 0.398784
1280 | 0.374491
1296 | 0.353985
1312 | 0.33767
1328 | 0.439929
1344 | 0.421659
1360 | 0.40232
1376 | 0.388211
1392 | 0.383372
1408 | 0.386789
1424 | 0.392514
1440 | 0.252114
1456 | 0.246565
1472 | 0.219088
1488 | 0.190202
1504 | 0.160642
1520 | 0.272964
1536 | 0.138552
1552 | 0.136409
1568 | 0.137565
1584 | 0.138383
1600 | 0.138001
1616 | 0.13682
1632 | 0.135618
1648 | 0.1353
1664 | 0.135282
1680 | 0.27525
1696 | 0.279623
1712 | 0.32937
1728 | 0.225406
1744 | 0.25432
1760 | 0.292755
1776 | 0.32944
1792 | 0.374631
1808 | 0.435252
1824 | 0.503517
1840 | 0.575125
1856 | 0.801009
1872 | 0.832639
1888 | 0.815915
1904 | 0.959138
1920 | 1.06179
1936 | 1.16624
1952 | 1.2773
1968 | 1.38855
1984 | 1.50025
2000 | 1.58286
2016 | 1.61808
2032 | 1.61834
2048 | 1.6175
2064 | 1.39132
2080 | 1.44479
2096 | 1.31234
2112 | 1.1726
2128 | 1.02922
2144 | 0.890112
2160 | 0.748958
2176 | 0.613379
2192 | 0.494115
2208 | 0.391684
2224 | 0.296265
2240 | 0.220048
2256 | 0.33296
2272 | 0.279847
2288 | 0.290716
2304 | 0.313983
2320 | 0.34665
2336 | 0.387082
2352 | 0.433228
2368 | 0.466372
2384 | 0.489114
2400 | 0.504694
2416 | 0.505325
2432 | 0.500378
2448 | 0.491329
2464 | 0.357824
2480 | 0.343652
2496 | 0.297714
2512 | 0.251393
2528 | 0.205261
2544 | 0.167561
2560 | 0.137546
2576 | 0.124068
2592 | 0.122849
2608 | 0.138218
2624 | 0.177242
2640 | 0.224581
2656 | 0.283031
2672 | 0.344734
2688 | 0.416149
2704 | 0.483464
2720 | 0.549162
2736 | 0.611262
2752 | 0.668165
2768 | 0.721041
2784 | 0.763143
2800 | 0.80503
2816 | 0.846722
2832 | 0.855839
2848 | 0.885914
2864 | 0.909409
2880 | 0.927747
2896 | 0.936453
2912 | 0.928755
2928 | 0.910914
2944 | 0.886354
2960 | 0.853911
2976 | 0.816642
2992 | 0.774949
3008 | 0.723568
3024 | 0.676311
3040 | 0.636101
3056 | 0.603558
3072 | 0.574016
3088 | 0.539236
3104 | 0.515983
3120 | 0.507857
3136 | 0.514969
3152 | 0.535831
3168 | 0.570022
3184 | 0.602331
3200 | 0.641321
3216 | 0.687036
3232 | 0.738237
3248 | 0.827979
3264 | 0.90832
3280 | 0.977709
3296 | 1.03756
3312 | 1.08338
3328 | 1.11204
3344 | 1.12379
3360 | 1.11473
3376 | 1.06202
3392 | 0.980811
3408 | 0.901252
3424 | 0.82638
3440 | 0.762148
3456 | 0.653741
3472 | 0.563257
3488 | 0.487402
3504 | 0.429641
3520 | 0.387995
3536 | 0.366489
3552 | 0.365331
3568 | 0.377951
3584 | 0.448038
3600 | 0.526934
3616 | 0.623794
3632 | 0.736468
3648 | 0.836183
3664 | 0.917211
3680 | 0.97748
3696 | 1.01434
3712 | 1.0188
3728 | 1.00445
3744 | 0.982893
3760 | 0.963946
3776 | 0.952479
3792 | 0.951179
3808 | 0.952379
3824 | 1.10282
3840 | 1.06749
3856 | 1.03213
3872 | 1.01189
3888 | 1.15007
3904 | 1.14436
3920 | 1.14868
3936 | 1.16174
3952 | 1.31851
3968 | 1.3297
3984 | 1.35505
4000 | 1.36675
4016 | 1.3672
4032 | 1.21059
4048 | 1.19217
4064 | 1.18429
4080 | 1.18827
4096 | 1.05928
4112 | 1.06276
4128 | 1.05746
4144 | 1.0419
4160 | 0.867257
4176 | 0.853061
4192 | 0.783545
4208 | 0.707354
4224 | 0.644343
4240 | 0.594943
4256 | 0.542766
4272 | 0.485735
4288 | 0.420075
4304 | 0.356298
4320 | 0.300269
4336 | 0.257674
4352 | 0.211567
4368 | 0.167076
4384 | 0.129764
4400 | 0.104218
4416 | 0.0881524
4432 | 0.0742025
4448 | 0.0619597
4464 | 0.0530352
4480 | 0.0540387
4496 | 0.0650422
4512 | 0.095691
4528 | 0.134437
4544 | 0.178779
4560 | 0.235693
4576 | 0.298868
4592 | 0.364742
4608 | 0.432839
4624 | 0.500865
4640 | 0.560988
4656 | 0.625541
4672 | 0.684537
4688 | 0.729585
4704 | 0.758116
4720 | 0.802294
4736 | 0.842565
4752 | 0.877202
4768 | 0.905475
4784 | 0.924716
4800 | 0.924563
4816 | 0.903761
4832 | 0.864388
4848 | 0.826172
4864 | 0.790058
4880 | 0.802698
4896 | 0.805852
4912 | 0.822481
4928 | 0.780409
4944 | 0.728999
4960 | 0.687832
4976 | 0.654774
4992 | 0.634344
5008 | 0.632559
5024 | 0.647114
5040 | 0.676737
5056 | 0.718064
5072 | 0.755365
5088 | 0.742787
5104 | 0.739342
5120 | 0.722152
5136 | 0.770631
5152 | 0.824152
5168 | 0.867443
5184 | 0.90034
5200 | 1.00074
5216 | 1.08686
5232 | 1.14881
5248 | 1.20044
5264 | 1.24131
5280 | 1.27208
5296 | 1.29753
5312 | 1.30934
5328 | 1.31343
5344 | 1.30832
5360 | 1.30215
5376 | 1.29573
5392 | 1.28905
5408 | 1.17581
5424 | 1.03287
5440 | 0.892233
5456 | 0.762009
5472 | 0.635684
5488 | 0.528971
5504 | 0.43514
5520 | 0.548052
5536 | 0.485593
5552 | 0.424105
5568 | 0.366427
5584 | 0.312216
5600 | 0.261208
5616 | 0.214185
5632 | 0.187535
5648 | 0.179287
5664 | 0.187909
5680 | 0.220429
5696 | 0.42879
5712 | 0.498541
5728 | 0.400331
5744 | 0.476068
5760 | 0.570306
5776 | 0.650393
5792 | 0.734789
5808 | 0.803725
5824 | 0.874485
5840 | 0.929141
5856 | 0.976476
5872 | 1.01616
5888 | 1.03735
5904 | 0.843385
5920 | 0.770583
5936 | 0.697693
5952 | 0.617641
5968 | 0.531068
5984 | 0.454028
6000 | 0.368951
6016 | 0.311539
6032 | 0.229035
6048 | 0.181128
6064 | 0.0842794
6080 | 0.0502804
6096 | 0.0254896
6112 | 0.00980328
6128 | 0.00124706
6144 | 0
6160 | 0
6176 | 0
6192 | 0
6208 | 0
6224 | 0
Valeur de l'integrale : 3941.44
