0.464188
0.479052
0.495536
0.533997
0.572459
0.61092
0.637608
0.654091
0.654876
0.633683
0.605426
0.568534
0.531642
0.494751
0.461538
0.431154
0.390701
0.33954
0.285555
0.231455
0.181725
0.138888
0.264888
0.243071
0.270195
0.303162
0.333842
0.362511
0.387345
0.417322
0.462439
0.515291
0.528775
0.540507
0.559635
0.572793
0.422359
0.422872
0.379364
0.336831
0.290487
0.236647
0.186227
0.136278
0.103971
0.0930915
0.143792
0.197744
0.249626
0.306506
0.359076
0.412137
0.473087
0.526757
0.58112
0.638735
0.671669
0.672988
0.642178
0.579347
0.515843
0.449945
0.386742
0.493273
0.445623
0.418317
0.394373
0.374155
0.352783
0.442936
0.412948
0.387214
0.370603
0.360558
0.357852
0.360882
0.363697
0.233525
0.22873
0.203121
0.176235
0.278562
0.259793
0.127819
0.125993
0.126978
0.127691
0.127366
0.126343
0.125318
0.125046
0.254059
0.25778
0.303641
0.343959
0.242524
0.271229
0.305159
0.346735
0.402092
0.463914
0.528299
0.733524
0.759961
0.906784
0.887235
1.01706
1.10251
1.19294
1.29228
1.38865
1.48407
1.56031
1.5781
1.57496
1.56176
1.34159
1.3777
1.24117
1.099
0.952709
0.809045
0.674277
0.552469
0.446592
0.355224
0.269546
0.372993
0.312692
0.313825
0.324608
0.344995
0.374244
0.410159
0.436542
0.455141
0.469729
0.471294
0.467647
0.460087
0.459877
0.329462
0.319719
0.277149
0.232497
0.190272
0.148457
0.109169
0.0773988
0.0494073
0.0265333
0.0134708
0.00489846
0
0
0
0
0
0
0
0
0
0
0
0
0
0
0
0
0
0
0
0
0
0
0
0
0
0
0
0
0
0
0
0
0
0
0
0
0.0439148
0.0921053
0.142629
0.191507
0.245308
0.301984
0.363459
0.426669
0.446533
0.461014
0.460922
0.458954
0.450503
0.449658
0.391406
0.334214
0.279093
0.229029
0.175565
0.118281
0.0585074
0
0
0.0156933
0.0473276
0.0805504
0.115226
0.150943
0.185866
0.211321
0.227224
0.231303
0.227673
0.224183
0.220434
0.212486
0.368971
0.355078
0.31343
0.26963
0.381292
0.350751
0.307366
0.274279
0.390319
0.389841
0.457142
0.527244
0.588708
0.652481
0.574104
0.618078
0.686814
0.766192
0.685232
0.724753
0.792971
0.8664
0.743858
0.760764
0.71535
0.662299
0.613538
0.568424
0.518271
0.464118
0.402646
0.343154
0.288376
0.236421
0.190406
0.149208
0.115218
0.0932113
0.0798385
0.0680952
0.057531
0.0477887
0.0384436
0.041501
0.0466776
0.0513886
0.0560109
0.0668411
0.07957
0.0938679
0.110668
0.114668
0.116943
0.11836
0.11884
0.119785
0.120035
0.11117
0.0990082
0.0852516
0.0708494
0.0549345
0.0374124
0.0185658
0
0
0.0710737
0.142334
0.222687
0.222472
0.218407
0.21735
0.216304
0.21685
0.216948
0.219516
0.220594
0.221682
0.222782
0.219784
0.151072
0.0818858
0
0
0
0
0.0735441
0.15389
0.233066
0.312047
0.395455
0.481634
0.567689
0.643321
0.719503
0.771108
0.836111
0.903474
0.973328
1.04254
0.968653
0.873472
0.777778
0.672375
0.573749
0.481265
0.575385
0.514692
0.443201
0.388165
0.336258
0.287262
0.241533
0.199537
0.172905
0.15485
0.143327
0.294579
0.300474
0.298447
0.142757
0.134318
0.132247
0.126679
0.126507
0.121388
0.122699
0.117061
0.119859
0.122325
0.117979
0
0
0
0
0
0
0
0
0
0
0
0
0
0
0
0
0
0
0
0