0.468407
0.484478
0.509386
0.545284
0.581181
0.617079
0.638324
0.64565
0.636859
0.611218
0.576786
0.542354
0.507921
0.473489
0.437503
0.401544
0.361845
0.310115
0.258095
0.210047
0.165535
0.278622
0.250457
0.27153
0.296971
0.326413
0.354015
0.377994
0.403772
0.440336
0.485328
0.491318
0.497718
0.513892
0.524965
0.543578
0.400488
0.396074
0.359555
0.318298
0.270229
0.223002
0.180792
0.157686
0.146973
0.134864
0.182533
0.233779
0.282504
0.336348
0.385614
0.435363
0.492795
0.543026
0.586854
0.628031
0.636082
0.625041
0.592847
0.530769
0.467869
0.407176
0.508042
0.462652
0.435946
0.412397
0.392502
0.371359
0.452669
0.41711
0.38126
0.358726
0.346016
0.338218
0.335564
0.336377
0.338179
0.217465
0.213301
0.189323
0.285106
0.266195
0.240833
0.118629
0.117055
0.117918
0.118533
0.118239
0.117357
0.116472
0.235925
0.239102
0.281641
0.319037
0.351759
0.259532
0.284212
0.322705
0.373585
0.430086
0.488584
0.676526
0.698951
0.831492
0.968659
0.944733
1.05649
1.1302
1.21125
1.29805
1.38097
1.46996
1.52718
1.54029
1.52578
1.50398
1.28585
1.30691
1.1679
1.02274
0.871594
0.733469
0.611414
0.502482
0.407409
0.324973
0.411204
0.351552
0.342121
0.344079
0.353204
0.37134
0.397153
0.415324
0.428815
0.440156
0.441607
0.438936
0.432581
0.432395
0.424826
0.307401
0.298857
0.257451
0.2172
0.177189
0.139301
0.102356
0.0716793
0.0467969
0.0245306
0.012454
0.00452873
0
0
0
0
0
0
0
0
0
0
0
0
0
0
0
0
0
0
0
0
0
0
0
0
0
0
0
0
0
0
0
0
0
0
0
0.0408175
0.0854162
0.13198
0.176727
0.224327
0.27552
0.330805
0.387401
0.404346
0.414833
0.427303
0.427223
0.425595
0.419478
0.422779
0.370449
0.31632
0.264045
0.216222
0.163361
0.110019
0.0544005
0
0.0145251
0.0437873
0.0744071
0.106279
0.139445
0.173456
0.198631
0.213826
0.218039
0.214728
0.208843
0.205586
0.198656
0.344855
0.345493
0.319995
0.281939
0.388248
0.359066
0.317194
0.279387
0.382172
0.372607
0.42999
0.49369
0.551087
0.601754
0.660836
0.587767
0.632784
0.699815
0.772037
0.685541
0.717988
0.780122
0.845182
0.72137
0.731974
0.687595
0.636088
0.588781
0.545061
0.496841
0.44532
0.387274
0.328802
0.265874
0.214255
0.171266
0.133438
0.103713
0.0848822
0.0736033
0.0634724
0.0541631
0.0452609
0.047835
0.0524789
0.0567027
0.0605932
0.0646436
0.0749339
0.0877568
0.102521
0.106028
0.10856
0.110597
0.111863
0.113574
0.114354
0.113358
0.104764
0.0925149
0.07983
0.0660266
0.0510606
0.0347082
0.0172133
0
0.0663018
0.132822
0.207874
0.210553
0.20673
0.203216
0.202301
0.201422
0.202436
0.204205
0.205108
0.206049
0.206998
0.207957
0.205342
0.142873
0.0763869
0
0
0
0.068181
0.142474
0.21612
0.291835
0.366736
0.446119
0.525174
0.594377
0.66388
0.721911
0.770307
0.831181
0.894122
0.956485
0.987743
0.902117
0.807492
0.707404
0.613382
0.524889
0.61112
0.54231
0.472189
0.407617
0.35784
0.310721
0.266678
0.225839
0.186824
0.161912
0.144946
0.272745
0.277791
0.276057
0.271713
0.127999
0.123379
0.118519
0.118369
0.113888
0.115287
0.110792
0.113327
0.115528
0.111645
0.108014
0
0
0
0
0
0
0
0
0
0
0
0
0
0
0
0
0
0
0