240 | 0
256 | 0
272 | 0
288 | 0
304 | 0
320 | 0
336 | 0
352 | 0
368 | 0
384 | 0
400 | 0
416 | 0
432 | 0
448 | 0
464 | 0
480 | 0
496 | 0
512 | 0
528 | 0
544 | 0
560 | 0
576 | 0
592 | 0.00197126
608 | 0.0121348
624 | 0.0301513
640 | 0.0552417
656 | 0.0866127
672 | 0.121778
688 | 0.155988
704 | 0.186704
720 | 0.22305
736 | 0.270782
752 | 0.330897
768 | 0.387528
784 | 0.453486
800 | 0.516141
816 | 0.561553
832 | 0.612399
848 | 0.671747
864 | 0.724847
880 | 0.776653
896 | 0.81854
912 | 0.852365
928 | 0.882626
944 | 0.90334
960 | 0.904008
976 | 0.884443
992 | 0.850308
1008 | 0.80572
1024 | 0.747934
1040 | 0.69034
1056 | 0.634063
1072 | 0.569389
1088 | 0.510668
1104 | 0.453097
1120 | 0.379829
1136 | 0.31089
1152 | 0.244324
1168 | 0.168981
1184 | 0.110512
1200 | 0.0659758
1216 | 0.0337411
1232 | 0.0133621
1248 | 0.00230697
1264 | 0
1280 | 0
1296 | 0
1312 | 0
1328 | 0
1344 | 0
1360 | 0
1376 | 0
1392 | 0
1408 | 0
1424 | 0
1440 | 0
1456 | 0
1472 | 0
1488 | 0
1504 | 0
1520 | 0
1536 | 0
1552 | 0
1568 | 0
1584 | 0
1600 | 0
1616 | 0
1632 | 0
1648 | 0
1664 | 0
1680 | 0
1696 | 0
1712 | 0
1728 | 0
1744 | 0
1760 | 0
1776 | 0
1792 | 0
1808 | 0
1824 | 0
1840 | 0
1856 | 0
1872 | 0
1888 | 0
1904 | 0
1920 | 0
1936 | 0
1952 | 0
1968 | 0
1984 | 0
2000 | 0
2016 | 0
2032 | 0
2048 | 0
2064 | 0
2080 | 0
2096 | 0
2112 | 0
2128 | 0
2144 | 0
2160 | 0
2176 | 0
2192 | 0
2208 | 0
2224 | 0
2240 | 0
2256 | 0
2272 | 0
2288 | 0
2304 | 0
2320 | 0
2336 | 0
2352 | 0
2368 | 0
2384 | 0
2400 | 0
2416 | 0
2432 | 0
2448 | 0
2464 | 0
2480 | 0
2496 | 0
2512 | 0
2528 | 0.000685753
2544 | 0.0066786
2560 | 0.0185763
2576 | 0.0363353
2592 | 0.0596764
2608 | 0.0939405
2624 | 0.138032
2640 | 0.18615
2656 | 0.240306
2672 | 0.3005
2688 | 0.365745
2704 | 0.421344
2720 | 0.481464
2736 | 0.530707
2752 | 0.582822
2768 | 0.637397
2784 | 0.68614
2800 | 0.738099
2816 | 0.77869
2832 | 0.817139
2848 | 0.856553
2864 | 0.865893
2880 | 0.895659
2896 | 0.917421
2912 | 0.924495
2928 | 0.91622
2944 | 0.894137
2960 | 0.862828
2976 | 0.827123
2992 | 0.785834
3008 | 0.741396
3024 | 0.699897
3040 | 0.663277
3056 | 0.637276
3072 | 0.615534
3088 | 0.596608
3104 | 0.580816
3120 | 0.564122
3136 | 0.557239
3152 | 0.562055
3168 | 0.575435
3184 | 0.587432
3200 | 0.607666
3216 | 0.632505
3232 | 0.668169
3248 | 0.709297
3264 | 0.745933
3280 | 0.77059
3296 | 0.782518
3312 | 0.780268
3328 | 0.767176
3344 | 0.736611
3360 | 0.687553
3376 | 0.63535
3392 | 0.560926
3408 | 0.479397
3424 | 0.412215
3440 | 0.357352
3456 | 0.318658
3472 | 0.275394
3488 | 0.246635
3504 | 0.236633
3520 | 0.240121
3536 | 0.255518
3552 | 0.290377
3568 | 0.335826
3584 | 0.391485
3600 | 0.457121
3616 | 0.516397
3632 | 0.584591
3648 | 0.647807
3664 | 0.701447
3680 | 0.73729
3696 | 0.754312
3712 | 0.753898
3728 | 0.747985
3744 | 0.744821
3760 | 0.742487
3776 | 0.741177
3792 | 0.743969
3808 | 0.751999
3824 | 0.750204
3840 | 0.746183
3856 | 0.753003
3872 | 0.762843
3888 | 0.764796
3904 | 0.772223
3920 | 0.797308
3936 | 0.829788
3952 | 0.859301
3968 | 0.878575
3984 | 0.851355
4000 | 0.810055
4016 | 0.755492
4032 | 0.688991
4048 | 0.61719
4064 | 0.56226
4080 | 0.517092
4096 | 0.460918
4112 | 0.395363
4128 | 0.350808
4144 | 0.306743
4160 | 0.229613
4176 | 0.1411
4192 | 0.0960793
4208 | 0.0598317
4224 | 0.033424
4240 | 0.0139881
4256 | 0.0025638
4272 | 0
4288 | 0
4304 | 0
4320 | 0
4336 | 0
4352 | 0
4368 | 0
4384 | 0
4400 | 0
4416 | 0
4432 | 0
4448 | 0
4464 | 0.00189727
4480 | 0.0120021
4496 | 0.030776
4512 | 0.0554134
4528 | 0.0856138
4544 | 0.120622
4560 | 0.159787
4576 | 0.202103
4592 | 0.244811
4608 | 0.285764
4624 | 0.324977
4640 | 0.373417
4656 | 0.431868
4672 | 0.490931
4688 | 0.548101
4704 | 0.595281
4720 | 0.630592
4736 | 0.660137
4752 | 0.712769
4768 | 0.762497
4784 | 0.805663
4800 | 0.834812
4816 | 0.848144
4832 | 0.844933
4848 | 0.82535
4864 | 0.805126
4880 | 0.754096
4896 | 0.690844
4912 | 0.627165
4928 | 0.582812
4944 | 0.544043
4960 | 0.516699
4976 | 0.491609
4992 | 0.475041
5008 | 0.46254
5024 | 0.456389
5040 | 0.462795
5056 | 0.478965
5072 | 0.5045
5088 | 0.53953
5104 | 0.574173
5120 | 0.623293
5136 | 0.686241
5152 | 0.750807
5168 | 0.793078
5184 | 0.83954
5200 | 0.87494
5216 | 0.892465
5232 | 0.890977
5248 | 0.869708
5264 | 0.830011
5280 | 0.77686
5296 | 0.71867
5312 | 0.658631
5328 | 0.596656
5344 | 0.532647
5360 | 0.473972
5376 | 0.40748
5392 | 0.337977
5408 | 0.265309
5424 | 0.18726
5440 | 0.123655
5456 | 0.0743323
5472 | 0.0384866
5488 | 0.0149124
5504 | 0.00252719
5520 | 0
5536 | 0
5552 | 0
5568 | 0
5584 | 0
5600 | 0
5616 | 0
5632 | 0.00180671
5648 | 0.0113629
5664 | 0.0291714
5680 | 0.0556061
5696 | 0.0924815
5712 | 0.14548
5728 | 0.212609
5744 | 0.293426
5760 | 0.375802
5776 | 0.439788
5792 | 0.521607
5808 | 0.582036
5824 | 0.654384
5840 | 0.7075
5856 | 0.770862
5872 | 0.815553
5888 | 0.844946
5904 | 0.815672
5920 | 0.774786
5936 | 0.714747
5952 | 0.651608
5968 | 0.591226
5984 | 0.525321
6000 | 0.456973
6016 | 0.401874
6032 | 0.33583
6048 | 0.285722
6064 | 0.207579
6080 | 0.164126
6096 | 0.0759494
6112 | 0.0454934
6128 | 0.0232505
6144 | 0.00894881
6160 | 0.00113279
6176 | 0
6192 | 0
6208 | 0
6224 | 0
Valeur de l'integrale : 1989.93
