0.474159
0.498154
0.521506
0.55516
0.588814
0.619033
0.631396
0.629336
0.615599
0.584006
0.551726
0.519445
0.487165
0.450074
0.409106
0.373319
0.331948
0.281887
0.235452
0.192264
0.296999
0.264196
0.276949
0.296959
0.319652
0.346258
0.369436
0.394309
0.426317
0.462733
0.464331
0.464574
0.475062
0.484509
0.500321
0.516788
0.37637
0.377074
0.341434
0.298008
0.256033
0.216017
0.197346
0.19481
0.183264
0.171849
0.216828
0.265616
0.311546
0.362652
0.409006
0.455831
0.510125
0.550704
0.58059
0.598371
0.594388
0.580715
0.545648
0.483949
0.425593
0.521365
0.478031
0.451938
0.428812
0.409264
0.388387
0.466114
0.427342
0.386566
0.354792
0.336416
0.325963
0.318526
0.314276
0.314433
0.315973
0.203472
0.199822
0.289846
0.273314
0.248216
0.224453
0.110672
0.109312
0.110065
0.110589
0.110332
0.109564
0.220605
0.222973
0.262613
0.297483
0.327994
0.360724
0.272737
0.30179
0.348852
0.400812
0.454422
0.62782
0.647009
0.767745
0.891968
1.01851
0.985029
1.08412
1.15013
1.22083
1.29614
1.37418
1.4452
1.49522
1.49635
1.47386
1.44158
1.22523
1.23412
1.09191
0.940984
0.795013
0.669028
0.559187
0.460789
0.374547
0.456224
0.388812
0.376427
0.368706
0.369837
0.377705
0.393394
0.403172
0.409878
0.416953
0.416183
0.413589
0.408178
0.408012
0.401267
0.397402
0.288067
0.278713
0.241378
0.203017
0.166805
0.131037
0.0952402
0.0681539
0.0435126
0.022809
0.01158
0.004217
0
0
0
0
0
0
0
0
0
0
0
0
0
0
0
0
0
0
0
0
0
0
0
0
0
0
0
0
0
0
0
0
0
0
0.0381283
0.0796329
0.122839
0.164248
0.208
0.25332
0.303534
0.354708
0.368909
0.378178
0.387336
0.398186
0.398172
0.3978
0.395992
0.401298
0.351623
0.300244
0.250263
0.20223
0.152743
0.102835
0.0508324
0.0137511
0.0407398
0.0691344
0.098606
0.129206
0.160976
0.186147
0.20192
0.206213
0.203405
0.1979
0.192612
0.186516
0.323697
0.324259
0.313384
0.289682
0.394486
0.366633
0.326181
0.289497
0.382482
0.365752
0.411683
0.466355
0.518563
0.56605
0.612996
0.668448
0.603309
0.646898
0.707812
0.768726
0.680767
0.709471
0.764754
0.819008
0.695845
0.705886
0.662556
0.612557
0.566675
0.524322
0.477936
0.428553
0.370694
0.304422
0.242414
0.193938
0.154143
0.120803
0.0949083
0.0785755
0.0688455
0.0599329
0.0514336
0.0535985
0.0577815
0.0616015
0.0651109
0.0685028
0.0724884
0.0829252
0.0961169
0.0985261
0.100785
0.10307
0.104904
0.107186
0.10868
0.108278
0.107385
0.0984982
0.0871668
0.0749058
0.0618105
0.0476971
0.0323686
0.0163146
0.0628981
0.124502
0.194909
0.197262
0.1964
0.19307
0.190001
0.189226
0.188927
0.191297
0.191679
0.192475
0.193303
0.194139
0.194981
0.194942
0.133921
0.07158
0
0
0.0635469
0.132616
0.200924
0.271743
0.344263
0.415482
0.488583
0.552354
0.61624
0.669319
0.724038
0.769599
0.826837
0.883552
0.912623
0.923491
0.837423
0.738516
0.648709
0.563905
0.645582
0.577842
0.499824
0.436171
0.377323
0.331954
0.289489
0.250141
0.212126
0.175635
0.152234
0.265376
0.258293
0.256793
0.25303
0.244847
0.118027
0.111347
0.111214
0.10725
0.108501
0.104714
0.107441
0.109447
0.105955
0.10268
0.0996008
0
0
0
0
0
0
0
0
0
0
0
0
0
0
0
0
0
0