0.487637
0.510221
0.532199
0.563874
0.592316
0.613647
0.616879
0.609769
0.58973
0.559995
0.529614
0.499232
0.464181
0.42223
0.381738
0.343968
0.303265
0.258368
0.216462
0.316238
0.282348
0.288407
0.300843
0.318666
0.339149
0.361572
0.385601
0.416392
0.44823
0.443897
0.440738
0.44491
0.449843
0.463441
0.477535
0.487083
0.359173
0.359544
0.321391
0.283632
0.247963
0.228928
0.229522
0.226284
0.215621
0.204825
0.2474
0.293946
0.337385
0.386013
0.429779
0.474006
0.519236
0.547185
0.55685
0.562283
0.555109
0.537536
0.499882
0.442276
0.533444
0.491989
0.46651
0.443825
0.424636
0.404053
0.478499
0.441048
0.397224
0.360875
0.333899
0.318072
0.308144
0.299558
0.295038
0.295148
0.296504
0.19117
0.293211
0.278688
0.256035
0.232512
0.210159
0.103726
0.102531
0.103182
0.103642
0.103417
0.208175
0.20924
0.246019
0.278657
0.307237
0.337893
0.367226
0.29026
0.327191
0.37527
0.424681
0.585657
0.602321
0.713076
0.826529
0.941458
1.05293
1.01421
1.10463
1.16191
1.22301
1.29443
1.3569
1.42055
1.45685
1.44922
1.4169
1.37536
1.16152
1.15853
1.00966
0.862943
0.72897
0.614906
0.51518
0.425486
0.496727
0.432625
0.409697
0.399255
0.391523
0.392079
0.398353
0.399456
0.399013
0.400106
0.396031
0.391655
0.386418
0.386233
0.380183
0.376712
0.373252
0.269306
0.262158
0.226371
0.191684
0.157374
0.122347
0.0908206
0.0636796
0.0406591
0.0213132
0.0108352
0.00397903
0
0
0
0
0
0
0
0
0
0
0
0
0
0
0
0
0
0
0
0
0
0
0
0
0
0
0
0
0
0
0
0
0
0.0357716
0.0745831
0.114882
0.153448
0.194093
0.235878
0.280418
0.327104
0.339143
0.347002
0.35519
0.363257
0.372832
0.373741
0.376617
0.377086
0.381895
0.334618
0.28543
0.235081
0.189938
0.143421
0.0965324
0.0605493
0.0387032
0.0645595
0.0919666
0.120351
0.149766
0.173487
0.190099
0.195605
0.193215
0.188242
0.183266
0.175775
0.304986
0.305485
0.295813
0.285303
0.395729
0.373472
0.334431
0.298814
0.388158
0.366719
0.403383
0.44733
0.491717
0.5349
0.57899
0.622883
0.679449
0.617882
0.656261
0.707219
0.760859
0.674169
0.698304
0.744386
0.790264
0.672602
0.682136
0.639853
0.591314
0.546816
0.505789
0.460869
0.410522
0.344562
0.279056
0.220659
0.175542
0.140266
0.111035
0.0881838
0.0737281
0.0651802
0.057049
0.0588653
0.0626469
0.0661132
0.0693095
0.0723983
0.0757794
0.0802379
0.0910283
0.0925972
0.0939826
0.0960357
0.0981085
0.100779
0.102816
0.103178
0.102816
0.101483
0.0932794
0.082252
0.0705454
0.0581005
0.0447494
0.0307988
0.0748933
0.118518
0.183466
0.18555
0.184786
0.184029
0.181102
0.178422
0.178156
0.179189
0.180262
0.180602
0.181308
0.182043
0.182783
0.18558
0.183495
0.126025
0.0673423
0
0.0595026
0.124034
0.187699
0.253582
0.321756
0.391324
0.45676
0.51588
0.574979
0.62387
0.674166
0.72593
0.76897
0.820954
0.848122
0.858997
0.860553
0.769678
0.680396
0.599008
0.676588
0.612189
0.534781
0.463511
0.405258
0.351263
0.310277
0.272321
0.235605
0.199983
0.16571
0.264813
0.252234
0.240042
0.236751
0.229572
0.22654
0.106969
0.104875
0.101342
0.102459
0.0990847
0.101715
0.103948
0.100818
0.0978479
0.0950478
0.0924036
0
0
0
0
0
0
0
0
0
0
0
0
0
0
0
0
0