272 | 0
288 | 0
304 | 0
320 | 0
336 | 0
352 | 0
368 | 0
384 | 0
400 | 0
416 | 0
432 | 0
448 | 0
464 | 0
480 | 0
496 | 0
512 | 0
528 | 0
544 | 0
560 | 0
576 | 0
592 | 0.00178496
608 | 0.0110249
624 | 0.0274794
640 | 0.0504943
656 | 0.0793869
672 | 0.111886
688 | 0.143553
704 | 0.170644
720 | 0.199597
736 | 0.236922
752 | 0.286259
768 | 0.333116
784 | 0.388592
800 | 0.440049
816 | 0.493859
832 | 0.557183
848 | 0.598788
864 | 0.638956
880 | 0.697145
896 | 0.746373
912 | 0.789092
928 | 0.829262
944 | 0.860709
960 | 0.876703
976 | 0.876294
992 | 0.857829
1008 | 0.821252
1024 | 0.770976
1040 | 0.719376
1056 | 0.664246
1072 | 0.613076
1088 | 0.563012
1104 | 0.504628
1120 | 0.44821
1136 | 0.387072
1152 | 0.315772
1168 | 0.256842
1184 | 0.202702
1200 | 0.14072
1216 | 0.092087
1232 | 0.056729
1248 | 0.0300117
1264 | 0.011524
1280 | 0.00193656
1296 | 0
1312 | 0
1328 | 0
1344 | 0
1360 | 0
1376 | 0
1392 | 0
1408 | 0
1424 | 0
1440 | 0
1456 | 0
1472 | 0
1488 | 0
1504 | 0
1520 | 0
1536 | 0
1552 | 0
1568 | 0
1584 | 0
1600 | 0
1616 | 0
1632 | 0
1648 | 0
1664 | 0
1680 | 0
1696 | 0
1712 | 0
1728 | 0
1744 | 0
1760 | 0
1776 | 0
1792 | 0
1808 | 0
1824 | 0
1840 | 0
1856 | 0
1872 | 0
1888 | 0
1904 | 0
1920 | 0
1936 | 0
1952 | 0
1968 | 0
1984 | 0
2000 | 0
2016 | 0
2032 | 0
2048 | 0
2064 | 0
2080 | 0
2096 | 0
2112 | 0
2128 | 0
2144 | 0
2160 | 0
2176 | 0
2192 | 0
2208 | 0
2224 | 0
2240 | 0
2256 | 0
2272 | 0
2288 | 0
2304 | 0
2320 | 0
2336 | 0
2352 | 0
2368 | 0
2384 | 0
2400 | 0
2416 | 0
2432 | 0
2448 | 0
2464 | 0
2480 | 0
2496 | 0
2512 | 0
2528 | 0.00062838
2544 | 0.00602962
2560 | 0.016797
2576 | 0.032887
2592 | 0.0540655
2608 | 0.0843004
2624 | 0.121232
2640 | 0.161907
2656 | 0.208788
2672 | 0.261087
2688 | 0.31771
2704 | 0.373842
2720 | 0.429589
2736 | 0.468664
2752 | 0.516519
2768 | 0.559556
2784 | 0.604245
2800 | 0.658736
2816 | 0.705818
2832 | 0.754199
2848 | 0.793634
2864 | 0.830126
2880 | 0.869048
2896 | 0.878932
2912 | 0.89739
2928 | 0.903149
2944 | 0.895748
2960 | 0.874079
2976 | 0.840563
2992 | 0.800016
3008 | 0.757019
3024 | 0.715093
3040 | 0.68393
3056 | 0.661198
3072 | 0.641118
3088 | 0.626816
3104 | 0.616445
3120 | 0.611354
3136 | 0.608808
3152 | 0.60476
3168 | 0.605053
3184 | 0.604336
3200 | 0.608003
3216 | 0.615209
3232 | 0.634015
3248 | 0.656532
3264 | 0.680152
3280 | 0.706512
3296 | 0.729398
3312 | 0.739587
3328 | 0.736207
3344 | 0.719276
3360 | 0.692039
3376 | 0.663482
3392 | 0.615853
3408 | 0.558112
3424 | 0.492924
3440 | 0.429535
3456 | 0.38544
3472 | 0.346946
3488 | 0.319835
3504 | 0.293926
3520 | 0.28496
3536 | 0.29263
3552 | 0.313716
3568 | 0.338057
3584 | 0.369565
3600 | 0.40978
3616 | 0.458903
3632 | 0.516714
3648 | 0.562071
3664 | 0.608868
3680 | 0.648419
3696 | 0.678379
3712 | 0.692255
3728 | 0.701638
3744 | 0.716239
3760 | 0.732505
3776 | 0.747972
3792 | 0.762107
3808 | 0.77302
3824 | 0.772046
3840 | 0.768526
3856 | 0.773874
3872 | 0.781909
3888 | 0.780662
3904 | 0.777003
3920 | 0.785547
3936 | 0.802243
3952 | 0.815923
3968 | 0.827909
3984 | 0.813392
4000 | 0.791709
4016 | 0.75666
4032 | 0.709811
4048 | 0.657453
4064 | 0.60409
4080 | 0.550741
4096 | 0.514274
4112 | 0.478725
4128 | 0.425696
4144 | 0.363833
4160 | 0.322631
4176 | 0.281867
4192 | 0.210087
4208 | 0.128488
4224 | 0.0874904
4240 | 0.0544699
4256 | 0.0303059
4272 | 0.0126274
4288 | 0.00230326
4304 | 0
4320 | 0
4336 | 0
4352 | 0
4368 | 0
4384 | 0
4400 | 0
4416 | 0
4432 | 0
4448 | 0
4464 | 0.00172408
4480 | 0.0109152
4496 | 0.0279974
4512 | 0.0506378
4528 | 0.0785563
4544 | 0.111093
4560 | 0.147605
4576 | 0.186178
4592 | 0.223365
4608 | 0.257517
4624 | 0.288547
4640 | 0.326115
4656 | 0.373875
4672 | 0.426296
4688 | 0.480705
4704 | 0.529696
4720 | 0.576591
4736 | 0.624185
4752 | 0.661256
4768 | 0.689678
4784 | 0.737702
4800 | 0.774518
4816 | 0.79845
4832 | 0.808284
4848 | 0.803103
4864 | 0.795131
4880 | 0.760617
4896 | 0.714675
4912 | 0.663253
4928 | 0.625125
4944 | 0.584761
4960 | 0.55292
4976 | 0.535559
4992 | 0.527508
5008 | 0.520062
5024 | 0.51566
5040 | 0.512226
5056 | 0.511653
5072 | 0.518068
5088 | 0.532578
5104 | 0.555344
5120 | 0.582171
5136 | 0.612107
5152 | 0.659991
5168 | 0.716184
5184 | 0.773197
5200 | 0.807554
5216 | 0.838512
5232 | 0.853406
5248 | 0.851397
5264 | 0.831608
5280 | 0.793968
5296 | 0.746787
5312 | 0.695676
5328 | 0.642517
5344 | 0.587851
5360 | 0.531614
5376 | 0.473736
5392 | 0.421475
5408 | 0.360787
5424 | 0.293539
5440 | 0.224466
5456 | 0.156621
5472 | 0.103667
5488 | 0.0626327
5504 | 0.0325892
5520 | 0.0130219
5536 | 0.00226991
5552 | 0
5568 | 0
5584 | 0
5600 | 0
5616 | 0
5632 | 0.00164898
5648 | 0.0103644
5664 | 0.0262668
5680 | 0.04913
5696 | 0.0807179
5712 | 0.126412
5728 | 0.184871
5744 | 0.25567
5760 | 0.337008
5776 | 0.403754
5792 | 0.470774
5808 | 0.515685
5824 | 0.582297
5840 | 0.628775
5856 | 0.689404
5872 | 0.733358
5888 | 0.769166
5904 | 0.757465
5920 | 0.734385
5936 | 0.701384
5952 | 0.663626
5968 | 0.615365
5984 | 0.564686
6000 | 0.519103
6016 | 0.472673
6032 | 0.421647
6048 | 0.372973
6064 | 0.308712
6080 | 0.262343
6096 | 0.189817
6112 | 0.150359
6128 | 0.0697082
6144 | 0.0419956
6160 | 0.0214772
6176 | 0.00823362
6192 | 0.0010377
6208 | 0
6224 | 0
Valeur de l'integrale : 1988.85
