0.499618
0.520948
0.541705
0.568567
0.588713
0.600923
0.599092
0.585661
0.566735
0.538652
0.509959
0.476736
0.436708
0.395155
0.353139
0.315681
0.279144
0.238472
0.333737
0.301342
0.304148
0.310458
0.321383
0.337449
0.354322
0.37756
0.407224
0.437848
0.430798
0.422611
0.423275
0.422867
0.431624
0.443825
0.45206
0.465794
0.343232
0.339985
0.307059
0.274902
0.257963
0.257012
0.256965
0.254547
0.24465
0.234409
0.274826
0.31932
0.360524
0.406899
0.448351
0.484422
0.51787
0.527282
0.526516
0.527637
0.516106
0.495077
0.458781
0.544447
0.504715
0.479844
0.457608
0.438784
0.418515
0.489944
0.453728
0.411089
0.371753
0.340479
0.31661
0.301661
0.290852
0.28228
0.277994
0.278091
0.279295
0.280952
0.282656
0.262219
0.240811
0.218677
0.197595
0.0976005
0.0965322
0.0971095
0.0975168
0.197048
0.198026
0.23177
0.262097
0.288951
0.31778
0.345325
0.379234
0.315195
0.352788
0.398593
0.548745
0.563407
0.665746
0.770036
0.875241
0.976662
1.07741
1.03657
1.11756
1.16668
1.22498
1.28261
1.33894
1.38922
1.41488
1.39679
1.35573
1.30685
1.09432
1.07601
0.930369
0.794961
0.672965
0.568885
0.477595
0.539398
0.472259
0.449425
0.429182
0.418991
0.411369
0.410923
0.403788
0.395773
0.390495
0.381284
0.374118
0.367422
0.366694
0.361204
0.358069
0.354942
0.349712
0.253818
0.246604
0.214308
0.181333
0.147397
0.11692
0.0851742
0.0597567
0.0381568
0.020027
0.0102618
0.00378064
0
0
0
0
0
0
0
0
0
0
0
0
0
0
0
0
0
0
0
0
0
0
0
0
0
0
0
0
0
0
0
0
0.0336805
0.0701355
0.107893
0.14398
0.181966
0.220904
0.262098
0.303486
0.313822
0.32054
0.327551
0.334838
0.342038
0.351327
0.354982
0.359476
0.359904
0.364281
0.318868
0.269006
0.221635
0.179055
0.135171
0.10301
0.0812403
0.0614833
0.0861649
0.112632
0.139997
0.162024
0.178
0.184977
0.183998
0.179482
0.174953
0.167958
0.288319
0.288765
0.280109
0.270667
0.3861
0.375735
0.341967
0.30743
0.393407
0.372763
0.402855
0.437935
0.472632
0.508925
0.549093
0.590241
0.635213
0.690715
0.627862
0.657542
0.702222
0.751488
0.664899
0.682226
0.721197
0.763978
0.651347
0.660422
0.619173
0.572043
0.528876
0.488873
0.442451
0.383428
0.317385
0.255286
0.20075
0.160479
0.129439
0.103517
0.0829811
0.0699729
0.0621792
0.063697
0.067127
0.0702821
0.0732013
0.0760441
0.0791802
0.0830633
0.0880777
0.0878652
0.0885729
0.0898397
0.091714
0.0944918
0.0969067
0.097878
0.0982061
0.0973925
0.0965201
0.0884359
0.0778533
0.0666648
0.0548107
0.0427517
0.0845916
0.127073
0.175177
0.17515
0.17447
0.173795
0.173125
0.170552
0.168548
0.169472
0.169472
0.170431
0.170735
0.171366
0.172022
0.174496
0.175177
0.173318
0.119009
0.0635784
0.0567708
0.116495
0.176107
0.237665
0.301268
0.366969
0.431495
0.483925
0.538897
0.5842
0.630722
0.678512
0.727623
0.766639
0.792136
0.802923
0.805125
0.794446
0.712074
0.630757
0.704632
0.64326
0.56869
0.497692
0.432117
0.378482
0.329299
0.292646
0.257149
0.222666
0.189154
0.271843
0.252482
0.235501
0.22244
0.216091
0.213403
0.206094
0.100982
0.0960518
0.0970542
0.0940214
0.0963958
0.0985787
0.0961331
0.0934503
0.0908929
0.0884719
0.0861764
0
0
0
0
0
0
0
0
0
0
0
0
0
0
0
0