0.510338
0.530545
0.547318
0.566404
0.577971
0.584912
0.576815
0.56409
0.546161
0.519556
0.487981
0.449713
0.409787
0.366831
0.325436
0.291693
0.258578
0.349722
0.318695
0.320873
0.324211
0.329538
0.339265
0.352158
0.370113
0.398729
0.428229
0.421445
0.411019
0.406773
0.403581
0.406839
0.41456
0.421736
0.433665
0.445983
0.325364
0.32589
0.297944
0.282692
0.282615
0.281106
0.281802
0.280065
0.27084
0.2611
0.299566
0.342178
0.381365
0.425683
0.459523
0.485179
0.501103
0.500773
0.49672
0.492541
0.477172
0.456557
0.555744
0.516365
0.49209
0.470305
0.45185
0.431906
0.500552
0.465495
0.423985
0.385624
0.35144
0.323523
0.301056
0.285632
0.274992
0.266863
0.262811
0.262898
0.362702
0.271246
0.266974
0.247587
0.227296
0.206414
0.186449
0.0921497
0.0911968
0.0917119
0.186309
0.187931
0.220051
0.247771
0.272744
0.299928
0.32589
0.357723
0.399851
0.340293
0.375525
0.516209
0.529164
0.624309
0.720846
0.817727
0.910693
1.00255
1.09585
1.05164
1.1239
1.17102
1.21729
1.26965
1.31419
1.35384
1.36739
1.3399
1.29186
1.23521
1.02041
0.995774
0.860676
0.736811
0.624952
0.529274
0.583939
0.514037
0.485621
0.465428
0.446139
0.436273
0.428248
0.41522
0.399892
0.387817
0.373049
0.361199
0.352123
0.349545
0.344059
0.341185
0.338344
0.333589
0.330201
0.239211
0.234032
0.203233
0.170323
0.141134
0.109952
0.0801888
0.056289
0.0359877
0.0190291
0.00978049
0.00365749
0
0
0
0
0
0
0
0
0
0
0
0
0
0
0
0
0
0
0
0
0
0
0
0
0
0
0
0
0
0
0
0.0318169
0.0661719
0.101706
0.135613
0.171265
0.207758
0.24626
0.284625
0.292019
0.297827
0.303871
0.310165
0.316726
0.323852
0.334701
0.339714
0.343828
0.344219
0.347894
0.301319
0.254369
0.209644
0.169352
0.139171
0.120174
0.100795
0.0822421
0.105843
0.131425
0.151963
0.166946
0.174001
0.174692
0.171502
0.167362
0.160949
0.276125
0.273781
0.265987
0.257459
0.367197
0.367549
0.345542
0.315364
0.398274
0.378369
0.407231
0.436212
0.462727
0.490176
0.523945
0.561367
0.603343
0.647242
0.697832
0.630056
0.654587
0.695629
0.739766
0.650803
0.663232
0.699825
0.73985
0.631837
0.640495
0.600258
0.55448
0.512349
0.470527
0.415469
0.355153
0.291678
0.233325
0.184296
0.14863
0.121046
0.0976647
0.0789301
0.0668847
0.0681453
0.0712661
0.0741458
0.0768188
0.0794415
0.0823816
0.0860583
0.0905113
0.0851493
0.0842337
0.0848839
0.0860467
0.0885457
0.0910791
0.0925081
0.0933928
0.0932465
0.0928126
0.0918757
0.0840621
0.0739012
0.0631889
0.0525604
0.0918414
0.132933
0.180637
0.16758
0.165244
0.164639
0.164037
0.163459
0.161508
0.160754
0.160754
0.160754
0.161617
0.16189
0.162457
0.164662
0.165268
0.165878
0.164211
0.112732
0.114401
0.111377
0.165864
0.223629
0.283198
0.344655
0.40587
0.458401
0.507076
0.549274
0.592538
0.636909
0.68243
0.727555
0.743084
0.753722
0.756405
0.746971
0.737771
0.662492
0.730119
0.671502
0.599585
0.530963
0.465415
0.404752
0.35578
0.311338
0.276986
0.243577
0.211073
0.290117
0.259819
0.23667
0.219215
0.204105
0.201706
0.195164
0.194959
0.0927765
0.0921912
0.0894504
0.0915969
0.0935742
0.0915231
0.0894114
0.0870861
0.0848611
0.0827469
0.0808408
0
0
0
0
0
0
0
0
0
0
0
0
0
0
0