0.271291
0.21978
0.164835
0.21978
0.304029
0.421245
0.538462
0.630037
0.688645
0.692308
0.692308
0.675137
0.620192
0.576236
0.59707
0.655678
0.703297
0.703297
0.684982
0.626374
0.520147
0.40293
0.285714
0.216117
0.175824
0.175824
0.166342
0.144361
0.122429
0.088586
0.0499661
0.0150619
0
0.637781
0.75
1.01136
0.447222
0.587366
0.593868
0.587819
0.603451
0.681262
0.812073
0.627544
0.298139
0
0
0
0
0
0
0
0
0
0.0300626
0.190397
0.437161
0.648456
0.789486
0.78022
0.78022
0.78022
0.78022
0.78022
0.78022
0.78022
0.74359
0.641109
0.46015
0.308624
0.206701
0.13795
0.074084
0.0240838
0.595807
0.665474
0.807395
0.260762
0.353251
0.353251
0.824948
0.747321
0.609291
0
0
0
0
0
0
0
0
0
0.637781
0.75
0.75
0
0
0
0
0
0
0
0.590903
0.633437
0.858824
0.392258
0.51828
0.484131
0.467645
0.513332
0.631037
0.823083
0.990626
1.95147
1.59982
2.0016
1.4533
2.12202
1.96932
1.79556
1.63233
1.50595
1.39011
1.30586
1.19528
1.11103
0.968864
0.847756
0.679258
0.505495
0.3212
0.150496
0.0424267
0
0
0
0
0
0.693089
0.789352
1.07639
0.508065
0.683453
0.691062
0.688559
0.604573
0.483951
0.368485
0.269795
0.186667
0.108333
0.0611111
0.0230575
0
0
0
0
0
0
0
0
0
0
0
0
0
0
0
0
0
0
0
0
0
0
0
0
0
0
0
0
0
0
0
0
0
0
0
0
0
0
0
0
0
0
0
0
0
0
0
0.297269
0.608951
0.957074
0.8648
0.776688
0.726025
0.732881
0.732385
0.534292
0.262906
0
0
0
0
0
0
0
0
0
0
0
0
0
0.0695652
0.208696
0.373323
0.484135
0.526629
0.527473
0.480144
0.373847
0.235294
0.12747
0.0509322
0.0119225
0
0.60354
0.649318
0.640576
0
0.535392
0.623021
0.616358
0
0.531429
0.669065
1.14114
0.710188
0.885112
0.8402
0.78742
0.768667
0.807571
0.875237
0.928777
0.863978
0.721612
0.593407
0.507326
0.412088
0.298535
0.212454
0.175824
0.175824
0.175824
0.175824
0.175824
0.175222
0.167102
0.110563
0.0526407
0.00733608
0
0
0
0
0
0
0
0.0647378
0.117436
0.152072
0.160499
0.161943
0.168441
0.185998
0.22224
0.180137
0.0948012
0
0
0
0
0
0
0
0
0
0
0
0
0
0.334993
0.674226
0.973916
0.725111
0.385878
0
0
0
0
0
0
0
0
0
0
0
0
0
0
0
0.358046
0.79327
1.28392
1.2848
1.26374
1.26374
1.24794
1.16369
1.06891
0.916209
0.83196
0.758242
0.758242
0.747292
0.608116
0.433106
0.267527
0.139457
0.055189
0
0.693089
0.789352
0.789352
0
0
0
0
0
0
0
0
0.758902
0.801881
0.738095
0
0
0
0
0
0
0
0
0
0
0
0
0
0
0
0
0
0
0
0
0
0
0
0
0
0
0
0
0
0
0