0.244677
0.206044
0.206044
0.269231
0.357143
0.486264
0.576923
0.645604
0.68956
0.692308
0.67943
0.638221
0.605254
0.608001
0.623626
0.667582
0.703297
0.68956
0.645604
0.565934
0.464286
0.346154
0.258242
0.206044
0.175824
0.168615
0.151122
0.132488
0.100583
0.0655187
0.0373794
0.0112949
0.459982
0.515625
0.695312
0.880796
0.487723
0.589149
0.589264
0.600864
0.656538
0.737872
0.633309
0.448746
0.227179
0
0
0
0
0
0
0
0
0.0229409
0.137557
0.334879
0.517131
0.679324
0.787172
0.78022
0.78022
0.78022
0.78022
0.78022
0.78022
0.752747
0.674461
0.528926
0.376763
0.263344
0.172197
0.103043
0.054567
0.457424
0.473392
0.565222
0.667932
0.288964
0.349846
0.694604
0.644784
0.531316
0.43662
0
0
0
0
0
0
0
0
0.459982
0.515625
0.515625
0.515625
0
0
0
0
0
0
0.435088
0.457718
0.620582
0.763758
0.407827
0.509883
0.47987
0.497208
0.589319
0.711528
0.866151
1.66209
1.4636
1.7567
2.03434
1.59152
2.03383
1.87981
1.72579
1.57177
1.4454
1.35852
1.24399
1.14921
1.04258
0.900412
0.762191
0.588427
0.414663
0.238281
0.105288
0.0294369
0
0
0
0
0.503445
0.552376
0.75324
0.960583
0.55773
0.68556
0.689081
0.624947
0.528682
0.430442
0.314134
0.228428
0.155
0.0878378
0.0458055
0.0175487
0
0
0
0
0
0
0
0
0
0
0
0
0
0
0
0
0
0
0
0
0
0
0
0
0
0
0
0
0
0
0
0
0
0
0
0
0
0
0
0
0
0
0
0
0
0
0.214178
0.463458
0.682173
0.88968
0.825675
0.762975
0.731563
0.730808
0.584957
0.392045
0.192911
0
0
0
0
0
0
0
0
0
0
0
0
0.0521739
0.156522
0.274953
0.407334
0.494288
0.526839
0.491848
0.409155
0.295791
0.178553
0.0941176
0.0379104
0.00841839
0.454465
0.477591
0.445703
0.433612
0.433888
0.433153
0.422378
0.419305
0.430556
0.443049
0.738929
1.07097
0.745587
0.85393
0.821823
0.786251
0.794251
0.840611
0.88043
0.874248
0.791103
0.67033
0.553571
0.451923
0.353022
0.267857
0.203297
0.175824
0.175824
0.175824
0.175824
0.175372
0.1692
0.125134
0.077284
0.037019
0.00519706
0
0
0
0
0
0
0.0492461
0.0956964
0.129654
0.154213
0.161562
0.166363
0.178938
0.204311
0.180494
0.133362
0.06894
0
0
0
0
0
0
0
0
0
0
0
0
0.245806
0.494724
0.777868
0.777868
0.532062
0.283144
0
0
0
0
0
0
0
0
0
0
0
0
0
0
0.263648
0.571948
0.903558
1.27887
1.27953
1.26374
1.25189
1.1887
1.11762
0.991243
0.876717
0.81353
0.758242
0.75
0.64262
0.500427
0.356978
0.197529
0.104297
0.0413855
0.503445
0.552376
0.552376
0.552376
0
0
0
0
0
0
0
0.555978
0.578702
0.544728
0.496481
0
0
0
0
0
0
0
0
0
0
0
0
0
0
0
0
0
0
0
0
0
0
0
0
0
0
0
0
0
0