64 | 0.244677
80 | 0.206044
96 | 0.206044
112 | 0.269231
128 | 0.357143
144 | 0.486264
160 | 0.576923
176 | 0.645604
192 | 0.68956
208 | 0.692308
224 | 0.67943
240 | 0.638221
256 | 0.605254
272 | 0.608001
288 | 0.623626
304 | 0.667582
320 | 0.703297
336 | 0.68956
352 | 0.645604
368 | 0.565934
384 | 0.464286
400 | 0.346154
416 | 0.258242
432 | 0.206044
448 | 0.175824
464 | 0.168615
480 | 0.151122
496 | 0.132488
512 | 0.100583
528 | 0.0655187
544 | 0.0373794
560 | 0.0112949
576 | 0.459982
592 | 0.522555
608 | 0.739541
624 | 0.994581
640 | 0.678683
656 | 0.86305
672 | 0.961366
688 | 1.05815
704 | 1.1814
720 | 1.33307
736 | 1.3208
752 | 1.24187
768 | 1.10132
784 | 0.920883
800 | 0.926623
816 | 0.916454
832 | 0.916742
848 | 0.912042
864 | 0.906006
880 | 0.916742
896 | 0.912042
912 | 0.928947
928 | 1.0543
944 | 1.24692
960 | 1.38921
976 | 1.47594
992 | 1.44023
1008 | 1.25824
1024 | 1.08413
1040 | 0.942651
1056 | 0.845124
1072 | 0.791552
1088 | 0.78022
1104 | 0.752747
1120 | 0.674461
1136 | 0.528926
1152 | 0.376763
1168 | 0.263344
1184 | 0.172197
1200 | 0.103043
1216 | 0.054567
1232 | 0.457424
1248 | 0.473392
1264 | 0.565222
1280 | 0.667932
1296 | 0.288964
1312 | 0.349846
1328 | 0.694604
1344 | 0.644784
1360 | 0.531316
1376 | 0.43662
1392 | 0
1408 | 0
1424 | 0
1440 | 0
1456 | 0
1472 | 0
1488 | 0
1504 | 0
1520 | 0.459982
1536 | 0.515625
1552 | 0.515625
1568 | 0.515625
1584 | 0
1600 | 0
1616 | 0
1632 | 0
1648 | 0
1664 | 0
1680 | 0.435088
1696 | 0.457718
1712 | 0.620582
1728 | 0.763758
1744 | 0.407827
1760 | 0.509883
1776 | 0.47987
1792 | 0.497208
1808 | 0.589319
1824 | 0.711528
1840 | 0.866151
1856 | 1.66209
1872 | 1.4636
1888 | 1.7567
1904 | 2.03434
1920 | 1.59152
1936 | 2.03383
1952 | 1.87981
1968 | 1.72579
1984 | 1.57177
2000 | 1.4454
2016 | 1.35852
2032 | 1.24399
2048 | 1.14921
2064 | 1.04258
2080 | 0.900412
2096 | 0.762191
2112 | 0.588427
2128 | 0.414663
2144 | 0.238281
2160 | 0.105288
2176 | 0.0294369
2192 | 0
2208 | 0
2224 | 0
2240 | 0
2256 | 0.503445
2272 | 0.552376
2288 | 0.75324
2304 | 0.960583
2320 | 0.55773
2336 | 0.68556
2352 | 0.689081
2368 | 0.624947
2384 | 0.528682
2400 | 0.430442
2416 | 0.314134
2432 | 0.228428
2448 | 0.155
2464 | 0.0878378
2480 | 0.0458055
2496 | 0.0175487
2512 | 0
2528 | 0.00254014
2544 | 0.0254261
2560 | 0.0700935
2576 | 0.138464
2592 | 0.232076
2608 | 0.333392
2624 | 0.472826
2640 | 0.561478
2656 | 0.644595
2672 | 0.732432
2688 | 0.756243
2704 | 0.827854
2720 | 0.884805
2736 | 0.922171
2752 | 0.940602
2768 | 0.935852
2784 | 0.919692
2800 | 0.916742
2816 | 0.916454
2832 | 0.921273
2848 | 0.932236
2864 | 0.93263
2880 | 0.940962
2896 | 0.946171
2912 | 0.927165
2928 | 0.887744
2944 | 0.815201
2960 | 0.715569
2976 | 0.610722
2992 | 0.501034
3008 | 0.385308
3024 | 0.306476
3040 | 0.279221
3056 | 0.303325
3072 | 0.377762
3088 | 0.468231
3104 | 0.553993
3120 | 0.63588
3136 | 0.716271
3152 | 0.80617
3168 | 0.87779
3184 | 0.922236
3200 | 0.94326
3216 | 0.942928
3232 | 0.935457
3248 | 1.14103
3264 | 1.34607
3280 | 1.48486
3296 | 1.57667
3312 | 1.38914
3328 | 1.21937
3344 | 1.079
3360 | 0.955261
3376 | 0.712933
3392 | 0.443181
3408 | 0.20184
3424 | 0.00744048
3440 | 0.0441027
3456 | 0.105162
3472 | 0.172576
3488 | 0.256995
3504 | 0.35761
3520 | 0.482149
3536 | 0.639453
3552 | 0.785863
3568 | 0.879209
3584 | 0.925789
3600 | 0.936821
3616 | 0.991304
3632 | 1.09565
3648 | 1.20865
3664 | 1.29717
3680 | 1.29364
3696 | 1.1799
3712 | 0.975544
3728 | 0.805524
3744 | 0.713311
3760 | 0.68394
3776 | 0.728941
3792 | 0.80018
3808 | 0.868252
3824 | 1.36373
3840 | 1.40324
3856 | 1.3748
3872 | 1.36643
3888 | 1.3673
3904 | 1.36498
3920 | 1.35425
3936 | 1.35168
3952 | 1.36143
3968 | 1.34723
3984 | 1.44476
4000 | 1.52066
4016 | 1.0313
4032 | 1.01572
4048 | 0.908932
4064 | 0.822193
4080 | 0.801051
4096 | 0.840611
4112 | 0.88043
4128 | 0.874248
4144 | 0.791103
4160 | 0.67033
4176 | 0.553571
4192 | 0.451923
4208 | 0.353022
4224 | 0.267857
4240 | 0.203297
4256 | 0.175824
4272 | 0.175824
4288 | 0.175824
4304 | 0.175824
4320 | 0.175372
4336 | 0.1692
4352 | 0.125134
4368 | 0.077284
4384 | 0.037019
4400 | 0.00519706
4416 | 0
4432 | 0
4448 | 0
4464 | 0.00589307
4480 | 0.0418854
4496 | 0.121111
4512 | 0.257296
4528 | 0.389814
4544 | 0.485277
4560 | 0.552408
4576 | 0.641872
4592 | 0.719955
4608 | 0.794222
4624 | 0.871407
4640 | 0.913616
4656 | 0.945386
4672 | 0.950927
4688 | 0.926317
4704 | 0.931262
4720 | 0.92187
4736 | 0.919306
4752 | 0.919306
4768 | 0.927758
4784 | 0.937459
4800 | 0.906529
4816 | 0.841918
4832 | 0.741154
4848 | 0.613625
4864 | 0.515152
4880 | 0.622429
4896 | 0.734172
4912 | 0.913285
4928 | 0.876488
4944 | 0.66315
4960 | 0.51461
4976 | 0.367965
4992 | 0.475343
5008 | 0.601438
5024 | 0.717956
5040 | 0.818541
5056 | 0.889643
5072 | 0.927934
5088 | 0.936821
5104 | 0.93913
5120 | 0.937553
5136 | 0.93513
5152 | 0.93513
5168 | 0.93513
5184 | 0.936821
5200 | 1.19788
5216 | 1.46232
5232 | 1.70343
5248 | 1.93238
5264 | 1.75755
5280 | 1.56765
5296 | 1.41432
5312 | 1.2536
5328 | 1.12895
5344 | 0.991243
5360 | 0.876717
5376 | 0.81353
5392 | 0.758242
5408 | 0.75
5424 | 0.64262
5440 | 0.500427
5456 | 0.356978
5472 | 0.197529
5488 | 0.104297
5504 | 0.0413855
5520 | 0.503445
5536 | 0.552376
5552 | 0.552376
5568 | 0.552376
5584 | 0
5600 | 0
5616 | 0
5632 | 0.00642073
5648 | 0.0422383
5664 | 0.112063
5680 | 0.217077
5696 | 0.925543
5712 | 1.1352
5728 | 1.26358
5744 | 1.3612
5760 | 0.915568
5776 | 0.926842
5792 | 0.952637
5808 | 0.95151
5824 | 0.947351
5840 | 0.938146
5856 | 0.932442
5872 | 0.928543
5888 | 0.867564
5904 | 0.617079
5920 | 0.293478
5936 | 0.146691
5952 | 0.0640625
5968 | 0.0234375
5984 | 0.00282708
6000 | 0
6016 | 0
6032 | 0
6048 | 0
6064 | 0
6080 | 0
6096 | 0
6112 | 0
6128 | 0
6144 | 0
6160 | 0
6176 | 0
6192 | 0
6208 | 0
6224 | 0
Valeur de l'integrale : 4031.49
