0.228709
0.230769
0.248352
0.318681
0.421978
0.527473
0.6
0.654945
0.69011
0.682006
0.649038
0.622665
0.624863
0.62706
0.63956
0.674725
0.692308
0.657143
0.593407
0.512088
0.406593
0.312088
0.241758
0.2
0.170009
0.155491
0.139358
0.111318
0.0783685
0.0519827
0.029858
0.36968
0.392857
0.529762
0.671083
0.812404
0.510843
0.586392
0.599349
0.64255
0.702879
0.618023
0.497731
0.364437
0.175681
0
0
0
0
0
0
0
0.0186047
0.112357
0.258742
0.418991
0.566866
0.698475
0.785783
0.78022
0.78022
0.78022
0.78022
0.78022
0.758242
0.694913
0.573372
0.440719
0.321411
0.221569
0.136451
0.0811178
0.39276
0.384394
0.441301
0.514758
0.602773
0.30012
0.618113
0.577588
0.497534
0.414767
0.347782
0
0
0
0
0
0
0
0.359831
0.392857
0.392857
0.392857
0.392857
0
0
0
0
0
0.344415
0.358319
0.485814
0.597898
0.695972
0.42377
0.501462
0.501128
0.558739
0.656151
0.76107
1.38435
1.33938
1.61635
1.83187
2.02871
1.62706
1.94931
1.80714
1.65865
1.51016
1.40907
1.29849
1.19739
1.08681
0.973077
0.821429
0.67294
0.499176
0.32884
0.18008
0.0785815
0.0223735
0
0
0
0.395439
0.424834
0.579319
0.738787
0.898256
0.586379
0.685077
0.637522
0.557398
0.473373
0.370759
0.270889
0.194633
0.131915
0.0706186
0.0373382
0.0141582
0
0
0
0
0
0
0
0
0
0
0
0
0
0
0
0
0
0
0
0
0
0
0
0
0
0
0
0
0
0
0
0
0
0
0
0
0
0
0
0
0
0
0
0
0
0.16541
0.35716
0.553165
0.692521
0.851549
0.803403
0.759848
0.730159
0.614579
0.461966
0.309615
0.15235
0
0
0
0
0
0
0
0
0
0
0
0.0417391
0.125217
0.217613
0.318521
0.42905
0.500587
0.498436
0.431267
0.335533
0.233463
0.138922
0.074308
0.0288264
0.371704
0.37917
0.357474
0.334587
0.733859
0.364219
0.325615
0.319488
0.729477
0.370652
0.546358
0.78262
1.01366
0.748798
0.83657
0.814683
0.803488
0.820978
0.8495
0.848972
0.817503
0.736337
0.623077
0.5
0.396703
0.317582
0.249451
0.197802
0.175824
0.175824
0.175824
0.175463
0.170485
0.134386
0.0937715
0.0578333
0.0278771
0.00403327
0
0
0
0
0
0.0387634
0.0789051
0.11152
0.136505
0.156292
0.165141
0.174902
0.193713
0.176275
0.146379
0.10587
0.0541642
0
0
0
0
0
0
0
0
0
0
0
0.194124
0.390705
0.614316
0.647523
0.614316
0.420192
0.223611
0
0
0
0
0
0
0
0
0
0
0
0
0
0.20864
0.447184
0.697056
0.971958
1.27585
1.27637
1.25426
1.20371
1.14684
1.04574
0.944643
0.853022
0.802473
0.751634
0.664228
0.544651
0.420125
0.277745
0.156565
0.0832956
0.431001
0.424834
0.424834
0.424834
0.424834
0
0
0
0
0
0
0.438209
0.452705
0.431646
0.400784
0.354378
0
0
0
0
0
0
0
0
0
0
0
0
0
0
0
0
0
0
0
0
0
0
0
0
0
0
0
0
0