0.245536
0.261905
0.29304
0.379121
0.467033
0.554945
0.615385
0.661172
0.681891
0.65625
0.634272
0.636103
0.637935
0.639766
0.650183
0.67033
0.664835
0.611722
0.543956
0.456044
0.368132
0.289377
0.230769
0.19054
0.158547
0.144347
0.119372
0.0895546
0.0641914
0.043082
0.323634
0.326094
0.427885
0.542029
0.656172
0.770555
0.521972
0.595171
0.633646
0.6814
0.613017
0.514598
0.424026
0.295956
0.148852
0
0
0
0
0
0
0.0150313
0.0951983
0.21858
0.338255
0.476378
0.600786
0.711515
0.784856
0.78022
0.78022
0.78022
0.78022
0.761905
0.708737
0.604459
0.487172
0.378698
0.273078
0.181288
0.111686
0.358884
0.341471
0.375613
0.423774
0.489103
0.552137
0.542211
0.533361
0.470236
0.407141
0.346297
0.292578
0
0
0
0
0
0
0.296931
0.317406
0.317308
0.317308
0.317308
0.317406
0
0
0
0
0.285018
0.294473
0.399137
0.491223
0.571799
0.658319
0.430954
0.515879
0.550996
0.61597
0.702069
1.17618
1.17518
1.48375
1.70238
1.86092
1.98546
1.62443
1.87717
1.73764
1.59283
1.46909
1.35062
1.25057
1.13736
1.02152
0.895147
0.737179
0.584478
0.412955
0.261166
0.14109
0.0622899
0.0180376
0
0
0.327334
0.345258
0.470648
0.600202
0.729757
0.859602
0.603439
0.642589
0.577465
0.504065
0.413397
0.322712
0.234752
0.170662
0.110671
0.0599735
0.0315017
0.0116625
0
0
0
0
0
0
0
0
0
0
0
0
0
0
0
0
0
0
0
0
0
0
0
0
0
0
0
0
0
0
0
0
0
0
0
0
0
0
0
0
0
0
0
0
0.12511
0.287586
0.4477
0.586914
0.698938
0.827513
0.793395
0.753768
0.633609
0.507771
0.381709
0.255826
0.125927
0
0
0
0
0
0
0
0
0
0
0.0359315
0.104348
0.180062
0.261504
0.349267
0.444117
0.482211
0.446077
0.363636
0.27344
0.188219
0.1133
0.0590014
0.331016
0.320627
0.29932
0.282285
0.586877
0.631676
0.285057
0.260853
0.573591
0.641631
0.474811
0.616603
0.792865
0.963978
0.751652
0.828445
0.825208
0.823982
0.830208
0.829358
0.80921
0.769998
0.68608
0.56685
0.445971
0.35989
0.293956
0.237179
0.194139
0.175824
0.175824
0.175523
0.171352
0.140782
0.105533
0.0732561
0.0452489
0.0224024
0.00333867
0
0
0
0
0.031337
0.0658482
0.0960726
0.121158
0.141527
0.160057
0.172311
0.187206
0.172889
0.150629
0.12311
0.0877763
0.0462779
0
0
0
0
0
0
0
0
0
0
0.160456
0.322828
0.507592
0.530052
0.530052
0.507592
0.347193
0.184829
0
0
0
0
0
0
0
0
0
0
0
0
0.178416
0.367105
0.567384
0.783843
1.01852
1.27383
1.26637
1.21371
1.16632
1.08207
0.997825
0.913576
0.837225
0.789318
0.679031
0.575925
0.4661
0.338707
0.227295
0.129673
0.400928
0.376308
0.345142
0.345142
0.345142
0.345258
0
0
0
0
0
0.356384
0.371426
0.357442
0.336016
0.302775
0.287198
0
0
0
0
0
0
0
0
0
0
0
0
0
0
0
0
0
0
0
0
0
0
0
0
0
0
0
0