96 | 0
112 | 0
128 | 0
144 | 0
160 | 0
176 | 0
192 | 0
208 | 0
224 | 0
240 | 0
256 | 0
272 | 0
288 | 0
304 | 0
320 | 0
336 | 0
352 | 0
368 | 0
384 | 0
400 | 0
416 | 0
432 | 0
448 | 0
464 | 0
480 | 0
496 | 0
512 | 0
528 | 0
544 | 0
560 | 0
576 | 0
592 | 0.00426621
608 | 0.0272177
624 | 0.0700217
640 | 0.132677
656 | 0.214939
672 | 0.289896
688 | 0.359026
704 | 0.433763
720 | 0.509506
736 | 0.597025
752 | 0.690769
768 | 0.767866
784 | 0.839971
800 | 0.890814
816 | 0.914577
832 | 0.921417
848 | 0.918536
864 | 0.911691
880 | 0.911691
896 | 0.911691
912 | 0.911691
928 | 0.911691
944 | 0.911691
960 | 0.889517
976 | 0.830005
992 | 0.746779
1008 | 0.638874
1024 | 0.478783
1040 | 0.326236
1056 | 0.20261
1072 | 0.108288
1088 | 0.0432692
1104 | 0.00755495
1120 | 0
1136 | 0
1152 | 0
1168 | 0
1184 | 0
1200 | 0
1216 | 0
1232 | 0
1248 | 0
1264 | 0
1280 | 0
1296 | 0
1312 | 0
1328 | 0
1344 | 0
1360 | 0
1376 | 0
1392 | 0
1408 | 0
1424 | 0
1440 | 0
1456 | 0
1472 | 0
1488 | 0
1504 | 0
1520 | 0
1536 | 0
1552 | 0
1568 | 0
1584 | 0
1600 | 0
1616 | 0
1632 | 0
1648 | 0
1664 | 0
1680 | 0
1696 | 0
1712 | 0
1728 | 0
1744 | 0
1760 | 0
1776 | 0
1792 | 0
1808 | 0
1824 | 0
1840 | 0
1856 | 0
1872 | 0
1888 | 0
1904 | 0
1920 | 0
1936 | 0
1952 | 0
1968 | 0
1984 | 0
2000 | 0
2016 | 0
2032 | 0
2048 | 0
2064 | 0
2080 | 0
2096 | 0
2112 | 0
2128 | 0
2144 | 0
2160 | 0
2176 | 0
2192 | 0
2208 | 0
2224 | 0
2240 | 0
2256 | 0
2272 | 0
2288 | 0
2304 | 0
2320 | 0
2336 | 0
2352 | 0
2368 | 0
2384 | 0
2400 | 0
2416 | 0
2432 | 0
2448 | 0
2464 | 0
2480 | 0
2496 | 0
2512 | 0
2528 | 0.00170078
2544 | 0.0172694
2560 | 0.046906
2576 | 0.0941551
2592 | 0.155711
2608 | 0.239365
2624 | 0.356579
2640 | 0.452956
2656 | 0.549308
2672 | 0.632304
2688 | 0.711236
2704 | 0.789456
2720 | 0.811051
2736 | 0.858294
2752 | 0.896757
2768 | 0.92225
2784 | 0.930498
2800 | 0.928256
2816 | 0.923429
2832 | 0.921677
2848 | 0.92294
2864 | 0.926159
2880 | 0.938265
2896 | 0.942503
2912 | 0.928822
2928 | 0.900644
2944 | 0.858959
2960 | 0.799951
2976 | 0.713118
2992 | 0.61125
3008 | 0.505373
3024 | 0.411589
3040 | 0.34893
3056 | 0.330744
3072 | 0.346115
3088 | 0.38965
3104 | 0.464929
3120 | 0.554966
3136 | 0.641839
3152 | 0.72351
3168 | 0.792733
3184 | 0.85017
3200 | 0.893806
3216 | 0.924449
3232 | 0.939946
3248 | 0.937006
3264 | 0.904237
3280 | 0.846839
3296 | 0.76993
3312 | 0.678971
3328 | 0.560654
3344 | 0.440734
3360 | 0.332107
3376 | 0.246601
3392 | 0.155952
3408 | 0.0835099
3424 | 0.0382239
3440 | 0.0364712
3456 | 0.0728389
3472 | 0.112898
3488 | 0.168997
3504 | 0.255358
3520 | 0.371115
3536 | 0.499733
3552 | 0.635232
3568 | 0.75333
3584 | 0.842726
3600 | 0.900611
3616 | 0.930383
3632 | 0.937591
3648 | 0.935572
3664 | 0.907481
3680 | 0.851339
3696 | 0.763747
3712 | 0.643238
3728 | 0.532418
3744 | 0.486726
3760 | 0.497945
3776 | 0.552457
3792 | 0.640973
3808 | 0.749539
3824 | 0.822905
3840 | 0.871119
3856 | 0.911784
3872 | 0.93612
3888 | 0.936178
3904 | 0.923665
3920 | 0.926924
3936 | 0.939504
3952 | 0.937202
3968 | 0.902783
3984 | 0.780415
4000 | 0.662429
4016 | 0.497626
4032 | 0.300373
4048 | 0.188343
4064 | 0.110701
4080 | 0.0623271
4096 | 0.0271571
4112 | 0.00522193
4128 | 0
4144 | 0
4160 | 0
4176 | 0
4192 | 0
4208 | 0
4224 | 0
4240 | 0
4256 | 0
4272 | 0
4288 | 0
4304 | 0
4320 | 0
4336 | 0
4352 | 0
4368 | 0
4384 | 0
4400 | 0
4416 | 0
4432 | 0
4448 | 0
4464 | 0.00380281
4480 | 0.0255496
4496 | 0.0716837
4512 | 0.132389
4528 | 0.206473
4544 | 0.288218
4560 | 0.368532
4576 | 0.430241
4592 | 0.471384
4608 | 0.537633
4624 | 0.5954
4640 | 0.660529
4656 | 0.731478
4672 | 0.797149
4688 | 0.855471
4704 | 0.896994
4720 | 0.918617
4736 | 0.924733
4752 | 0.926382
4768 | 0.927721
4784 | 0.92709
4800 | 0.907883
4816 | 0.871437
4832 | 0.807814
4848 | 0.722434
4864 | 0.63726
4880 | 0.504062
4896 | 0.369527
4912 | 0.256444
4928 | 0.19552
4944 | 0.170446
4960 | 0.18441
4976 | 0.250795
4992 | 0.361268
5008 | 0.491996
5024 | 0.589483
5040 | 0.698901
5056 | 0.789403
5072 | 0.858788
5088 | 0.906347
5104 | 0.93173
5120 | 0.936506
5136 | 0.936506
5152 | 0.936506
5168 | 0.936506
5184 | 0.936506
5200 | 0.933094
5216 | 0.90618
5232 | 0.851683
5248 | 0.764069
5264 | 0.641017
5280 | 0.479002
5296 | 0.326236
5312 | 0.20261
5328 | 0.108288
5344 | 0.0432692
5360 | 0.00755495
5376 | 0
5392 | 0
5408 | 0
5424 | 0
5440 | 0
5456 | 0
5472 | 0
5488 | 0
5504 | 0
5520 | 0
5536 | 0
5552 | 0
5568 | 0
5584 | 0
5600 | 0
5616 | 0
5632 | 0.00422622
5648 | 0.0275121
5664 | 0.0722284
5680 | 0.139719
5696 | 0.241683
5712 | 0.389035
5728 | 0.545772
5744 | 0.696912
5760 | 0.822124
5776 | 0.903636
5792 | 0.930264
5808 | 0.933392
5824 | 0.948677
5840 | 0.944735
5856 | 0.940131
5872 | 0.934883
5888 | 0.898769
5904 | 0.732172
5920 | 0.531761
5936 | 0.383389
5952 | 0.172532
5968 | 0.0923611
5984 | 0.0428557
6000 | 0.0161057
6016 | 0.00206256
6032 | 0
6048 | 0
6064 | 0
6080 | 0
6096 | 0
6112 | 0
6128 | 0
6144 | 0
6160 | 0
6176 | 0
6192 | 0
6208 | 0
6224 | 0
Valeur de l'integrale : 1992.59
