0.266287
0.260597
0.285714
0.33124
0.389325
0.464678
0.540031
0.615385
0.682889
0.706044
0.717818
0.737343
0.77345
0.809557
0.845663
0.88177
0.944957
0.981848
0.985871
0.935636
0.879415
0.840169
0.830259
0.827119
0.841248
0.867936
0.883438
0.884615
0.848509
0.783065
0.710852
0.638638
0.566425
0.525805
0.505495
0.505495
0.480671
0.437151
0.358545
0.280909
0.206789
0.13607
0.0685244
0.0261638
0
0
0
0
0
0
0
0
0
0
0
0.102807
0.208629
0.314599
0.418424
0.50813
0.605009
0.673442
0.673971
0.642971
0.565134
0.464887
0.376115
0.267632
0.175984
0.105557
0.154465
0.214823
0.281808
0.273601
0.268692
0.263955
0.258183
0.164656
0.0820205
0
0
0
0
0
0
0
0
0.0248234
0.0609301
0.0970369
0.133144
0.16925
0.205357
0.241464
0.252747
0.276295
0.313972
0.364207
0.437991
0.513344
0.588697
0.66405
0.713599
0.715169
0.70418
0.669643
0.633536
0.597429
0.561323
0.527473
0.519623
0.494505
0.432227
0.343104
0.245474
0.164893
0.100702
0.0523268
0.0223292
0.00794296
0
0
0
0
0.124667
0.258116
0.385962
0.503483
0.662712
0.867995
1.11394
1.17804
1.24094
1.28534
1.27182
1.15767
0.995192
0.823685
0.686028
0.586735
0.539345
0.541601
0.588991
0.649922
0.715365
0.780808
0.816915
0.828199
0.819172
0.783065
0.758242
0.758242
0.758242
0.758242
0.737932
0.699568
0.62344
0.507148
0.379298
0.264716
0.163625
0.0889781
0.0349737
0.289086
0.287469
0.437198
0.583665
0.729119
0.874822
1.02615
0.858748
0.978437
0.984255
0.96221
0.909646
0.835579
0.745477
0.62644
0.510204
0.408163
0.332321
0.262572
0.204243
0.147408
0.0952759
0.0497397
0.0180503
0.000984252
0
0
0
0
0
0
0
0
0
0
0
0
0
0
0
0
0
0
0
0
0
0
0
0
0
0
0
0