112 | 0
128 | 0
144 | 0
160 | 0
176 | 0
192 | 0
208 | 0
224 | 0
240 | 0
256 | 0
272 | 0
288 | 0
304 | 0
320 | 0
336 | 0
352 | 0
368 | 0
384 | 0
400 | 0
416 | 0
432 | 0
448 | 0
464 | 0
480 | 0
496 | 0
512 | 0
528 | 0
544 | 0
560 | 0
576 | 0
592 | 0
608 | 0
624 | 0
640 | 0
656 | 0
672 | 0
688 | 0
704 | 0
720 | 0
736 | 0
752 | 0
768 | 0
784 | 0
800 | 0
816 | 0
832 | 0
848 | 0
864 | 0
880 | 0
896 | 0
912 | 0
928 | 0
944 | 0
960 | 0
976 | 0
992 | 0
1008 | 0
1024 | 0
1040 | 0
1056 | 0
1072 | 0
1088 | 0
1104 | 0
1120 | 0
1136 | 0.000983983
1152 | 0.0257661
1168 | 0.0672903
1184 | 0.120922
1200 | 0.181931
1216 | 0.249013
1232 | 0.319074
1248 | 0.397469
1264 | 0.481621
1280 | 0.577179
1296 | 0.679299
1312 | 0.768316
1328 | 0.821202
1344 | 0.867537
1360 | 0.885885
1376 | 0.881049
1392 | 0.825328
1408 | 0.734202
1424 | 0.610507
1440 | 0.463579
1456 | 0.298693
1472 | 0.141664
1488 | 0.0384088
1504 | 0.00647567
1520 | 0
1536 | 0
1552 | 0
1568 | 0
1584 | 0
1600 | 0
1616 | 0
1632 | 0
1648 | 0
1664 | 0
1680 | 0
1696 | 0
1712 | 0
1728 | 0
1744 | 0
1760 | 0
1776 | 0
1792 | 0
1808 | 0
1824 | 0
1840 | 0
1856 | 0
1872 | 0
1888 | 0.00539639
1904 | 0.0672038
1920 | 0.196801
1936 | 0.349417
1952 | 0.497118
1968 | 0.629146
1984 | 0.742601
2000 | 0.830991
2016 | 0.888122
2032 | 0.919665
2048 | 0.940674
2064 | 0.953233
2080 | 0.956309
2096 | 0.955676
2112 | 0.943086
2128 | 0.919569
2144 | 0.888557
2160 | 0.834964
2176 | 0.747921
2192 | 0.633219
2208 | 0.4986
2224 | 0.348999
2240 | 0.19516
2256 | 0.065956
2272 | 0.00647567
2288 | 0
2304 | 0
2320 | 0
2336 | 0
2352 | 0
2368 | 0
2384 | 0
2400 | 0
2416 | 0
2432 | 0
2448 | 0
2464 | 0
2480 | 0
2496 | 0
2512 | 0
2528 | 0
2544 | 0
2560 | 0
2576 | 0
2592 | 0
2608 | 0
2624 | 0
2640 | 0
2656 | 0
2672 | 0
2688 | 0
2704 | 0
2720 | 0
2736 | 0
2752 | 0
2768 | 0
2784 | 0
2800 | 0
2816 | 0
2832 | 0
2848 | 0
2864 | 0
2880 | 0
2896 | 0
2912 | 0
2928 | 0
2944 | 0
2960 | 0
2976 | 0
2992 | 0
3008 | 0
3024 | 0
3040 | 0
3056 | 0
3072 | 0
3088 | 0
3104 | 0
3120 | 0
3136 | 0
3152 | 0
3168 | 0
3184 | 0
3200 | 0
3216 | 0
3232 | 0
3248 | 0
3264 | 0
3280 | 0
3296 | 0
3312 | 0
3328 | 0
3344 | 0
3360 | 0
3376 | 0
3392 | 0
3408 | 0
3424 | 0
3440 | 0
3456 | 0
3472 | 0
3488 | 0
3504 | 0
3520 | 0
3536 | 0
3552 | 0
Valeur de l'integrale : 407.332
