0.271463
0.281593
0.321429
0.372253
0.438187
0.504121
0.570055
0.635989
0.67136
0.699519
0.727593
0.774296
0.805889
0.837483
0.869076
0.90067
0.940848
0.962139
0.947802
0.898609
0.864269
0.855597
0.85285
0.850103
0.862466
0.858173
0.853966
0.837225
0.805632
0.748369
0.685182
0.621995
0.558808
0.523266
0.505495
0.483774
0.445683
0.376604
0.307934
0.241988
0.178719
0.117967
0.0606954
0.0227549
0
0
0
0
0
0
0
0
0
0
0.0904421
0.181763
0.273742
0.364083
0.442037
0.525733
0.608982
0.675889
0.652736
0.586703
0.499324
0.409449
0.32008
0.2283
0.154282
0.1804
0.21309
0.260716
0.249794
0.23374
0.230147
0.230083
0.226333
0.14685
0.0751603
0
0
0
0
0
0
0
0.0216944
0.0533139
0.0849073
0.116501
0.148094
0.179688
0.211281
0.242874
0.273352
0.306319
0.350275
0.414835
0.480769
0.546703
0.612637
0.676597
0.690333
0.691707
0.682091
0.651872
0.620278
0.588685
0.557091
0.520604
0.498626
0.443778
0.36372
0.273806
0.19747
0.135261
0.0827531
0.0438928
0.0193559
0.00713909
0
0
0
0.107781
0.222589
0.337382
0.452428
0.57305
0.727269
0.914106
1.12616
1.18007
1.21768
1.23138
1.1997
1.07615
0.90831
0.758242
0.663462
0.5983
0.574605
0.600275
0.631868
0.663462
0.720725
0.777988
0.809581
0.819454
0.811556
0.779962
0.758242
0.758242
0.758242
0.74047
0.706902
0.640198
0.537215
0.422215
0.317474
0.223798
0.139615
0.0765511
0.284602
0.261755
0.379198
0.504172
0.629661
0.75546
0.88545
1.03357
0.886043
0.980414
0.957183
0.911385
0.849797
0.780579
0.698177
0.592238
0.482143
0.378633
0.286965
0.221628
0.170161
0.121842
0.0784929
0.0416339
0.0153438
0.000856164
0
0
0
0
0
0
0
0
0
0
0
0
0
0
0
0
0
0
0
0
0
0
0
0
0
0
0