0.347527
0.252747
0.252747
0.252747
0.252747
0.252747
0.252747
0.307692
0.428571
0.571429
0.659341
0.78022
0.78022
0.78022
0.78022
0.590659
0.653846
0.796017
1.03297
1.03297
1.03297
1.03297
1.03297
0.912088
0.824176
0.681319
0.639423
0.758242
0.963599
1.01099
1.01099
1.01099
0.789835
0.647665
0.505495
0.505495
0.505495
0.505495
0.505495
0.505495
0.505495
0.505495
0.331731
0.203263
0
0
0
0
0
0
0
0
0
0
0
0
0
0
0
0
0
0.687813
0.71
0.71
0.695625
0.602151
0.655422
0.643414
0.704964
0.448526
0.199487
0.1169
0.0934375
0
0
0
0.655086
0.669091
0.567813
0
0
0
0
0
0
0
0
0
0
0
0
0
0
0.173764
0.252747
0.252747
0.252747
0.252747
0.252747
0.252747
0.252747
0.417582
0.516484
0.604396
0.769231
0.78022
0.78022
0.78022
0.764423
0.527473
0.527473
0.527473
0.527473
0.527473
0.527473
0.527473
0.472527
0.351648
0.158765
0.0712262
0
0
0
0
0
0
0
0
0
0
0.889305
0.931056
0.950086
1.05704
1.44156
1.64286
1.50069
1.26374
1.20055
1.01099
0.805632
0.679258
0.505495
0.300137
0.300137
0.505495
0.679258
0.821429
1.01099
0.932005
0.758242
0.758242
0.758242
0.758242
0.758242
0.758242
0.758242
0.758242
0.758242
0.758242
0.616071
0.489698
0.242105
0.0725171
0
0
0
0
0
2.76511
0
0.956835
0.928058
0.920863
0.922523
0.955224
1.08878
1.14741
1
0.703297
0.461538
0.351648
0.351648
0.351648
0.351648
0.285714
0.174031
0.00958658
0
0
0
0
0
0
0
0
0
0
0
0
0
0
0
0
0
0
0
0
0
0
0
0
0
0
0
0
0
0
0
0
0
0