0.31717
0.348352
0.401099
0.453846
0.506593
0.559341
0.593132
0.633242
0.682074
0.742514
0.788668
0.82603
0.851305
0.87658
0.889766
0.894162
0.903228
0.901786
0.898008
0.891071
0.888874
0.886676
0.884478
0.860165
0.833723
0.801854
0.784272
0.770879
0.745604
0.699794
0.649244
0.598695
0.548146
0.502335
0.457633
0.402033
0.346256
0.292245
0.240015
0.18948
0.142694
0.0945677
0.0479519
0.017886
0
0
0
0
0
0
0
0
0.0767648
0.149065
0.219449
0.289303
0.350784
0.416159
0.479128
0.547044
0.603151
0.612448
0.547753
0.476887
0.39528
0.315326
0.250922
0.255119
0.261981
0.268251
0.231332
0.207348
0.192742
0.183174
0.183559
0.186579
0.190903
0.12879
0.0670455
0
0
0
0
0
0.0154485
0.0410172
0.0678606
0.0932005
0.118475
0.14375
0.169025
0.194299
0.236058
0.287706
0.330769
0.382418
0.435165
0.487912
0.540659
0.591827
0.619299
0.646772
0.657761
0.65886
0.651168
0.626992
0.601717
0.570948
0.528091
0.460115
0.393648
0.316249
0.247738
0.189929
0.13901
0.0967075
0.0618956
0.0349533
0.0156239
0.00559298
0
0.0867898
0.176417
0.263035
0.354737
0.462831
0.577644
0.681596
0.803501
0.954565
1.1233
1.13845
1.13771
1.11403
1.0437
0.920948
0.807212
0.725069
0.680838
0.661882
0.653984
0.649244
0.657143
0.682418
0.728228
0.774038
0.799313
0.807212
0.800893
0.775618
0.758242
0.744025
0.71717
0.663704
0.579922
0.484272
0.395113
0.313757
0.239318
0.170949
0.326078
0.277748
0.338897
0.410493
0.496494
0.593617
0.694891
0.80738
0.925078
1.04008
0.880726
0.918738
0.868224
0.816923
0.761812
0.701138
0.624676
0.519658
0.398161
0.29049
0.21324
0.161292
0.122198
0.0880794
0.0581424
0.0318297
0.0121782
0.000702247
0
0
0
0
0
0
0
0
0
0
0
0
0
0
0
0
0
0
0
0
0
0
0
0
0