0.348277
0.387612
0.435564
0.483517
0.531469
0.562188
0.598651
0.648039
0.713974
0.768919
0.810877
0.844843
0.86782
0.879808
0.883804
0.874813
0.879246
0.888736
0.903971
0.901973
0.899975
0.897977
0.875874
0.840847
0.803884
0.774913
0.758929
0.746753
0.723776
0.68213
0.636176
0.590222
0.528472
0.474892
0.411322
0.360335
0.310811
0.26278
0.216175
0.173313
0.128741
0.0854537
0.0430309
0.0155827
0
0
0
0
0
0
0
0.0724394
0.140343
0.20312
0.264351
0.318252
0.376884
0.432869
0.491886
0.540384
0.566638
0.562192
0.500918
0.427725
0.354531
0.287262
0.293129
0.292519
0.293347
0.245305
0.206711
0.185828
0.174872
0.166546
0.169028
0.175091
0.18202
0.122508
0.0636271
0
0
0
0
0.012967
0.0348231
0.0595927
0.0846538
0.107705
0.130682
0.153659
0.176636
0.214598
0.261551
0.316496
0.370629
0.418581
0.466533
0.514486
0.561001
0.585976
0.610952
0.635927
0.645917
0.646916
0.639923
0.617945
0.589972
0.551012
0.487175
0.404854
0.332556
0.267535
0.211921
0.162118
0.120283
0.0858151
0.0566391
0.0313282
0.0139415
0.00502111
0.0796915
0.160897
0.239268
0.318376
0.412796
0.518212
0.623532
0.7116
0.825338
0.95794
1.10248
1.10578
1.08864
1.04558
0.977405
0.883179
0.795579
0.733829
0.710852
0.686439
0.663462
0.659153
0.666334
0.689311
0.730957
0.772602
0.795579
0.80276
0.797015
0.774038
0.745317
0.720904
0.672264
0.595631
0.507432
0.424505
0.348262
0.278017
0.213089
0.357087
0.301967
0.349299
0.398793
0.460762
0.5378
0.62749
0.727748
0.830837
0.930257
1.01592
0.850653
0.877957
0.829611
0.780717
0.728529
0.665929
0.584515
0.467411
0.352301
0.254158
0.185026
0.139194
0.106447
0.0774836
0.0520133
0.0289185
0.0112142
0.00065445
0
0
0
0
0
0
0
0
0
0
0
0
0
0
0
0
0
0
0
0
0
0
0
0