176 | 0.348277
192 | 0.387612
208 | 0.435564
224 | 0.483517
240 | 0.531469
256 | 0.562188
272 | 0.598651
288 | 0.648039
304 | 0.713974
320 | 0.768919
336 | 0.810877
352 | 0.844843
368 | 0.86782
384 | 0.879808
400 | 0.883804
416 | 0.874813
432 | 0.879246
448 | 0.888736
464 | 0.903971
480 | 0.901973
496 | 0.899975
512 | 0.897977
528 | 0.875874
544 | 0.840847
560 | 0.803884
576 | 0.774913
592 | 0.758929
608 | 0.746753
624 | 0.723776
640 | 0.68213
656 | 0.636176
672 | 0.590222
688 | 0.528472
704 | 0.474892
720 | 0.411322
736 | 0.360335
752 | 0.310811
768 | 0.26278
784 | 0.216175
800 | 0.173313
816 | 0.128741
832 | 0.0854537
848 | 0.0430309
864 | 0.0155827
880 | 0
896 | 0
912 | 0
928 | 0
944 | 0
960 | 0
976 | 0
992 | 0.0724394
1008 | 0.140343
1024 | 0.20312
1040 | 0.264351
1056 | 0.318252
1072 | 0.376884
1088 | 0.432869
1104 | 0.491886
1120 | 0.540384
1136 | 0.567235
1152 | 0.577333
1168 | 0.540543
1184 | 0.500081
1200 | 0.467865
1216 | 0.452374
1232 | 0.516212
1248 | 0.572719
1264 | 0.639735
1280 | 0.660728
1296 | 0.705093
1312 | 0.771864
1328 | 0.835882
1344 | 0.886691
1360 | 0.930625
1376 | 0.959805
1392 | 0.959734
1408 | 0.888144
1424 | 0.804286
1440 | 0.703838
1456 | 0.639549
1472 | 0.551389
1488 | 0.443279
1504 | 0.338168
1520 | 0.235967
1536 | 0.151543
1552 | 0.109108
1568 | 0.111826
1584 | 0.130682
1600 | 0.153659
1616 | 0.176636
1632 | 0.214598
1648 | 0.261551
1664 | 0.316496
1680 | 0.370629
1696 | 0.418581
1712 | 0.466533
1728 | 0.514486
1744 | 0.561001
1760 | 0.585976
1776 | 0.610952
1792 | 0.635927
1808 | 0.645917
1824 | 0.646916
1840 | 0.639923
1856 | 0.617945
1872 | 0.589972
1888 | 0.554446
1904 | 0.530475
1920 | 0.535741
1936 | 0.574072
1952 | 0.623924
1968 | 0.677108
1984 | 0.728019
2000 | 0.771426
2016 | 0.805222
2032 | 0.828483
2048 | 0.856487
2064 | 0.888498
2080 | 0.915811
2096 | 1.01403
2112 | 1.10321
2128 | 1.17445
2144 | 1.23146
2160 | 1.29051
2176 | 1.34635
2192 | 1.3961
2208 | 1.43159
2224 | 1.47911
2240 | 1.52695
2256 | 1.56971
2272 | 1.4625
2288 | 1.3293
2304 | 1.17509
2320 | 1.01984
2336 | 0.8873
2352 | 0.795579
2368 | 0.733829
2384 | 0.710852
2400 | 0.686439
2416 | 0.663462
2432 | 0.659153
2448 | 0.666334
2464 | 0.689311
2480 | 0.730957
2496 | 0.772602
2512 | 0.795579
2528 | 0.80276
2544 | 0.797015
2560 | 0.774038
2576 | 0.745317
2592 | 0.720904
2608 | 0.672264
2624 | 0.595631
2640 | 0.507432
2656 | 0.424505
2672 | 0.348262
2688 | 0.278017
2704 | 0.213089
2720 | 0.357087
2736 | 0.301967
2752 | 0.349299
2768 | 0.398793
2784 | 0.460762
2800 | 0.5378
2816 | 0.62749
2832 | 0.727748
2848 | 0.830837
2864 | 0.930257
2880 | 1.01592
2896 | 0.850653
2912 | 0.877957
2928 | 0.829611
2944 | 0.780717
2960 | 0.728529
2976 | 0.665929
2992 | 0.584515
3008 | 0.467411
3024 | 0.352301
3040 | 0.254158
3056 | 0.185026
3072 | 0.139194
3088 | 0.106447
3104 | 0.0774836
3120 | 0.0520133
3136 | 0.0289185
3152 | 0.0112142
3168 | 0.00065445
3184 | 0
3200 | 0
3216 | 0
3232 | 0
3248 | 0
3264 | 0
3280 | 0
3296 | 0
3312 | 0
3328 | 0
3344 | 0
3360 | 0
3376 | 0
3392 | 0
3408 | 0
3424 | 0
3440 | 0
3456 | 0
3472 | 0
3488 | 0
3504 | 0
3520 | 0
3536 | 0
3552 | 0
Valeur de l'integrale : 1795.91
