176 | 0
192 | 0
208 | 0
224 | 0
240 | 0
256 | 0
272 | 0
288 | 0
304 | 0
320 | 0
336 | 0
352 | 0
368 | 0
384 | 0
400 | 0
416 | 0
432 | 0
448 | 0
464 | 0
480 | 0
496 | 0
512 | 0
528 | 0
544 | 0
560 | 0
576 | 0
592 | 0
608 | 0
624 | 0
640 | 0
656 | 0
672 | 0
688 | 0
704 | 0
720 | 0
736 | 0
752 | 0
768 | 0
784 | 0
800 | 0
816 | 0
832 | 0
848 | 0
864 | 0
880 | 0
896 | 0
912 | 0
928 | 0
944 | 0
960 | 0
976 | 0
992 | 0
1008 | 0
1024 | 0
1040 | 0
1056 | 0
1072 | 0
1088 | 0
1104 | 0
1120 | 0
1136 | 0.000597055
1152 | 0.0151413
1168 | 0.039625
1184 | 0.0723559
1200 | 0.113334
1216 | 0.165112
1232 | 0.223083
1248 | 0.2802
1264 | 0.346388
1280 | 0.415423
1296 | 0.498382
1312 | 0.586036
1328 | 0.66101
1344 | 0.720145
1360 | 0.761597
1376 | 0.784714
1392 | 0.777714
1408 | 0.765636
1424 | 0.740659
1440 | 0.703838
1456 | 0.639549
1472 | 0.551389
1488 | 0.443279
1504 | 0.325201
1520 | 0.201144
1536 | 0.0919499
1552 | 0.0244541
1568 | 0.00412088
1584 | 0
1600 | 0
1616 | 0
1632 | 0
1648 | 0
1664 | 0
1680 | 0
1696 | 0
1712 | 0
1728 | 0
1744 | 0
1760 | 0
1776 | 0
1792 | 0
1808 | 0
1824 | 0
1840 | 0
1856 | 0
1872 | 0
1888 | 0.00343407
1904 | 0.0433004
1920 | 0.130887
1936 | 0.241516
1952 | 0.356389
1968 | 0.465187
1984 | 0.565901
2000 | 0.651143
2016 | 0.719407
2032 | 0.771844
2048 | 0.825159
2064 | 0.874557
2080 | 0.91079
2096 | 0.934336
2112 | 0.942315
2128 | 0.935177
2144 | 0.913085
2160 | 0.877715
2176 | 0.828133
2192 | 0.772569
2208 | 0.71999
2224 | 0.653773
2240 | 0.569005
2256 | 0.467234
2272 | 0.356721
2288 | 0.240659
2304 | 0.129506
2320 | 0.0424346
2336 | 0.00412088
2352 | 0
2368 | 0
2384 | 0
2400 | 0
2416 | 0
2432 | 0
2448 | 0
2464 | 0
2480 | 0
2496 | 0
2512 | 0
2528 | 0
2544 | 0
2560 | 0
2576 | 0
2592 | 0
2608 | 0
2624 | 0
2640 | 0
2656 | 0
2672 | 0
2688 | 0
2704 | 0
2720 | 0
2736 | 0
2752 | 0
2768 | 0
2784 | 0
2800 | 0
2816 | 0
2832 | 0
2848 | 0
2864 | 0
2880 | 0
2896 | 0
2912 | 0
2928 | 0
2944 | 0
2960 | 0
2976 | 0
2992 | 0
3008 | 0
3024 | 0
3040 | 0
3056 | 0
3072 | 0
3088 | 0
3104 | 0
3120 | 0
3136 | 0
3152 | 0
3168 | 0
3184 | 0
3200 | 0
3216 | 0
3232 | 0
3248 | 0
3264 | 0
3280 | 0
3296 | 0
3312 | 0
3328 | 0
3344 | 0
3360 | 0
3376 | 0
3392 | 0
3408 | 0
3424 | 0
3440 | 0
3456 | 0
3472 | 0
3488 | 0
3504 | 0
3520 | 0
3536 | 0
3552 | 0
Valeur de l'integrale : 430.374
