192 | 0.384272
208 | 0.42033
224 | 0.464286
240 | 0.508242
256 | 0.536401
272 | 0.569826
288 | 0.615098
304 | 0.680117
320 | 0.740556
336 | 0.790923
352 | 0.829384
368 | 0.86052
384 | 0.871509
400 | 0.875172
416 | 0.86693
432 | 0.855197
448 | 0.869162
464 | 0.894975
480 | 0.912889
496 | 0.911058
512 | 0.909226
528 | 0.888965
544 | 0.856857
560 | 0.812901
576 | 0.779018
592 | 0.752461
608 | 0.737809
624 | 0.726648
640 | 0.705586
656 | 0.667411
672 | 0.625286
688 | 0.568681
704 | 0.501115
720 | 0.430794
736 | 0.372127
752 | 0.326403
768 | 0.281948
784 | 0.238712
800 | 0.199166
816 | 0.157667
832 | 0.117274
848 | 0.0773346
864 | 0.0378803
880 | 0.0135202
896 | 0
912 | 0
928 | 0
944 | 0
960 | 0
976 | 0
992 | 0.0685755
1008 | 0.133188
1024 | 0.192319
1040 | 0.246409
1056 | 0.293142
1072 | 0.34467
1088 | 0.394756
1104 | 0.446833
1120 | 0.489233
1136 | 0.513035
1152 | 0.538233
1168 | 0.554306
1184 | 0.519699
1200 | 0.490494
1216 | 0.47543
1232 | 0.524262
1248 | 0.579924
1264 | 0.640001
1280 | 0.663064
1296 | 0.690241
1312 | 0.730454
1328 | 0.787885
1344 | 0.83955
1360 | 0.877908
1376 | 0.909878
1392 | 0.928185
1408 | 0.919446
1424 | 0.846839
1440 | 0.765268
1456 | 0.667586
1472 | 0.605027
1488 | 0.519078
1504 | 0.426006
1520 | 0.332236
1536 | 0.237234
1552 | 0.159705
1568 | 0.121068
1584 | 0.123569
1600 | 0.140854
1616 | 0.161916
1632 | 0.196715
1648 | 0.239755
1664 | 0.290121
1680 | 0.354224
1696 | 0.404762
1712 | 0.448718
1728 | 0.492674
1744 | 0.535314
1760 | 0.558207
1776 | 0.581101
1792 | 0.603995
1808 | 0.626889
1824 | 0.636046
1840 | 0.636962
1856 | 0.630552
1872 | 0.605826
1888 | 0.57326
1904 | 0.550869
1920 | 0.55341
1936 | 0.570733
1952 | 0.61755
1968 | 0.667955
1984 | 0.716759
2000 | 0.758767
2016 | 0.79165
2032 | 0.81427
2048 | 0.839344
2064 | 0.86758
2080 | 0.8963
2096 | 0.994093
2112 | 1.07882
2128 | 1.15017
2144 | 1.20751
2160 | 1.25866
2176 | 1.30724
2192 | 1.35326
2208 | 1.38983
2224 | 1.42027
2240 | 1.45471
2256 | 1.48624
2272 | 1.51496
2288 | 1.39894
2304 | 1.25518
2320 | 1.1072
2336 | 0.977737
2352 | 0.869963
2368 | 0.797734
2384 | 0.756925
2400 | 0.729281
2416 | 0.692422
2432 | 0.67136
2448 | 0.667411
2464 | 0.673993
2480 | 0.695055
2496 | 0.73323
2512 | 0.771406
2528 | 0.792468
2544 | 0.79905
2560 | 0.793784
2576 | 0.760875
2592 | 0.724016
2608 | 0.679402
2624 | 0.608797
2640 | 0.526981
2656 | 0.449496
2672 | 0.377795
2688 | 0.311344
2704 | 0.249586
2720 | 0.383943
2736 | 0.332446
2752 | 0.366513
2768 | 0.404466
2784 | 0.446971
2800 | 0.502097
2816 | 0.573539
2832 | 0.662522
2848 | 0.754022
2864 | 0.841414
2880 | 0.915582
2896 | 0.978806
2912 | 0.81725
2928 | 0.842649
2944 | 0.79637
2960 | 0.74974
2976 | 0.695294
2992 | 0.627131
3008 | 0.531719
3024 | 0.418025
3040 | 0.311633
3056 | 0.222994
3072 | 0.161425
3088 | 0.122422
3104 | 0.0944334
3120 | 0.0698006
3136 | 0.0475304
3152 | 0.026759
3168 | 0.0104942
3184 | 0.000618812
3200 | 0
3216 | 0
3232 | 0
3248 | 0
3264 | 0
3280 | 0
3296 | 0
3312 | 0
3328 | 0
3344 | 0
3360 | 0
3376 | 0
3392 | 0
3408 | 0
3424 | 0
3440 | 0
3456 | 0
3472 | 0
3488 | 0
3504 | 0
3520 | 0
3536 | 0
3552 | 0
Valeur de l'integrale : 1795.25
