0.384272
0.42033
0.464286
0.508242
0.536401
0.569826
0.615098
0.680117
0.740556
0.790923
0.829384
0.86052
0.871509
0.875172
0.86693
0.855197
0.869162
0.894975
0.912889
0.911058
0.909226
0.888965
0.856857
0.812901
0.779018
0.752461
0.737809
0.726648
0.705586
0.667411
0.625286
0.568681
0.501115
0.430794
0.372127
0.326403
0.281948
0.238712
0.199166
0.157667
0.117274
0.0773346
0.0378803
0.0135202
0
0
0
0
0
0
0.0685755
0.133188
0.192319
0.246409
0.293142
0.34467
0.394756
0.446833
0.489233
0.512495
0.524117
0.518384
0.454105
0.387752
0.325968
0.322076
0.324136
0.318707
0.269579
0.220708
0.186827
0.170036
0.160345
0.154495
0.159545
0.16759
0.174
0.116811
0.0605404
0
0
0
0.0111365
0.029618
0.0512727
0.0751717
0.0986504
0.119792
0.140854
0.161916
0.196715
0.239755
0.290121
0.354224
0.404762
0.448718
0.492674
0.535314
0.558207
0.581101
0.603995
0.626889
0.636046
0.636962
0.630552
0.605826
0.570112
0.511105
0.432635
0.346525
0.284716
0.231222
0.182631
0.141411
0.107397
0.0788714
0.0510273
0.028096
0.0125861
0.0791448
0.148806
0.21979
0.291444
0.372523
0.464546
0.562254
0.653851
0.735566
0.835016
0.949345
1.07646
1.06591
1.03185
0.987745
0.938776
0.866186
0.797734
0.756925
0.729281
0.692422
0.67136
0.667411
0.673993
0.695055
0.73323
0.771406
0.792468
0.79905
0.793784
0.760875
0.724016
0.679402
0.608797
0.526981
0.449496
0.377795
0.311344
0.249586
0.383943
0.332446
0.366513
0.404466
0.446971
0.502097
0.573539
0.662522
0.754022
0.841414
0.915582
0.978806
0.81725
0.842649
0.79637
0.74974
0.695294
0.627131
0.531719
0.418025
0.311633
0.222994
0.161425
0.122422
0.0944334
0.0698006
0.0475304
0.026759
0.0104942
0.000618812
0
0
0
0
0
0
0
0
0
0
0
0
0
0
0
0
0
0
0
0
0
0
0