0.41473
0.448014
0.488588
0.514582
0.545435
0.587225
0.647242
0.707259
0.763049
0.809541
0.845044
0.864486
0.867868
0.86026
0.849429
0.847739
0.876426
0.903899
0.920435
0.918745
0.900042
0.870404
0.829829
0.789254
0.757978
0.733464
0.719939
0.709637
0.690194
0.654956
0.602705
0.540305
0.458124
0.392828
0.339682
0.298311
0.257991
0.221285
0.182468
0.144612
0.106901
0.0686878
0.0331764
0.0118257
0
0
0
0
0
0.0655684
0.126728
0.183368
0.234401
0.274836
0.319451
0.363096
0.40934
0.446928
0.467605
0.478359
0.486355
0.474079
0.415293
0.359216
0.354421
0.348217
0.345474
0.294614
0.243839
0.200595
0.172021
0.156999
0.149661
0.146534
0.153292
0.160767
0.166657
0.11162
0.0577394
0
0
0.00961904
0.0256888
0.0441065
0.0654134
0.0884253
0.110495
0.130019
0.149461
0.181583
0.221312
0.267804
0.326976
0.386993
0.433643
0.474218
0.513578
0.534711
0.555843
0.576976
0.598109
0.619241
0.627694
0.62854
0.618396
0.586274
0.531422
0.457564
0.374472
0.299766
0.248298
0.200964
0.160455
0.126968
0.0990988
0.0713908
0.0459745
0.0254684
0.082749
0.144178
0.20442
0.269116
0.342407
0.420952
0.506378
0.59235
0.678571
0.748436
0.83356
0.934918
1.04337
1.01822
0.982697
0.953026
0.919139
0.862743
0.814138
0.770393
0.731509
0.697485
0.678043
0.674398
0.680473
0.699915
0.735154
0.770393
0.789835
0.795911
0.780114
0.740015
0.685447
0.619991
0.543703
0.471005
0.40336
0.340346
0.281503
0.40743
0.359109
0.390258
0.416895
0.449405
0.487082
0.538153
0.609539
0.690314
0.768061
0.833286
0.888008
0.939458
0.788038
0.811779
0.767451
0.718494
0.658553
0.576406
0.480796
0.373333
0.27603
0.196384
0.143163
0.109409
0.0855944
0.0641126
0.0441712
0.0251324
0.00995353
0.000592417
0
0
0
0
0
0
0
0
0
0
0
0
0
0
0
0
0
0
0
0
0
0