224 | 0.440836
240 | 0.471743
256 | 0.495879
272 | 0.524529
288 | 0.563334
304 | 0.619064
320 | 0.674794
336 | 0.730524
352 | 0.782329
368 | 0.8255
384 | 0.849833
400 | 0.861607
416 | 0.854543
432 | 0.844486
448 | 0.842916
464 | 0.856014
480 | 0.886038
496 | 0.911548
512 | 0.926903
528 | 0.909537
544 | 0.882015
560 | 0.844339
576 | 0.806662
592 | 0.768986
608 | 0.739943
624 | 0.71718
640 | 0.704621
656 | 0.695055
672 | 0.677002
688 | 0.631868
704 | 0.573901
720 | 0.497231
736 | 0.42057
752 | 0.360943
768 | 0.312441
784 | 0.274671
800 | 0.240426
816 | 0.203968
832 | 0.168354
848 | 0.132647
864 | 0.0956869
880 | 0.0606545
896 | 0.0292446
912 | 0.0104971
928 | 0
944 | 0
960 | 0
976 | 0
992 | 0.0623866
1008 | 0.121655
1024 | 0.175213
1040 | 0.224365
1056 | 0.262466
1072 | 0.300866
1088 | 0.338054
1104 | 0.377935
1120 | 0.411357
1136 | 0.430398
1152 | 0.451626
1168 | 0.478314
1184 | 0.503728
1200 | 0.523314
1216 | 0.512811
1232 | 0.552719
1248 | 0.591019
1264 | 0.638115
1280 | 0.66128
1296 | 0.688047
1312 | 0.715158
1328 | 0.734078
1344 | 0.758119
1360 | 0.793119
1376 | 0.82156
1392 | 0.838467
1408 | 0.851615
1424 | 0.857343
1440 | 0.844986
1456 | 0.774774
1472 | 0.697585
1488 | 0.60524
1504 | 0.554541
1520 | 0.486995
1536 | 0.406321
1552 | 0.322543
1568 | 0.239268
1584 | 0.172629
1600 | 0.139867
1616 | 0.142023
1632 | 0.168613
1648 | 0.205504
1664 | 0.248675
1680 | 0.30362
1696 | 0.35935
1712 | 0.41508
1728 | 0.458399
1744 | 0.494947
1760 | 0.51457
1776 | 0.534194
1792 | 0.553817
1808 | 0.57344
1824 | 0.593063
1840 | 0.612686
1856 | 0.620536
1872 | 0.617396
1888 | 0.602041
1904 | 0.583068
1920 | 0.583766
1936 | 0.596005
1952 | 0.620865
1968 | 0.652642
1984 | 0.69765
2000 | 0.737021
2016 | 0.76813
2032 | 0.789522
2048 | 0.813777
2064 | 0.83915
2080 | 0.862235
2096 | 0.952154
2112 | 1.034
2128 | 1.10084
2144 | 1.15547
2160 | 1.20732
2176 | 1.24955
2192 | 1.28332
2208 | 1.31306
2224 | 1.3433
2240 | 1.36525
2256 | 1.37456
2272 | 1.38746
2288 | 1.39559
2304 | 1.39314
2320 | 1.2701
2336 | 1.14787
2352 | 1.03805
2368 | 0.945746
2384 | 0.87657
2400 | 0.822557
2416 | 0.769525
2432 | 0.733418
2448 | 0.701825
2464 | 0.683772
2480 | 0.680387
2496 | 0.686028
2512 | 0.704082
2528 | 0.736803
2544 | 0.769525
2560 | 0.787578
2576 | 0.783065
2592 | 0.75937
2608 | 0.703003
2624 | 0.629624
2640 | 0.55817
2656 | 0.489712
2672 | 0.425705
2688 | 0.365813
2704 | 0.309651
2720 | 0.428143
2736 | 0.382629
2752 | 0.411289
2768 | 0.435833
2784 | 0.458389
2800 | 0.487219
2816 | 0.522344
2832 | 0.574085
2848 | 0.638033
2864 | 0.706574
2880 | 0.764564
2896 | 0.812626
2912 | 0.8573
2928 | 0.904756
2944 | 0.762275
2960 | 0.784562
2976 | 0.738038
2992 | 0.683814
3008 | 0.610497
3024 | 0.526524
3040 | 0.433733
3056 | 0.333494
3072 | 0.245088
3088 | 0.175448
3104 | 0.128784
3120 | 0.0997121
3136 | 0.0789801
3152 | 0.059812
3168 | 0.0416219
3184 | 0.023903
3200 | 0.0095509
3216 | 0.000566031
3232 | 0
3248 | 0
3264 | 0
3280 | 0
3296 | 0
3312 | 0
3328 | 0
3344 | 0
3360 | 0
3376 | 0
3392 | 0
3408 | 0
3424 | 0
3440 | 0
3456 | 0
3472 | 0
3488 | 0
3504 | 0
3520 | 0
3536 | 0
3552 | 0
Valeur de l'integrale : 1792.56
