0.440836
0.471743
0.495879
0.524529
0.563334
0.619064
0.674794
0.730524
0.782329
0.8255
0.849833
0.861607
0.854543
0.844486
0.842916
0.856014
0.886038
0.911548
0.926903
0.909537
0.882015
0.844339
0.806662
0.768986
0.739943
0.71718
0.704621
0.695055
0.677002
0.631868
0.573901
0.497231
0.42057
0.360943
0.312441
0.274671
0.240426
0.203968
0.168354
0.132647
0.0956869
0.0606545
0.0292446
0.0104971
0
0
0
0
0.0623866
0.121655
0.175213
0.224365
0.262466
0.300866
0.338054
0.377935
0.411357
0.429945
0.439782
0.447317
0.447148
0.436751
0.387167
0.382757
0.376215
0.365914
0.321288
0.268199
0.222587
0.185471
0.159656
0.147294
0.142531
0.141243
0.147565
0.154479
0.159909
0.10687
0.055186
0
0.0084655
0.0223719
0.0385876
0.0568282
0.0776992
0.0998378
0.120649
0.138785
0.168613
0.205504
0.248675
0.30362
0.35935
0.41508
0.458399
0.494947
0.51457
0.534194
0.553817
0.57344
0.593063
0.612686
0.620536
0.617396
0.599343
0.548886
0.479156
0.399905
0.326891
0.263512
0.217446
0.177709
0.144796
0.117581
0.090085
0.064595
0.0418322
0.0921765
0.14479
0.196995
0.251332
0.317252
0.388118
0.460603
0.535768
0.617371
0.692952
0.750989
0.826276
0.913143
1.00267
0.976122
0.952657
0.93464
0.912266
0.873332
0.822557
0.769525
0.733418
0.701825
0.683772
0.680387
0.686028
0.704082
0.736803
0.769525
0.787578
0.783065
0.75937
0.703003
0.629624
0.55817
0.489712
0.425705
0.365813
0.309651
0.428143
0.382629
0.411289
0.435833
0.458389
0.487219
0.522344
0.574085
0.638033
0.706574
0.764564
0.812626
0.8573
0.904756
0.762275
0.784562
0.738038
0.683814
0.610497
0.526524
0.433733
0.333494
0.245088
0.175448
0.128784
0.0997121
0.0789801
0.059812
0.0416219
0.023903
0.0095509
0.000566031
0
0
0
0
0
0
0
0
0
0
0
0
0
0
0
0
0
0
0
0
0