0.463462
0.47967
0.50641
0.542628
0.594643
0.646658
0.698672
0.750687
0.799038
0.831273
0.848123
0.849588
0.840201
0.838736
0.850962
0.866346
0.894368
0.918178
0.917766
0.892079
0.856914
0.821749
0.786584
0.751419
0.724313
0.703068
0.691346
0.682418
0.653984
0.60302
0.531171
0.459133
0.388638
0.333845
0.289245
0.25715
0.222784
0.189164
0.155269
0.119543
0.0851112
0.0538374
0.0261189
0.00943694
0
0
0
0.0594994
0.116242
0.16876
0.215153
0.252051
0.288211
0.319454
0.352927
0.381303
0.397899
0.406963
0.413936
0.413936
0.413791
0.409354
0.40691
0.401109
0.390505
0.342205
0.294433
0.246132
0.206483
0.172743
0.150368
0.140761
0.137759
0.136366
0.142249
0.148663
0.153686
0.102509
0.052849
0.00775194
0.0198137
0.0338536
0.0500997
0.0680876
0.0884728
0.109768
0.12945
0.157372
0.191804
0.232097
0.283379
0.335394
0.387408
0.439423
0.4788
0.497115
0.51543
0.533745
0.55206
0.570375
0.58869
0.607005
0.610668
0.599679
0.563339
0.49804
0.422338
0.351896
0.289401
0.232343
0.193413
0.161105
0.134534
0.107307
0.0818289
0.0589805
0.10506
0.151529
0.195492
0.241815
0.297093
0.360536
0.425896
0.489052
0.560601
0.632924
0.697625
0.747924
0.811815
0.88356
0.966194
0.950059
0.936465
0.927516
0.918754
0.877244
0.818269
0.768773
0.735073
0.705586
0.688736
0.685577
0.690843
0.707692
0.738233
0.768773
0.776145
0.763507
0.723475
0.649322
0.570809
0.506131
0.445403
0.388354
0.334661
0.446546
0.403532
0.430046
0.45278
0.473725
0.493637
0.520755
0.557456
0.602552
0.655669
0.70641
0.749041
0.788357
0.829918
0.873923
0.739385
0.756703
0.705269
0.638372
0.562459
0.479509
0.39097
0.298316
0.220384
0.158745
0.117944
0.0923856
0.0739386
0.0565259
0.0396839
0.0229831
0.00914655
0.000508469
0
0
0
0
0
0
0
0
0
0
0
0
0
0
0
0
0
0
0
0