240 | 0
256 | 0
272 | 0
288 | 0
304 | 0
320 | 0
336 | 0
352 | 0
368 | 0
384 | 0
400 | 0
416 | 0
432 | 0
448 | 0
464 | 0
480 | 0
496 | 0
512 | 0
528 | 0
544 | 0
560 | 0
576 | 0
592 | 0
608 | 0
624 | 0
640 | 0
656 | 0
672 | 0
688 | 0
704 | 0
720 | 0
736 | 0
752 | 0
768 | 0
784 | 0
800 | 0
816 | 0
832 | 0
848 | 0
864 | 0
880 | 0
896 | 0
912 | 0
928 | 0
944 | 0
960 | 0
976 | 0
992 | 0
1008 | 0
1024 | 0
1040 | 0
1056 | 0
1072 | 0
1088 | 0
1104 | 0
1120 | 0
1136 | 0.000419258
1152 | 0.0109606
1168 | 0.028684
1184 | 0.0523775
1200 | 0.0820123
1216 | 0.116372
1232 | 0.157418
1248 | 0.198783
1264 | 0.2519
1280 | 0.314671
1296 | 0.391404
1312 | 0.465012
1328 | 0.526417
1344 | 0.57135
1360 | 0.60817
1376 | 0.642055
1392 | 0.663721
1408 | 0.674714
1424 | 0.67869
1440 | 0.676405
1456 | 0.658417
1472 | 0.640645
1488 | 0.615194
1504 | 0.578239
1520 | 0.520707
1536 | 0.441466
1552 | 0.347966
1568 | 0.250444
1584 | 0.151625
1600 | 0.0680642
1616 | 0.0179372
1632 | 0.00302198
1648 | 0
1664 | 0
1680 | 0
1696 | 0
1712 | 0
1728 | 0
1744 | 0
1760 | 0
1776 | 0
1792 | 0
1808 | 0
1824 | 0
1840 | 0
1856 | 0
1872 | 0
1888 | 0.00251832
1904 | 0.0319398
1920 | 0.0980485
1936 | 0.184532
1952 | 0.277759
1968 | 0.369019
1984 | 0.457129
2000 | 0.534199
2016 | 0.596769
2032 | 0.64415
2048 | 0.695197
2064 | 0.745717
2080 | 0.791434
2096 | 0.830848
2112 | 0.861471
2128 | 0.882488
2144 | 0.88987
2160 | 0.882986
2176 | 0.862487
2192 | 0.832179
2208 | 0.793572
2224 | 0.748255
2240 | 0.697243
2256 | 0.644424
2272 | 0.596924
2288 | 0.535885
2304 | 0.459165
2320 | 0.370195
2336 | 0.2777
2352 | 0.183649
2368 | 0.0969053
2384 | 0.0312796
2400 | 0.00302198
2416 | 0
2432 | 0
2448 | 0
2464 | 0
2480 | 0
2496 | 0
2512 | 0
2528 | 0
2544 | 0
2560 | 0
2576 | 0
2592 | 0
2608 | 0
2624 | 0
2640 | 0
2656 | 0
2672 | 0
2688 | 0
2704 | 0
2720 | 0
2736 | 0
2752 | 0
2768 | 0
2784 | 0
2800 | 0
2816 | 0
2832 | 0
2848 | 0
2864 | 0
2880 | 0
2896 | 0
2912 | 0
2928 | 0
2944 | 0
2960 | 0
2976 | 0
2992 | 0
3008 | 0
3024 | 0
3040 | 0
3056 | 0
3072 | 0
3088 | 0
3104 | 0
3120 | 0
3136 | 0
3152 | 0
3168 | 0
3184 | 0
3200 | 0
3216 | 0
3232 | 0
3248 | 0
3264 | 0
3280 | 0
3296 | 0
3312 | 0
3328 | 0
3344 | 0
3360 | 0
3376 | 0
3392 | 0
3408 | 0
3424 | 0
3440 | 0
3456 | 0
3472 | 0
3488 | 0
3504 | 0
3520 | 0
3536 | 0
3552 | 0
Valeur de l'integrale : 453.028
