240 | 0.463462
256 | 0.47967
272 | 0.50641
288 | 0.542628
304 | 0.594643
320 | 0.646658
336 | 0.698672
352 | 0.750687
368 | 0.799038
384 | 0.831273
400 | 0.848123
416 | 0.849588
432 | 0.840201
448 | 0.838736
464 | 0.850962
480 | 0.866346
496 | 0.894368
512 | 0.918178
528 | 0.917766
544 | 0.892079
560 | 0.856914
576 | 0.821749
592 | 0.786584
608 | 0.751419
624 | 0.724313
640 | 0.703068
656 | 0.691346
672 | 0.682418
688 | 0.653984
704 | 0.60302
720 | 0.531171
736 | 0.459133
752 | 0.388638
768 | 0.333845
784 | 0.289245
800 | 0.25715
816 | 0.222784
832 | 0.189164
848 | 0.155269
864 | 0.119543
880 | 0.0851112
896 | 0.0538374
912 | 0.0261189
928 | 0.00943694
944 | 0
960 | 0
976 | 0
992 | 0.0594994
1008 | 0.116242
1024 | 0.16876
1040 | 0.215153
1056 | 0.252051
1072 | 0.288211
1088 | 0.319454
1104 | 0.352927
1120 | 0.381303
1136 | 0.398318
1152 | 0.417924
1168 | 0.44262
1184 | 0.466314
1200 | 0.495803
1216 | 0.525726
1232 | 0.564328
1248 | 0.599892
1264 | 0.642404
1280 | 0.656876
1296 | 0.685837
1312 | 0.711144
1328 | 0.7329
1344 | 0.744093
1360 | 0.758538
1376 | 0.782816
1392 | 0.80148
1408 | 0.81108
1424 | 0.820939
1440 | 0.825068
1456 | 0.812103
1472 | 0.743154
1488 | 0.668043
1504 | 0.585991
1520 | 0.540521
1536 | 0.47532
1552 | 0.398065
1568 | 0.318532
1584 | 0.240098
1600 | 0.177832
1616 | 0.147387
1632 | 0.160394
1648 | 0.191804
1664 | 0.232097
1680 | 0.283379
1696 | 0.335394
1712 | 0.387408
1728 | 0.439423
1744 | 0.4788
1760 | 0.497115
1776 | 0.51543
1792 | 0.533745
1808 | 0.55206
1824 | 0.570375
1840 | 0.58869
1856 | 0.607005
1872 | 0.610668
1888 | 0.602197
1904 | 0.595279
1920 | 0.596089
1936 | 0.606871
1952 | 0.629655
1968 | 0.65842
1984 | 0.689472
2000 | 0.727612
2016 | 0.757874
2032 | 0.778684
2048 | 0.802504
2064 | 0.827546
2080 | 0.850415
2096 | 0.935908
2112 | 1.013
2128 | 1.07798
2144 | 1.13169
2160 | 1.18008
2176 | 1.22302
2192 | 1.25807
2208 | 1.28262
2224 | 1.30886
2240 | 1.33017
2256 | 1.34205
2272 | 1.34485
2288 | 1.3477
2304 | 1.34272
2320 | 1.33639
2336 | 1.22776
2352 | 1.12011
2368 | 1.02442
2384 | 0.950034
2400 | 0.880266
2416 | 0.818269
2432 | 0.768773
2448 | 0.735073
2464 | 0.705586
2480 | 0.688736
2496 | 0.685577
2512 | 0.690843
2528 | 0.707692
2544 | 0.738233
2560 | 0.768773
2576 | 0.776145
2592 | 0.763507
2608 | 0.723475
2624 | 0.649322
2640 | 0.570809
2656 | 0.506131
2672 | 0.445403
2688 | 0.388354
2704 | 0.334661
2720 | 0.446546
2736 | 0.403532
2752 | 0.430046
2768 | 0.45278
2784 | 0.473725
2800 | 0.493637
2816 | 0.520755
2832 | 0.557456
2848 | 0.602552
2864 | 0.655669
2880 | 0.70641
2896 | 0.749041
2912 | 0.788357
2928 | 0.829918
2944 | 0.873923
2960 | 0.739385
2976 | 0.756703
2992 | 0.705269
3008 | 0.638372
3024 | 0.562459
3040 | 0.479509
3056 | 0.39097
3072 | 0.298316
3088 | 0.220384
3104 | 0.158745
3120 | 0.117944
3136 | 0.0923856
3152 | 0.0739386
3168 | 0.0565259
3184 | 0.0396839
3200 | 0.0229831
3216 | 0.00914655
3232 | 0.000508469
3248 | 0
3264 | 0
3280 | 0
3296 | 0
3312 | 0
3328 | 0
3344 | 0
3360 | 0
3376 | 0
3392 | 0
3408 | 0
3424 | 0
3440 | 0
3456 | 0
3472 | 0
3488 | 0
3504 | 0
3520 | 0
3536 | 0
3552 | 0
Valeur de l'integrale : 1790.64
