0.471411
0.490556
0.524511
0.573274
0.622038
0.670802
0.719566
0.768329
0.806104
0.830829
0.837697
0.836453
0.835079
0.84654
0.860963
0.875386
0.901657
0.910156
0.900884
0.867917
0.83495
0.801983
0.769016
0.736049
0.710637
0.690719
0.67973
0.6605
0.625542
0.560904
0.492968
0.426387
0.361212
0.310532
0.27189
0.23939
0.207555
0.175304
0.140774
0.107019
0.0760151
0.0483501
0.0235969
0.00857126
0
0
0.0568675
0.111291
0.161828
0.207816
0.242432
0.277497
0.306717
0.334254
0.357198
0.370548
0.378703
0.385191
0.385191
0.385191
0.389118
0.426218
0.422548
0.412679
0.366975
0.315567
0.271722
0.229253
0.192849
0.163124
0.144075
0.136364
0.133338
0.131814
0.137304
0.14327
0.147929
0.0984891
0.0577615
0.0182149
0.0301543
0.0442452
0.0604373
0.0781232
0.0979971
0.118487
0.147447
0.179816
0.217591
0.265668
0.314432
0.363195
0.411959
0.459736
0.481842
0.499013
0.516183
0.533353
0.550524
0.567694
0.584864
0.598601
0.59448
0.565866
0.514046
0.442272
0.374286
0.313521
0.256739
0.207768
0.176081
0.15014
0.123224
0.0978255
0.074959
0.118899
0.161657
0.200269
0.238714
0.285594
0.338328
0.396586
0.453412
0.513393
0.57682
0.639489
0.696893
0.737989
0.789743
0.8567
0.943454
0.935849
0.930033
0.932458
0.919571
0.869806
0.814517
0.768115
0.736521
0.708877
0.69308
0.690118
0.695055
0.710852
0.739483
0.759229
0.758242
0.72958
0.671441
0.592271
0.520659
0.462898
0.408446
0.357029
0.463006
0.42223
0.446879
0.468034
0.487568
0.506191
0.525178
0.554354
0.585351
0.620757
0.657881
0.694775
0.729676
0.766514
0.805349
0.846346
0.715431
0.725583
0.662245
0.592326
0.51642
0.436006
0.352559
0.269851
0.200443
0.146025
0.109684
0.0867607
0.0700627
0.0540148
0.0382275
0.0220555
0.00825794
0.000461534
0
0
0
0
0
0
0
0
0
0
0
0
0
0
0
0
0
0
0