256 | 0
272 | 0
288 | 0
304 | 0
320 | 0
336 | 0
352 | 0
368 | 0
384 | 0
400 | 0
416 | 0
432 | 0
448 | 0
464 | 0
480 | 0
496 | 0
512 | 0
528 | 0
544 | 0
560 | 0
576 | 0
592 | 0
608 | 0
624 | 0
640 | 0
656 | 0
672 | 0
688 | 0
704 | 0
720 | 0
736 | 0
752 | 0
768 | 0
784 | 0
800 | 0
816 | 0
832 | 0
848 | 0
864 | 0
880 | 0
896 | 0
912 | 0
928 | 0
944 | 0
960 | 0
976 | 0
992 | 0
1008 | 0
1024 | 0
1040 | 0
1056 | 0
1072 | 0
1088 | 0
1104 | 0
1120 | 0
1136 | 0.000390439
1152 | 0.0101994
1168 | 0.0266921
1184 | 0.0487403
1200 | 0.0763438
1216 | 0.110619
1232 | 0.146598
1248 | 0.184987
1264 | 0.234416
1280 | 0.292617
1296 | 0.364523
1312 | 0.435938
1328 | 0.498984
1344 | 0.549766
1360 | 0.582151
1376 | 0.606189
1392 | 0.628926
1408 | 0.643874
1424 | 0.652194
1440 | 0.655093
1456 | 0.651866
1472 | 0.633754
1488 | 0.615523
1504 | 0.5902
1520 | 0.553545
1536 | 0.497591
1552 | 0.420509
1568 | 0.330215
1584 | 0.236833
1600 | 0.142834
1616 | 0.0639136
1632 | 0.0168168
1648 | 0.0028331
1664 | 0
1680 | 0
1696 | 0
1712 | 0
1728 | 0
1744 | 0
1760 | 0
1776 | 0
1792 | 0
1808 | 0
1824 | 0
1840 | 0
1856 | 0
1872 | 0
1888 | 0.00236092
1904 | 0.0299738
1920 | 0.0922615
1936 | 0.174254
1952 | 0.263239
1968 | 0.350884
1984 | 0.43617
2000 | 0.511244
2016 | 0.572375
2032 | 0.618566
2048 | 0.668861
2064 | 0.718949
2080 | 0.764441
2096 | 0.803627
2112 | 0.83429
2128 | 0.856648
2144 | 0.870103
2160 | 0.870318
2176 | 0.85732
2192 | 0.835215
2208 | 0.804849
2224 | 0.766424
2240 | 0.72131
2256 | 0.670739
2272 | 0.618765
2288 | 0.572462
2304 | 0.512769
2320 | 0.438026
2336 | 0.351922
2352 | 0.263128
2368 | 0.17338
2384 | 0.0911679
2400 | 0.0293507
2416 | 0.0028331
2432 | 0
2448 | 0
2464 | 0
2480 | 0
2496 | 0
2512 | 0
2528 | 0
2544 | 0
2560 | 0
2576 | 0
2592 | 0
2608 | 0
2624 | 0
2640 | 0
2656 | 0
2672 | 0
2688 | 0
2704 | 0
2720 | 0
2736 | 0
2752 | 0
2768 | 0
2784 | 0
2800 | 0
2816 | 0
2832 | 0
2848 | 0
2864 | 0
2880 | 0
2896 | 0
2912 | 0
2928 | 0
2944 | 0
2960 | 0
2976 | 0
2992 | 0
3008 | 0
3024 | 0
3040 | 0
3056 | 0
3072 | 0
3088 | 0
3104 | 0
3120 | 0
3136 | 0
3152 | 0
3168 | 0
3184 | 0
3200 | 0
3216 | 0
3232 | 0
3248 | 0
3264 | 0
3280 | 0
3296 | 0
3312 | 0
3328 | 0
3344 | 0
3360 | 0
3376 | 0
3392 | 0
3408 | 0
3424 | 0
3440 | 0
3456 | 0
3472 | 0
3488 | 0
3504 | 0
3520 | 0
3536 | 0
3552 | 0
Valeur de l'integrale : 458.462
