0.482143
0.508525
0.55442
0.600315
0.64621
0.692106
0.738001
0.776786
0.807167
0.822035
0.826034
0.831852
0.842639
0.856214
0.869788
0.883363
0.895079
0.894716
0.877626
0.846598
0.81557
0.784543
0.753515
0.722487
0.69857
0.679824
0.65926
0.633343
0.584402
0.522893
0.459819
0.398001
0.337402
0.292943
0.254153
0.223925
0.19317
0.159791
0.126756
0.0961168
0.0686107
0.0438779
0.021519
0.00785416
0
0.054464
0.106744
0.155443
0.199889
0.234729
0.26755
0.295888
0.321419
0.339102
0.348426
0.354335
0.360179
0.360179
0.360179
0.363722
0.406527
0.439764
0.431976
0.389443
0.340265
0.292776
0.254178
0.214854
0.182494
0.156577
0.139821
0.132271
0.129191
0.127557
0.13269
0.138254
0.142588
0.101329
0.0653742
0.0278208
0.0396158
0.0536948
0.0697713
0.0871243
0.106477
0.135678
0.169143
0.204792
0.25004
0.295936
0.341831
0.387726
0.432692
0.46372
0.484527
0.500687
0.516847
0.533007
0.549168
0.565328
0.578256
0.584074
0.563003
0.519081
0.459523
0.394452
0.335382
0.279688
0.230702
0.18988
0.164555
0.137979
0.112714
0.0898836
0.13186
0.172846
0.20835
0.242
0.281024
0.325125
0.372884
0.423164
0.477168
0.529853
0.584774
0.640946
0.689564
0.720752
0.769497
0.841243
0.931027
0.930144
0.93432
0.932432
0.910201
0.863243
0.811207
0.767534
0.737799
0.711781
0.696913
0.694126
0.698772
0.713639
0.732224
0.743374
0.726628
0.680085
0.615755
0.54307
0.478539
0.426469
0.377153
0.477814
0.439056
0.462069
0.481837
0.500127
0.517608
0.535514
0.557056
0.581169
0.603477
0.624372
0.649164
0.679211
0.712111
0.746753
0.783181
0.818229
0.688012
0.684674
0.618152
0.547577
0.473145
0.396278
0.32102
0.246624
0.185116
0.136256
0.103301
0.0824121
0.067087
0.0521204
0.0367534
0.0200035
0.0075267
0.000422532
0
0
0
0
0
0
0
0
0
0
0
0
0
0
0
0
0
0