272 | 0
288 | 0
304 | 0
320 | 0
336 | 0
352 | 0
368 | 0
384 | 0
400 | 0
416 | 0
432 | 0
448 | 0
464 | 0
480 | 0
496 | 0
512 | 0
528 | 0
544 | 0
560 | 0
576 | 0
592 | 0
608 | 0
624 | 0
640 | 0
656 | 0
672 | 0
688 | 0
704 | 0
720 | 0
736 | 0
752 | 0
768 | 0
784 | 0
800 | 0
816 | 0
832 | 0
848 | 0
864 | 0
880 | 0
896 | 0
912 | 0
928 | 0
944 | 0
960 | 0
976 | 0
992 | 0
1008 | 0
1024 | 0
1040 | 0
1056 | 0
1072 | 0
1088 | 0
1104 | 0
1120 | 0
1136 | 0.00036713
1152 | 0.00954315
1168 | 0.0249589
1184 | 0.0455754
1200 | 0.0713865
1216 | 0.1034
1232 | 0.139825
1248 | 0.172981
1264 | 0.219203
1280 | 0.273451
1296 | 0.340834
1312 | 0.408161
1328 | 0.469801
1344 | 0.522916
1360 | 0.56134
1376 | 0.581296
1392 | 0.594838
1408 | 0.611411
1424 | 0.623852
1440 | 0.631128
1456 | 0.633083
1472 | 0.629045
1488 | 0.610871
1504 | 0.592298
1520 | 0.567157
1536 | 0.530873
1552 | 0.476441
1568 | 0.401451
1584 | 0.314188
1600 | 0.224626
1616 | 0.135007
1632 | 0.06024
1648 | 0.0158282
1664 | 0.00266645
1680 | 0
1696 | 0
1712 | 0
1728 | 0
1744 | 0
1760 | 0
1776 | 0
1792 | 0
1808 | 0
1824 | 0
1840 | 0
1856 | 0
1872 | 0
1888 | 0.00222204
1904 | 0.0282358
1920 | 0.0871196
1936 | 0.16506
1952 | 0.250162
1968 | 0.334449
1984 | 0.417048
2000 | 0.490181
2016 | 0.549897
2032 | 0.594936
2048 | 0.644447
2064 | 0.694036
2080 | 0.739229
2096 | 0.778134
2112 | 0.808773
2128 | 0.83122
2144 | 0.845882
2160 | 0.85195
2176 | 0.846289
2192 | 0.831833
2208 | 0.809616
2224 | 0.779258
2240 | 0.741071
2256 | 0.696238
2272 | 0.646177
2288 | 0.595072
2304 | 0.549926
2320 | 0.491565
2336 | 0.418747
2352 | 0.335369
2368 | 0.250009
2384 | 0.1642
2400 | 0.0860719
2416 | 0.0276459
2432 | 0.00266645
2448 | 0
2464 | 0
2480 | 0
2496 | 0
2512 | 0
2528 | 0
2544 | 0
2560 | 0
2576 | 0
2592 | 0
2608 | 0
2624 | 0
2640 | 0
2656 | 0
2672 | 0
2688 | 0
2704 | 0
2720 | 0
2736 | 0
2752 | 0
2768 | 0
2784 | 0
2800 | 0
2816 | 0
2832 | 0
2848 | 0
2864 | 0
2880 | 0
2896 | 0
2912 | 0
2928 | 0
2944 | 0
2960 | 0
2976 | 0
2992 | 0
3008 | 0
3024 | 0
3040 | 0
3056 | 0
3072 | 0
3088 | 0
3104 | 0
3120 | 0
3136 | 0
3152 | 0
3168 | 0
3184 | 0
3200 | 0
3216 | 0
3232 | 0
3248 | 0
3264 | 0
3280 | 0
3296 | 0
3312 | 0
3328 | 0
3344 | 0
3360 | 0
3376 | 0
3392 | 0
3408 | 0
3424 | 0
3440 | 0
3456 | 0
3472 | 0
3488 | 0
3504 | 0
3520 | 0
3536 | 0
3552 | 0
Valeur de l'integrale : 463.756
