288 | 0
304 | 0
320 | 0
336 | 0
352 | 0
368 | 0
384 | 0
400 | 0
416 | 0
432 | 0
448 | 0
464 | 0
480 | 0
496 | 0
512 | 0
528 | 0
544 | 0
560 | 0
576 | 0
592 | 0
608 | 0
624 | 0
640 | 0
656 | 0
672 | 0
688 | 0
704 | 0
720 | 0
736 | 0
752 | 0
768 | 0
784 | 0
800 | 0
816 | 0
832 | 0
848 | 0
864 | 0
880 | 0
896 | 0
912 | 0
928 | 0
944 | 0
960 | 0
976 | 0
992 | 0
1008 | 0
1024 | 0
1040 | 0
1056 | 0
1072 | 0
1088 | 0
1104 | 0
1120 | 0
1136 | 0.000349515
1152 | 0.0090078
1168 | 0.0234509
1184 | 0.0427964
1200 | 0.0670338
1216 | 0.0970366
1232 | 0.13126
1248 | 0.165416
1264 | 0.205843
1280 | 0.256642
1296 | 0.320036
1312 | 0.383436
1328 | 0.441683
1344 | 0.494148
1360 | 0.535329
1376 | 0.56132
1392 | 0.571103
1408 | 0.579224
1424 | 0.593596
1440 | 0.605038
1456 | 0.611381
1472 | 0.612503
1488 | 0.607768
1504 | 0.589584
1520 | 0.570761
1536 | 0.545846
1552 | 0.509985
1568 | 0.457015
1584 | 0.384045
1600 | 0.299644
1616 | 0.213615
1632 | 0.127993
1648 | 0.0569658
1664 | 0.0149493
1680 | 0.00251832
1696 | 0
1712 | 0
1728 | 0
1744 | 0
1760 | 0
1776 | 0
1792 | 0
1808 | 0
1824 | 0
1840 | 0
1856 | 0
1872 | 0
1888 | 0.0020986
1904 | 0.0266882
1920 | 0.0825206
1936 | 0.156788
1952 | 0.238323
1968 | 0.319484
1984 | 0.399533
2000 | 0.470785
2016 | 0.529119
2032 | 0.573046
2048 | 0.621753
2064 | 0.670792
2080 | 0.715626
2096 | 0.754208
2112 | 0.784769
2128 | 0.807258
2144 | 0.821962
2160 | 0.829067
2176 | 0.82928
2192 | 0.822338
2208 | 0.807817
2224 | 0.785539
2240 | 0.755244
2256 | 0.717343
2272 | 0.67285
2288 | 0.62335
2304 | 0.573126
2320 | 0.529097
2336 | 0.472045
2352 | 0.401094
2368 | 0.320302
2384 | 0.238136
2400 | 0.155942
2416 | 0.0815154
2432 | 0.0261283
2448 | 0.00251832
2464 | 0
2480 | 0
2496 | 0
2512 | 0
2528 | 0
2544 | 0
2560 | 0
2576 | 0
2592 | 0
2608 | 0
2624 | 0
2640 | 0
2656 | 0
2672 | 0
2688 | 0
2704 | 0
2720 | 0
2736 | 0
2752 | 0
2768 | 0
2784 | 0
2800 | 0
2816 | 0
2832 | 0
2848 | 0
2864 | 0
2880 | 0
2896 | 0
2912 | 0
2928 | 0
2944 | 0
2960 | 0
2976 | 0
2992 | 0
3008 | 0
3024 | 0
3040 | 0
3056 | 0
3072 | 0
3088 | 0
3104 | 0
3120 | 0
3136 | 0
3152 | 0
3168 | 0
3184 | 0
3200 | 0
3216 | 0
3232 | 0
3248 | 0
3264 | 0
3280 | 0
3296 | 0
3312 | 0
3328 | 0
3344 | 0
3360 | 0
3376 | 0
3392 | 0
3408 | 0
3424 | 0
3440 | 0
3456 | 0
3472 | 0
3488 | 0
3504 | 0
3520 | 0
3536 | 0
3552 | 0
Valeur de l'integrale : 468.893
