304 | 0.527653
320 | 0.563729
336 | 0.604793
352 | 0.645857
368 | 0.686922
384 | 0.721624
400 | 0.751699
416 | 0.774255
432 | 0.791715
448 | 0.809066
464 | 0.829706
480 | 0.848214
496 | 0.86036
512 | 0.872506
528 | 0.873012
544 | 0.866035
560 | 0.861553
576 | 0.853745
592 | 0.838454
608 | 0.810693
624 | 0.782931
640 | 0.755169
656 | 0.727407
672 | 0.699646
688 | 0.669101
704 | 0.636186
720 | 0.596361
736 | 0.557903
752 | 0.513957
768 | 0.460353
784 | 0.405311
800 | 0.354152
816 | 0.300556
832 | 0.25884
848 | 0.223668
864 | 0.192437
880 | 0.160894
896 | 0.131158
912 | 0.104183
928 | 0.0797163
944 | 0.0574238
960 | 0.0370416
976 | 0.0187171
992 | 0.0574396
1008 | 0.0988443
1024 | 0.144087
1040 | 0.18572
1056 | 0.218575
1072 | 0.250829
1088 | 0.277655
1104 | 0.300252
1120 | 0.315931
1136 | 0.320453
1152 | 0.327936
1168 | 0.342741
1184 | 0.359317
1200 | 0.381961
1216 | 0.412963
1232 | 0.483151
1248 | 0.551857
1264 | 0.626505
1280 | 0.667064
1296 | 0.684423
1312 | 0.701151
1328 | 0.715484
1344 | 0.725834
1360 | 0.734797
1376 | 0.732578
1392 | 0.722631
1408 | 0.704727
1424 | 0.695315
1440 | 0.701571
1456 | 0.708952
1472 | 0.712649
1488 | 0.717554
1504 | 0.722777
1520 | 0.717077
1536 | 0.662691
1552 | 0.605024
1568 | 0.535529
1584 | 0.495426
1600 | 0.438324
1616 | 0.372349
1632 | 0.313938
1648 | 0.263764
1664 | 0.233501
1680 | 0.23777
1696 | 0.267171
1712 | 0.305849
1728 | 0.346913
1744 | 0.387146
1760 | 0.414907
1776 | 0.442669
1792 | 0.470431
1808 | 0.489047
1824 | 0.503506
1840 | 0.517966
1856 | 0.532425
1872 | 0.543992
1888 | 0.551185
1904 | 0.564628
1920 | 0.592245
1936 | 0.618461
1952 | 0.648428
1968 | 0.678815
1984 | 0.703466
2000 | 0.7254
2016 | 0.742148
2032 | 0.751432
2048 | 0.765081
2064 | 0.788649
2080 | 0.810447
2096 | 0.887172
2112 | 0.955439
2128 | 1.01087
2144 | 1.05555
2160 | 1.09459
2176 | 1.12783
2192 | 1.15821
2208 | 1.18302
2224 | 1.20626
2240 | 1.22544
2256 | 1.23561
2272 | 1.23813
2288 | 1.23625
2304 | 1.22678
2320 | 1.2146
2336 | 1.20733
2352 | 1.20998
2368 | 1.21876
2384 | 1.23628
2400 | 1.16123
2416 | 1.07425
2432 | 0.992334
2448 | 0.919154
2464 | 0.854577
2480 | 0.805632
2496 | 0.766556
2512 | 0.739951
2528 | 0.716671
2544 | 0.703369
2560 | 0.700875
2576 | 0.697549
2592 | 0.696718
2608 | 0.692621
2624 | 0.67102
2640 | 0.629329
2656 | 0.579734
2672 | 0.525753
2688 | 0.465578
2704 | 0.411897
2720 | 0.503381
2736 | 0.468113
2752 | 0.488399
2768 | 0.505847
2784 | 0.522046
2800 | 0.537597
2816 | 0.553659
2832 | 0.573253
2848 | 0.589691
2864 | 0.599409
2880 | 0.602916
2896 | 0.601784
2912 | 0.606832
2928 | 0.624902
2944 | 0.651967
2960 | 0.681461
2976 | 0.709519
2992 | 0.733667
3008 | 0.746822
3024 | 0.612745
3040 | 0.600294
3056 | 0.533015
3072 | 0.464955
3088 | 0.399211
3104 | 0.33553
3120 | 0.274592
3136 | 0.214602
3152 | 0.163997
3168 | 0.122733
3184 | 0.0945013
3200 | 0.0765122
3216 | 0.0625387
3232 | 0.0458907
3248 | 0.0307298
3264 | 0.0168652
3280 | 0.00639428
3296 | 0.000361443
3312 | 0
3328 | 0
3344 | 0
3360 | 0
3376 | 0
3392 | 0
3408 | 0
3424 | 0
3440 | 0
3456 | 0
3472 | 0
3488 | 0
3504 | 0
3520 | 0
3536 | 0
3552 | 0
Valeur de l'integrale : 1780.51
