0.527653
0.563729
0.604793
0.645857
0.686922
0.721624
0.751699
0.774255
0.791715
0.809066
0.829706
0.848214
0.86036
0.872506
0.873012
0.866035
0.861553
0.853745
0.838454
0.810693
0.782931
0.755169
0.727407
0.699646
0.669101
0.636186
0.596361
0.557903
0.513957
0.460353
0.405311
0.354152
0.300556
0.25884
0.223668
0.192437
0.160894
0.131158
0.104183
0.0797163
0.0574238
0.0370416
0.0187171
0.0574396
0.0988443
0.144087
0.18572
0.218575
0.250829
0.277655
0.300252
0.315931
0.320116
0.319335
0.32053
0.318958
0.31878
0.321552
0.359501
0.396065
0.429138
0.425285
0.382793
0.339616
0.299026
0.259604
0.22749
0.196305
0.170615
0.147983
0.132095
0.124781
0.121627
0.119817
0.124335
0.134893
0.147347
0.111955
0.0789454
0.0448506
0.0563149
0.070238
0.0859617
0.110305
0.142092
0.179472
0.223607
0.264785
0.305849
0.346913
0.387146
0.414907
0.442669
0.470431
0.489047
0.503506
0.517966
0.532425
0.543992
0.549197
0.539326
0.513862
0.469156
0.420875
0.373014
0.320037
0.272535
0.232295
0.198723
0.164478
0.139595
0.116962
0.155463
0.193289
0.226234
0.25619
0.28819
0.320184
0.351596
0.383313
0.421107
0.462591
0.502946
0.543045
0.585268
0.624695
0.661862
0.697546
0.755968
0.833889
0.929753
0.933894
0.925779
0.914917
0.894385
0.852191
0.805632
0.766556
0.739951
0.716671
0.703369
0.700875
0.697549
0.696718
0.692621
0.67102
0.629329
0.579734
0.525753
0.465578
0.411897
0.503381
0.468113
0.488399
0.505847
0.522046
0.537597
0.553659
0.573253
0.589691
0.599409
0.602916
0.601784
0.606832
0.624902
0.651967
0.681461
0.709519
0.733667
0.746822
0.612745
0.600294
0.533015
0.464955
0.399211
0.33553
0.274592
0.214602
0.163997
0.122733
0.0945013
0.0765122
0.0625387
0.0458907
0.0307298
0.0168652
0.00639428
0.000361443
0
0
0
0
0
0
0
0
0
0
0
0
0
0
0
0