304 | 0
320 | 0
336 | 0
352 | 0
368 | 0
384 | 0
400 | 0
416 | 0
432 | 0
448 | 0
464 | 0
480 | 0
496 | 0
512 | 0
528 | 0
544 | 0
560 | 0
576 | 0
592 | 0
608 | 0
624 | 0
640 | 0
656 | 0
672 | 0
688 | 0
704 | 0
720 | 0
736 | 0
752 | 0
768 | 0
784 | 0
800 | 0
816 | 0
832 | 0
848 | 0
864 | 0
880 | 0
896 | 0
912 | 0
928 | 0
944 | 0
960 | 0
976 | 0
992 | 0
1008 | 0
1024 | 0
1040 | 0
1056 | 0
1072 | 0
1088 | 0
1104 | 0
1120 | 0
1136 | 0.0003373
1152 | 0.0086005
1168 | 0.0222114
1184 | 0.0403594
1200 | 0.0631813
1216 | 0.0914114
1232 | 0.12365
1248 | 0.155792
1264 | 0.197367
1280 | 0.241779
1296 | 0.30163
1312 | 0.361535
1328 | 0.416458
1344 | 0.466229
1360 | 0.507307
1376 | 0.536273
1392 | 0.552016
1408 | 0.556744
1424 | 0.56322
1440 | 0.57679
1456 | 0.587325
1472 | 0.592832
1488 | 0.593219
1504 | 0.587884
1520 | 0.56973
1536 | 0.550736
1552 | 0.526079
1568 | 0.490679
1584 | 0.439111
1600 | 0.368086
1616 | 0.286387
1632 | 0.203633
1648 | 0.121672
1664 | 0.0540292
1680 | 0.0141629
1696 | 0.00238577
1712 | 0
1728 | 0
1744 | 0
1760 | 0
1776 | 0
1792 | 0
1808 | 0
1824 | 0
1840 | 0
1856 | 0
1872 | 0
1888 | 0.00198814
1904 | 0.0253015
1920 | 0.0783828
1936 | 0.149305
1952 | 0.227553
1968 | 0.305801
1984 | 0.383429
2000 | 0.452865
2016 | 0.509853
2032 | 0.552709
2048 | 0.600603
2064 | 0.649054
2080 | 0.693485
2096 | 0.731709
2112 | 0.76215
2128 | 0.784639
2144 | 0.799358
2160 | 0.806403
2176 | 0.807642
2192 | 0.806609
2208 | 0.799705
2224 | 0.785149
2240 | 0.762853
2256 | 0.732665
2272 | 0.695086
2288 | 0.650982
2304 | 0.602081
2320 | 0.552741
2336 | 0.509788
2352 | 0.454016
2368 | 0.38487
2384 | 0.306532
2400 | 0.227339
2416 | 0.148476
2432 | 0.0774171
2448 | 0.0247686
2464 | 0.00238577
2480 | 0
2496 | 0
2512 | 0
2528 | 0
2544 | 0
2560 | 0
2576 | 0
2592 | 0
2608 | 0
2624 | 0
2640 | 0
2656 | 0
2672 | 0
2688 | 0
2704 | 0
2720 | 0
2736 | 0
2752 | 0
2768 | 0
2784 | 0
2800 | 0
2816 | 0
2832 | 0
2848 | 0
2864 | 0
2880 | 0
2896 | 0
2912 | 0
2928 | 0
2944 | 0
2960 | 0
2976 | 0
2992 | 0
3008 | 0
3024 | 0
3040 | 0
3056 | 0
3072 | 0
3088 | 0
3104 | 0
3120 | 0
3136 | 0
3152 | 0
3168 | 0
3184 | 0
3200 | 0
3216 | 0
3232 | 0
3248 | 0
3264 | 0
3280 | 0
3296 | 0
3312 | 0
3328 | 0
3344 | 0
3360 | 0
3376 | 0
3392 | 0
3408 | 0
3424 | 0
3440 | 0
3456 | 0
3472 | 0
3488 | 0
3504 | 0
3520 | 0
3536 | 0
3552 | 0
Valeur de l'integrale : 473.865
