0.300137
0.252747
0.252747
0.252747
0.252747
0.252747
0.28022
0.368132
0.5
0.615385
0.71978
0.78022
0.78022
0.78022
0.68544
0.622253
0.724931
0.914492
1.03297
1.03297
1.03297
1.03297
0.972528
0.868132
0.752747
0.660371
0.698832
0.86092
0.987294
1.01099
1.01099
0.900412
0.71875
0.57658
0.505495
0.505495
0.505495
0.505495
0.505495
0.505495
0.505495
0.418613
0.267168
0.0960797
0
0
0
0
0
0
0
0
0
0
0
0
0
0
0
0
0.403483
0.698906
0.71
0.702812
0.649167
0.627658
0.649944
0.669504
0.567582
0.306922
0.155234
0.105072
0.0467188
0
0
0.353846
0.661564
0.614622
0.305327
0
0
0
0
0
0
0
0
0
0
0
0
0
0.0868819
0.213255
0.252747
0.252747
0.252747
0.252747
0.252747
0.252747
0.335165
0.467033
0.56044
0.686813
0.774725
0.78022
0.78022
0.772321
0.645948
0.527473
0.527473
0.527473
0.527473
0.527473
0.527473
0.5
0.412088
0.244648
0.108285
0.0326047
0
0
0
0
0
0
0
0
0
0.419968
0.910033
0.940168
0.998877
1.21887
1.53238
1.57177
1.38221
1.23214
1.10577
0.90831
0.742445
0.592376
0.402816
0.300137
0.402816
0.592376
0.750343
0.916209
0.971497
0.845124
0.758242
0.758242
0.758242
0.758242
0.758242
0.758242
0.758242
0.758242
0.758242
0.687157
0.552885
0.363239
0.147824
0.0340237
0
0
0
0
1.09402
1.36014
0.570815
0.942446
0.92446
0.921692
0.938588
1.01764
1.11485
1.07495
0.851648
0.582418
0.406593
0.351648
0.351648
0.351648
0.318681
0.229587
0.0866242
0.00445186
0
0
0
0
0
0
0
0
0
0
0
0
0
0
0
0
0
0
0
0
0
0
0
0
0
0
0
0
0
0
0
0
0