320 | 0
336 | 0
352 | 0
368 | 0
384 | 0
400 | 0
416 | 0
432 | 0
448 | 0
464 | 0
480 | 0
496 | 0
512 | 0
528 | 0
544 | 0
560 | 0
576 | 0
592 | 0
608 | 0
624 | 0
640 | 0
656 | 0
672 | 0
688 | 0
704 | 0
720 | 0
736 | 0
752 | 0
768 | 0
784 | 0
800 | 0
816 | 0
832 | 0
848 | 0
864 | 0
880 | 0
896 | 0
912 | 0
928 | 0
944 | 0
960 | 0
976 | 0
992 | 0
1008 | 0
1024 | 0
1040 | 0
1056 | 0
1072 | 0
1088 | 0
1104 | 0
1120 | 0
1136 | 0.000326815
1152 | 0.00831667
1168 | 0.0212626
1184 | 0.0383427
1200 | 0.0597791
1216 | 0.0864026
1232 | 0.116874
1248 | 0.147189
1264 | 0.186518
1280 | 0.232299
1296 | 0.285226
1312 | 0.342001
1328 | 0.393959
1344 | 0.441013
1360 | 0.47996
1376 | 0.509188
1392 | 0.528029
1408 | 0.538628
1424 | 0.541942
1440 | 0.548077
1456 | 0.560909
1472 | 0.570619
1488 | 0.575375
1504 | 0.575112
1520 | 0.569259
1536 | 0.55117
1552 | 0.532068
1568 | 0.507693
1584 | 0.472781
1600 | 0.422557
1616 | 0.353401
1632 | 0.274254
1648 | 0.194542
1664 | 0.115945
1680 | 0.0513805
1696 | 0.0134551
1712 | 0.00226648
1728 | 0
1744 | 0
1760 | 0
1776 | 0
1792 | 0
1808 | 0
1824 | 0
1840 | 0
1856 | 0
1872 | 0
1888 | 0.00188874
1904 | 0.0240518
1920 | 0.0746401
1936 | 0.142504
1952 | 0.217715
1968 | 0.293242
1984 | 0.368574
2000 | 0.43626
2016 | 0.491941
2032 | 0.533766
2048 | 0.580844
2064 | 0.628681
2080 | 0.672672
2096 | 0.710514
2112 | 0.740798
2128 | 0.763253
2144 | 0.777964
2160 | 0.784944
2176 | 0.78615
2192 | 0.78615
2208 | 0.785145
2224 | 0.778285
2240 | 0.763718
2256 | 0.74144
2272 | 0.711398
2288 | 0.674169
2304 | 0.630491
2320 | 0.582215
2336 | 0.533756
2352 | 0.491839
2368 | 0.437314
2384 | 0.369907
2400 | 0.293896
2416 | 0.217479
2432 | 0.141692
2448 | 0.0737112
2464 | 0.0235434
2480 | 0.00226648
2496 | 0
2512 | 0
2528 | 0
2544 | 0
2560 | 0
2576 | 0
2592 | 0
2608 | 0
2624 | 0
2640 | 0
2656 | 0
2672 | 0
2688 | 0
2704 | 0
2720 | 0
2736 | 0
2752 | 0
2768 | 0
2784 | 0
2800 | 0
2816 | 0
2832 | 0
2848 | 0
2864 | 0
2880 | 0
2896 | 0
2912 | 0
2928 | 0
2944 | 0
2960 | 0
2976 | 0
2992 | 0
3008 | 0
3024 | 0
3040 | 0
3056 | 0
3072 | 0
3088 | 0
3104 | 0
3120 | 0
3136 | 0
3152 | 0
3168 | 0
3184 | 0
3200 | 0
3216 | 0
3232 | 0
3248 | 0
3264 | 0
3280 | 0
3296 | 0
3312 | 0
3328 | 0
3344 | 0
3360 | 0
3376 | 0
3392 | 0
3408 | 0
3424 | 0
3440 | 0
3456 | 0
3472 | 0
3488 | 0
3504 | 0
3520 | 0
3536 | 0
3552 | 0
Valeur de l'integrale : 478.671
