0.552919
0.587191
0.626202
0.665213
0.69818
0.726751
0.74818
0.767514
0.790041
0.816793
0.838771
0.856353
0.867891
0.868372
0.861745
0.848008
0.84375
0.836332
0.821806
0.795433
0.769059
0.742685
0.716312
0.68125
0.645581
0.60058
0.561917
0.525882
0.484709
0.434377
0.385657
0.334346
0.283886
0.243406
0.206553
0.175755
0.146522
0.119882
0.0956267
0.0734499
0.053114
0.0351096
0.0663184
0.102132
0.139207
0.179377
0.211305
0.242675
0.268751
0.291985
0.305927
0.310166
0.308796
0.306839
0.30302
0.301614
0.303933
0.339801
0.374193
0.40555
0.40861
0.399381
0.359629
0.321228
0.283186
0.247686
0.219493
0.19116
0.166107
0.144049
0.128543
0.121346
0.118168
0.116288
0.125844
0.138627
0.150781
0.116727
0.0850196
0.0524338
0.0637202
0.0775196
0.100012
0.128438
0.163849
0.208384
0.251424
0.290556
0.329567
0.367788
0.394162
0.420536
0.446909
0.473283
0.490968
0.504705
0.518441
0.52943
0.534375
0.525171
0.501394
0.466806
0.425008
0.382517
0.33744
0.29115
0.251544
0.218652
0.184215
0.15177
0.129282
0.166239
0.202651
0.234444
0.263451
0.294557
0.324238
0.351597
0.375868
0.405203
0.437208
0.47222
0.508064
0.541915
0.576293
0.613987
0.656492
0.696902
0.758376
0.840774
0.929845
0.926276
0.918123
0.907417
0.887651
0.847493
0.803262
0.76614
0.740865
0.71875
0.706113
0.696635
0.687157
0.67304
0.652796
0.623384
0.584395
0.539266
0.489917
0.434573
0.514493
0.480744
0.499883
0.516352
0.531666
0.546396
0.561667
0.580412
0.596204
0.605547
0.603424
0.597452
0.592117
0.596953
0.614197
0.639976
0.665322
0.686981
0.698532
0.704657
0.574366
0.559378
0.493388
0.43083
0.37063
0.313675
0.258603
0.203587
0.156733
0.118127
0.091576
0.07391
0.0573758
0.0422653
0.0284024
0.0156385
0.00594692
0.000337546
0
0
0
0
0
0
0
0
0
0
0
0
0
0
0