0.276442
0.252747
0.252747
0.252747
0.266484
0.31044
0.39011
0.491758
0.60989
0.697802
0.75
0.78022
0.73283
0.701236
0.705185
0.768372
0.878949
0.973729
1.03297
1.03297
1.00275
0.950549
0.862637
0.764251
0.72579
0.760646
0.843063
0.935955
0.999141
0.955701
0.86487
0.738496
0.612122
0.541037
0.505495
0.505495
0.505495
0.505495
0.505495
0.462054
0.386025
0.251992
0.124602
0.0457746
0
0
0
0
0
0
0
0
0
0
0
0
0
0
0.185895
0.377787
0.568958
0.700859
0.679674
0.666239
0.649522
0.644848
0.615385
0.476845
0.318784
0.191942
0.0986558
0.0523219
0.0242695
0.169955
0.331479
0.484619
0.483356
0.29768
0.138501
0
0
0
0
0
0
0
0
0
0
0
0.0434409
0.106628
0.169815
0.233001
0.252747
0.252747
0.252747
0.252747
0.293956
0.35989
0.447802
0.576923
0.667582
0.733516
0.777472
0.776271
0.713084
0.649897
0.58671
0.527473
0.527473
0.527473
0.527473
0.513736
0.46978
0.36493
0.231207
0.112598
0.044697
0.0149178
0
0
0
0
0
0
0
0.209613
0.42816
0.665422
0.950559
1.05431
1.19979
1.3632
1.46115
1.40196
1.24399
1.07023
0.924107
0.750343
0.57263
0.446257
0.402816
0.446257
0.57658
0.754293
0.86092
0.880666
0.86487
0.801683
0.758242
0.758242
0.758242
0.758242
0.758242
0.758242
0.758242
0.722699
0.655563
0.523438
0.334017
0.17335
0.0649051
0.0162353
0
0
0.495325
0.543467
0.830724
1.10934
0.763209
0.932074
0.931457
0.967292
1.01561
1.04193
0.993174
0.83078
0.629121
0.467033
0.379121
0.351648
0.335165
0.290461
0.198282
0.105505
0.037538
0.00194837
0
0
0
0
0
0
0
0
0
0
0
0
0
0
0
0
0
0
0
0
0
0
0
0
0
0
0
0
0
0
0