0.271703
0.252747
0.252747
0.263736
0.298901
0.362637
0.443956
0.549451
0.643956
0.714286
0.756044
0.742308
0.717033
0.720192
0.770742
0.821291
0.909753
0.985577
1.03297
1.00879
0.967033
0.896703
0.817994
0.763049
0.773352
0.810714
0.876648
0.950962
0.95728
0.894093
0.792994
0.691896
0.590797
0.533929
0.505495
0.505495
0.505495
0.505495
0.470742
0.40987
0.301337
0.196327
0.0978968
0.0362688
0
0
0
0
0
0
0
0
0
0
0
0
0
0.146343
0.297407
0.448471
0.595882
0.681306
0.675177
0.662507
0.656887
0.612001
0.520325
0.383769
0.263044
0.149122
0.0782553
0.0431213
0.154173
0.261069
0.381679
0.393404
0.371447
0.230449
0.111295
0
0
0
0
0
0
0
0
0
0
0.0347527
0.0853022
0.135852
0.186401
0.236951
0.252747
0.252747
0.252747
0.285714
0.338462
0.408791
0.512088
0.617582
0.69011
0.742857
0.774863
0.726511
0.675962
0.625412
0.574863
0.527473
0.527473
0.527473
0.516484
0.481319
0.395915
0.281059
0.164362
0.0824533
0.0340876
0.0114419
0
0
0
0
0
0
0.177132
0.345658
0.520375
0.72782
1.01506
1.12735
1.24349
1.34632
1.41119
1.32376
1.15632
0.992033
0.840385
0.660302
0.518132
0.458104
0.458104
0.521291
0.663462
0.789835
0.840385
0.856181
0.843544
0.792994
0.758242
0.758242
0.758242
0.758242
0.758242
0.758242
0.729808
0.676099
0.569989
0.413297
0.249293
0.131755
0.050499
0.0128683
0
0.389061
0.417982
0.638912
0.853198
1.06582
0.79723
0.936571
0.959132
0.994486
1.01314
0.983537
0.893359
0.735607
0.573626
0.443956
0.373626
0.338462
0.302673
0.228023
0.150432
0.0790623
0.0280905
0.00146722
0
0
0
0
0
0
0
0
0
0
0
0
0
0
0
0
0
0
0
0
0
0
0
0
0
0
0
0
0
0