0.268544
0.252747
0.261905
0.291209
0.344322
0.412088
0.5
0.587912
0.666667
0.725275
0.72848
0.727564
0.730197
0.772321
0.814446
0.856571
0.930288
0.993475
1.01282
0.978022
0.919414
0.853823
0.808036
0.796474
0.812958
0.844093
0.899038
0.924107
0.905678
0.829327
0.745078
0.660829
0.57658
0.52919
0.505495
0.505495
0.505495
0.476534
0.42578
0.334602
0.24532
0.160737
0.0806186
0.0300321
0
0
0
0
0
0
0
0
0
0
0
0
0.120669
0.24523
0.369792
0.491831
0.59697
0.67732
0.670901
0.667066
0.629192
0.537468
0.436103
0.323338
0.210882
0.121922
0.0665567
0.147886
0.2317
0.31481
0.322744
0.315934
0.301616
0.191707
0.093371
0
0
0
0
0
0
0
0
0
0.0289606
0.0710852
0.11321
0.155334
0.197459
0.239583
0.252747
0.252747
0.28022
0.324176
0.382784
0.468865
0.556777
0.644689
0.705128
0.746451
0.733631
0.693338
0.651213
0.609089
0.566964
0.527473
0.527473
0.518315
0.489011
0.416978
0.31655
0.210017
0.125179
0.064773
0.026983
0.00927976
0
0
0
0
0
0.147826
0.300888
0.434911
0.58965
0.801887
1.07625
1.16858
1.24606
1.32516
1.34681
1.23741
1.07681
0.910943
0.750343
0.600275
0.516026
0.494963
0.518658
0.602908
0.708219
0.78457
0.826694
0.839858
0.829327
0.787202
0.758242
0.758242
0.758242
0.758242
0.758242
0.734547
0.689789
0.601136
0.467611
0.323813
0.197609
0.106222
0.0413264
0.010658
0.322054
0.339689
0.519062
0.693151
0.865891
1.03898
0.824242
0.958737
0.982376
0.995189
0.970834
0.906758
0.80773
0.671978
0.53663
0.428571
0.358974
0.310822
0.248104
0.181491
0.118133
0.061765
0.021978
0.00117664
0
0
0
0
0
0
0
0
0
0
0
0
0
0
0
0
0
0
0
0
0
0
0
0
0
0
0
0
0