0
0
0
0
0
0
0
0
0
0
0.019695
0.0330257
0.0451697
0.0585139
0.0724142
0.0865247
0.10268
0.10975
0.123765
0.116814
0.0960023
0.0733493
0.0517537
0.0325866
0.0163784
0.00238889
0
0
0
0
0
0
0
0
0
0
0
0
0
0
0
0.120297
0.243331
0.361483
0.48483
0.568227
0.60429
0.633821
0.541819
0.420141
0.298417
0.191906
0.109221
0.0668769
0.0336527
0
0
0
0
0.0292345
0.0615757
0.0962131
0.132064
0.171981
0.21468
0.252607
0.231551
0.21103
0.17337
0.137725
0.0996145
0.0651527
0.0360767
0.0183908
0
0
0
0
0
0
0
0
0
0
0
0
0
0
0
0
0
0
0
0
0
0
0
0
0
0
0
0
0
0
0
0
0
0
0
0
0
0
0
0.073657
0.167544
0.284117
0.407651
0.536617
0.65452
0.770806
0.744702
0.672488
0.622841
0.586735
0.477665
0.348239
0.257353
0.181792
0.118012
0.0492319
0
0
0
0
0
0
0
0
0
0
0
0
0
0
0
0
0
0
0
0
0
0
0
0
0
0
0