128 | 0
144 | 0
160 | 0
176 | 0.00472184
192 | 0.0354337
208 | 0.116292
224 | 0.227054
240 | 0.348532
256 | 0.47645
272 | 0.611045
288 | 0.726127
304 | 0.80547
320 | 0.851078
336 | 0.869617
352 | 0.882657
368 | 0.8876
384 | 0.872053
400 | 0.832265
416 | 0.778111
432 | 0.757778
448 | 0.775818
464 | 0.815019
480 | 0.840777
496 | 0.855847
512 | 0.868115
528 | 0.896853
544 | 0.927563
560 | 0.943866
576 | 0.948572
592 | 0.943197
608 | 0.925924
624 | 0.896298
640 | 0.864348
656 | 0.831798
672 | 0.81064
688 | 0.812073
704 | 0.813592
720 | 0.80627
736 | 0.79604
752 | 0.778176
768 | 0.752212
784 | 0.705242
800 | 0.640399
816 | 0.566365
832 | 0.504727
848 | 0.482826
864 | 0.493761
880 | 0.533009
896 | 0.584966
912 | 0.653597
928 | 0.720117
944 | 0.782613
960 | 0.838396
976 | 0.880209
992 | 0.906827
1008 | 0.920988
1024 | 0.93151
1040 | 0.947208
1056 | 0.955909
1072 | 0.939113
1088 | 0.911311
1104 | 0.878414
1120 | 0.827471
1136 | 0.75814
1152 | 0.673879
1168 | 0.570567
1184 | 0.499437
1200 | 0.462551
1216 | 0.440445
1232 | 0.433933
1248 | 0.441404
1264 | 0.464465
1280 | 0.52081
1296 | 0.6155
1312 | 0.701147
1328 | 0.772575
1344 | 0.831052
1360 | 0.868473
1376 | 0.894893
1392 | 0.917615
1408 | 0.93045
1424 | 0.930061
1440 | 0.926879
1456 | 0.922484
1472 | 0.918337
1488 | 0.922356
1504 | 0.936595
1520 | 0.952022
1536 | 0.956482
1552 | 0.958468
1568 | 0.956788
1584 | 0.945762
1600 | 0.939288
1616 | 0.94072
1632 | 0.942638
1648 | 0.944425
1664 | 0.946105
1680 | 0.941128
1696 | 0.928073
1712 | 0.92463
1728 | 0.922145
1744 | 0.902623
1760 | 0.863375
1776 | 0.835434
1792 | 0.824209
1808 | 0.833477
1824 | 0.856836
1840 | 0.875059
1856 | 0.887098
1872 | 0.9042
1888 | 0.927968
1904 | 0.944971
1920 | 0.942687
1936 | 0.924962
1952 | 0.888978
1968 | 0.830255
1984 | 0.740615
2000 | 0.626377
2016 | 0.519566
2032 | 0.40605
2048 | 0.322201
2064 | 0.29885
2080 | 0.319454
2096 | 0.383488
2112 | 0.518102
2128 | 0.649341
2144 | 0.76131
2160 | 0.842574
2176 | 0.897982
2192 | 0.932062
2208 | 0.948459
2224 | 0.950779
2240 | 0.949407
2256 | 0.947101
2272 | 0.944589
2288 | 0.941841
2304 | 0.939503
2320 | 0.935403
2336 | 0.914381
2352 | 0.87703
2368 | 0.819458
2384 | 0.741268
2400 | 0.64236
2416 | 0.522942
2432 | 0.404067
2448 | 0.294521
2464 | 0.207384
2480 | 0.131282
2496 | 0.0703241
2512 | 0.028268
2528 | 0.00502819
2544 | 0
2560 | 0
2576 | 0
2592 | 0
2608 | 0
Valeur de l'integrale : 1757.1
