0
0
0
0
0
0
0
0
0
0.0179116
0.0303436
0.0415995
0.0529323
0.064723
0.0770819
0.0908367
0.107311
0.11516
0.112752
0.0985565
0.0788645
0.0595853
0.0426265
0.0277502
0.0141074
0.00208379
0
0
0
0
0
0
0
0
0
0
0
0
0
0
0.106923
0.214028
0.308802
0.408773
0.499575
0.533533
0.553946
0.583549
0.480002
0.357513
0.255641
0.164141
0.0920121
0.0568377
0.0287837
0
0
0
0.0259169
0.0534371
0.0830988
0.113649
0.147175
0.182684
0.213972
0.233503
0.217976
0.184394
0.151489
0.119161
0.0886451
0.0580634
0.0317105
0.0158361
0
0
0
0
0
0
0
0
0
0
0
0
0
0
0
0
0
0
0
0
0
0
0
0
0
0
0
0
0
0
0
0
0
0
0
0
0
0
0.0621513
0.13922
0.233029
0.327849
0.441688
0.546667
0.637806
0.739138
0.714801
0.67136
0.612122
0.512689
0.380462
0.283219
0.212963
0.152692
0.100807
0.0430878
0
0
0
0
0
0
0
0
0
0
0
0
0
0
0
0
0
0
0
0
0
0
0
0
0
0