144 | 0
160 | 0
176 | 0.00419719
192 | 0.0315158
208 | 0.103856
224 | 0.203955
240 | 0.314871
256 | 0.432919
272 | 0.576732
288 | 0.699649
304 | 0.79011
320 | 0.856777
336 | 0.899206
352 | 0.934786
368 | 0.963004
384 | 0.974008
400 | 0.962763
416 | 0.916582
432 | 0.878658
448 | 0.864713
464 | 0.87257
480 | 0.889175
496 | 0.893622
512 | 0.884798
528 | 0.889592
544 | 0.905747
560 | 0.930318
576 | 0.944125
592 | 0.94571
608 | 0.931799
624 | 0.904717
640 | 0.868316
656 | 0.847652
672 | 0.83265
688 | 0.830474
704 | 0.827313
720 | 0.813692
736 | 0.796607
752 | 0.771141
768 | 0.835771
784 | 0.898381
800 | 0.937215
816 | 0.971578
832 | 0.99182
848 | 0.994785
864 | 1.01341
880 | 1.05641
896 | 1.09156
912 | 1.03388
928 | 0.987816
944 | 0.967869
960 | 0.949211
976 | 0.935627
992 | 0.941185
1008 | 0.939799
1024 | 0.92684
1040 | 0.935871
1056 | 0.967085
1072 | 0.984556
1088 | 0.990762
1104 | 0.98921
1120 | 0.973903
1136 | 0.944446
1152 | 0.898583
1168 | 0.826231
1184 | 0.766244
1200 | 0.685168
1216 | 0.631983
1232 | 0.596791
1248 | 0.558331
1264 | 0.538732
1280 | 0.552979
1296 | 0.60031
1312 | 0.675789
1328 | 0.736072
1344 | 0.797594
1360 | 0.841579
1376 | 0.867658
1392 | 0.889935
1408 | 0.917367
1424 | 0.93177
1440 | 0.932135
1456 | 0.929369
1472 | 0.926178
1488 | 0.923554
1504 | 0.927321
1520 | 0.93971
1536 | 0.953138
1552 | 0.957149
1568 | 0.956339
1584 | 0.946442
1600 | 0.941099
1616 | 0.942911
1632 | 0.9447
1648 | 0.946242
1664 | 0.947692
1680 | 0.943304
1696 | 0.928171
1712 | 0.918631
1728 | 0.920688
1744 | 0.910504
1760 | 0.87749
1776 | 0.854072
1792 | 0.844892
1808 | 0.844213
1824 | 0.852058
1840 | 0.87098
1856 | 0.886359
1872 | 0.893666
1888 | 0.900357
1904 | 0.928322
1920 | 0.99441
1936 | 1.04947
1952 | 1.0977
1968 | 1.12618
1984 | 1.14333
2000 | 1.1376
2016 | 1.11294
2032 | 1.11213
2048 | 1.1174
2064 | 1.05716
2080 | 1.00328
2096 | 0.927668
2112 | 0.90611
2128 | 0.908455
2144 | 0.936414
2160 | 0.971734
2176 | 0.989945
2192 | 0.993216
2208 | 0.971774
2224 | 0.946806
2240 | 0.949552
2256 | 0.948429
2272 | 0.94632
2288 | 0.944031
2304 | 0.94188
2320 | 0.937527
2336 | 0.917106
2352 | 0.882047
2368 | 0.832943
2384 | 0.764963
2400 | 0.678292
2416 | 0.573761
2432 | 0.47058
2448 | 0.356673
2464 | 0.260571
2480 | 0.18386
2496 | 0.116491
2512 | 0.0627155
2528 | 0.0254751
2544 | 0.00452613
2560 | 0
2576 | 0
2592 | 0
2608 | 0
Valeur de l'integrale : 1989.59
