0
0
0
0
0
0
0
0
0.0164243
0.0280644
0.0386716
0.0491849
0.0591684
0.0697044
0.0817937
0.0958569
0.112098
0.106808
0.0977112
0.0830276
0.0656938
0.0501708
0.0368597
0.0241713
0.0124127
0.00184134
0
0
0
0
0
0
0
0
0
0
0
0
0
0.096243
0.192803
0.275252
0.355633
0.429857
0.47651
0.49712
0.51893
0.524348
0.416155
0.311134
0.22238
0.140762
0.0794881
0.0494191
0.0251455
0
0
0.0233747
0.0479198
0.0731307
0.0997405
0.128623
0.158988
0.185587
0.20208
0.221213
0.193344
0.163567
0.133356
0.107399
0.080026
0.0518335
0.0278387
0.0137201
0
0
0
0
0
0
0
0
0
0
0
0
0
0
0
0
0
0
0
0
0
0
0
0
0
0
0
0
0
0
0
0
0
0
0
0
0
0.0549751
0.11877
0.19621
0.273146
0.362106
0.458518
0.542737
0.624463
0.714223
0.709096
0.656441
0.543445
0.419002
0.316131
0.238658
0.181675
0.132156
0.0891609
0.0392059
0
0
0
0
0
0
0
0
0
0
0
0
0
0
0
0
0
0
0
0
0
0
0
0
0