144 | 0
160 | 0
176 | 0.00419719
192 | 0.0315158
208 | 0.103856
224 | 0.203955
240 | 0.314871
256 | 0.432919
272 | 0.560308
288 | 0.671585
304 | 0.751438
320 | 0.807592
336 | 0.840038
352 | 0.865081
368 | 0.881211
384 | 0.878151
400 | 0.850665
416 | 0.809774
432 | 0.780946
448 | 0.781686
464 | 0.806876
480 | 0.839004
496 | 0.856762
512 | 0.860627
528 | 0.877179
544 | 0.903905
560 | 0.930318
576 | 0.944125
592 | 0.94571
608 | 0.931799
624 | 0.904717
640 | 0.868316
656 | 0.847652
672 | 0.83265
688 | 0.830474
704 | 0.827313
720 | 0.813692
736 | 0.796607
752 | 0.771141
768 | 0.739528
784 | 0.705578
800 | 0.661963
816 | 0.615945
832 | 0.561963
848 | 0.518275
864 | 0.516291
880 | 0.537476
896 | 0.567208
912 | 0.61772
928 | 0.676682
944 | 0.745489
960 | 0.808449
976 | 0.856139
992 | 0.891766
1008 | 0.914653
1024 | 0.92684
1040 | 0.935871
1056 | 0.94371
1072 | 0.936636
1088 | 0.917632
1104 | 0.889469
1120 | 0.84528
1136 | 0.785458
1152 | 0.712996
1168 | 0.624151
1184 | 0.545031
1200 | 0.491824
1216 | 0.468416
1232 | 0.463435
1248 | 0.450932
1264 | 0.458706
1280 | 0.501146
1296 | 0.572471
1312 | 0.662068
1328 | 0.736072
1344 | 0.797594
1360 | 0.841579
1376 | 0.867658
1392 | 0.889935
1408 | 0.917367
1424 | 0.93177
1440 | 0.932135
1456 | 0.929369
1472 | 0.926178
1488 | 0.923554
1504 | 0.927321
1520 | 0.93971
1536 | 0.953138
1552 | 0.957149
1568 | 0.956339
1584 | 0.946442
1600 | 0.941099
1616 | 0.942911
1632 | 0.9447
1648 | 0.946242
1664 | 0.947692
1680 | 0.943304
1696 | 0.928171
1712 | 0.918631
1728 | 0.920688
1744 | 0.910504
1760 | 0.87749
1776 | 0.854072
1792 | 0.844892
1808 | 0.844213
1824 | 0.852058
1840 | 0.87098
1856 | 0.886359
1872 | 0.893666
1888 | 0.900357
1904 | 0.928322
1920 | 0.939435
1936 | 0.930697
1952 | 0.901491
1968 | 0.853036
1984 | 0.781228
2000 | 0.679086
2016 | 0.570202
2032 | 0.487671
2048 | 0.403179
2064 | 0.348062
2080 | 0.346841
2096 | 0.384223
2112 | 0.487108
2128 | 0.592324
2144 | 0.697756
2160 | 0.790059
2176 | 0.857789
2192 | 0.904055
2208 | 0.932568
2224 | 0.946806
2240 | 0.949552
2256 | 0.948429
2272 | 0.94632
2288 | 0.944031
2304 | 0.94188
2320 | 0.937527
2336 | 0.917106
2352 | 0.882047
2368 | 0.832943
2384 | 0.764963
2400 | 0.678292
2416 | 0.573761
2432 | 0.47058
2448 | 0.356673
2464 | 0.260571
2480 | 0.18386
2496 | 0.116491
2512 | 0.0627155
2528 | 0.0254751
2544 | 0.00452613
2560 | 0
2576 | 0
2592 | 0
2608 | 0
Valeur de l'integrale : 1762.03
