0
0
0
0
0
0
0
0
0
0
0
0
0
0
0
0
0.0942717
0.0774584
0.0927872
0.114337
0.115108
0.115108
0.130746
0.158122
0.175824
0.026087
0
0
0
0
0
0
0
0
0
0
0
0
0
0
0
0
0
0
0
0
0
0.880247
0.902147
0.839799
0.74255
0.599752
0.299674
0.239583
0.265253
0
0
0
0
0
0
0
0
0
0
0.24714
0.269894
0.266474
0.245989
0.269597
0.264463
0.209091
0.115
0.125
0
0
0
0
0
0
0
0
0
0
0
0
0
0
0
0
0
0
0
0
0
0
0
0
0
0
0
0
0
0
0
0
0
0
0
0
0
0
0
0
0
0
0
0
0
0.710867
1.01099
1.01099
0.789835
0.758242
0.631868
0.505495
0.505495
0.505495
0.663462
0.537088
0
0
0
0
0
0
0
0
0
0
0
0
0
0
0
0
0
0
0
0
0
0
0
0
0
0
0
0
0
0
0
0
0