0
0
0
0
0
0
0
0.0151651
0.0261036
0.0361288
0.0460612
0.0553727
0.0642676
0.0745921
0.0869602
0.100885
0.105119
0.0946874
0.0842607
0.0705442
0.0562927
0.044003
0.0324763
0.0214477
0.0110449
0.00167639
0
0
0
0
0
0
0
0
0
0
0
0
0.087743
0.175437
0.250386
0.320758
0.379422
0.416721
0.449946
0.471563
0.471582
0.461403
0.3673
0.27404
0.193481
0.123213
0.0699649
0.0437136
0.0223238
0
0.0212868
0.0436052
0.0662121
0.0888652
0.114224
0.140734
0.163851
0.178112
0.194408
0.198708
0.173558
0.145821
0.121535
0.0979435
0.0722646
0.0461439
0.0245154
0.0121029
0
0
0
0
0
0
0
0
0
0
0
0
0
0
0
0
0
0
0
0
0
0
0
0
0
0
0
0
0
0
0
0
0
0
0
0
0.0502077
0.105786
0.169013
0.232637
0.305747
0.381994
0.462337
0.539493
0.613565
0.709332
0.691896
0.590148
0.453332
0.354265
0.270408
0.206257
0.158997
0.117943
0.0816746
0.036411
0
0
0
0
0
0
0
0
0
0
0
0
0
0
0
0
0
0
0
0
0
0
0
0