176 | 0.00343407
192 | 0.0258085
208 | 0.085557
224 | 0.169473
240 | 0.263898
256 | 0.366034
272 | 0.494596
288 | 0.608271
304 | 0.692614
320 | 0.756706
336 | 0.809304
352 | 0.863763
368 | 0.909812
384 | 0.938478
400 | 0.947507
416 | 0.934307
432 | 0.921321
448 | 0.904025
464 | 0.893468
480 | 0.890747
496 | 0.894268
512 | 0.897221
528 | 0.898782
544 | 0.898295
560 | 0.902124
576 | 0.912813
592 | 0.930087
608 | 0.932945
624 | 0.918575
640 | 0.889981
656 | 0.865182
672 | 0.852005
688 | 0.857997
704 | 0.855016
720 | 0.839178
736 | 0.816048
752 | 0.781727
768 | 0.822762
784 | 0.860336
800 | 0.892466
816 | 0.938004
832 | 0.973444
848 | 0.980807
864 | 0.985534
880 | 1.00713
896 | 1.01214
912 | 1.01666
928 | 1.03579
944 | 0.999755
960 | 0.977326
976 | 0.967526
992 | 0.953543
1008 | 0.942715
1024 | 0.946891
1040 | 0.945641
1056 | 0.949664
1072 | 0.959251
1088 | 0.970966
1104 | 0.980273
1120 | 0.972388
1136 | 0.949452
1152 | 0.913296
1168 | 0.856454
1184 | 0.810017
1200 | 0.75831
1216 | 0.711975
1232 | 0.664205
1248 | 0.629942
1264 | 0.599354
1280 | 0.585208
1296 | 0.602715
1312 | 0.635881
1328 | 0.678391
1344 | 0.73757
1360 | 0.777529
1376 | 0.814258
1392 | 0.842901
1408 | 0.868076
1424 | 0.895413
1440 | 0.922078
1456 | 0.934909
1472 | 0.935717
1488 | 0.934566
1504 | 0.932915
1520 | 0.931189
1536 | 0.934215
1552 | 0.944109
1568 | 0.952589
1584 | 0.946838
1600 | 0.942986
1616 | 0.9448
1632 | 0.947024
1648 | 0.948768
1664 | 0.950019
1680 | 0.946394
1696 | 0.933977
1712 | 0.922926
1728 | 0.916198
1744 | 0.90607
1760 | 0.889444
1776 | 0.878612
1792 | 0.872451
1808 | 0.871923
1824 | 0.871664
1840 | 0.870812
1856 | 0.875754
1872 | 0.887507
1888 | 0.890044
1904 | 0.893921
1920 | 0.947164
1936 | 1.01259
1952 | 1.06208
1968 | 1.08454
1984 | 1.09522
2000 | 1.08823
2016 | 1.07012
2032 | 1.06068
2048 | 1.06225
2064 | 1.10196
2080 | 1.1395
2096 | 1.06156
2112 | 0.98615
2128 | 0.935101
2144 | 0.919745
2160 | 0.920721
2176 | 0.941128
2192 | 0.967802
2208 | 0.981932
2224 | 0.984433
2240 | 0.966145
2256 | 0.945441
2272 | 0.947945
2288 | 0.946956
2304 | 0.945398
2320 | 0.942066
2336 | 0.925707
2352 | 0.895292
2368 | 0.85069
2384 | 0.794587
2400 | 0.728061
2416 | 0.645399
2432 | 0.564387
2448 | 0.473676
2464 | 0.381683
2480 | 0.288901
2496 | 0.211799
2512 | 0.150545
2528 | 0.0967247
2544 | 0.052538
2560 | 0.0212958
2576 | 0.00377272
2592 | 0
2608 | 0
Valeur de l'integrale : 1993.18
