0
0
0
0
0
0
0.0140852
0.024399
0.0338997
0.0433106
0.052167
0.0604985
0.0692063
0.0797791
0.0920591
0.0953791
0.094637
0.0833665
0.0729782
0.061324
0.0499511
0.0391956
0.0290723
0.0192156
0.0101034
0.00156098
0
0
0
0
0
0
0
0
0
0
0
0.0813896
0.161343
0.229674
0.29437
0.345515
0.372234
0.399105
0.431325
0.432136
0.420045
0.41195
0.327216
0.241048
0.171229
0.109554
0.0624795
0.0391891
0.0200715
0.0199608
0.0400033
0.0607079
0.0811569
0.102725
0.126239
0.146673
0.159226
0.173396
0.176809
0.180211
0.156322
0.134008
0.11184
0.0892626
0.0650182
0.0411312
0.0219009
0.0108267
0
0
0
0
0
0
0
0
0
0
0
0
0
0
0
0
0
0
0
0
0
0
0
0
0
0
0
0
0
0
0
0
0
0
0
0.0462522
0.0970594
0.151468
0.202109
0.263024
0.326283
0.390474
0.465582
0.536768
0.617752
0.694193
0.628368
0.500582
0.388853
0.306855
0.236286
0.182237
0.143003
0.108671
0.076222
0.0336402
0
0
0
0
0
0
0
0
0
0
0
0
0
0
0
0
0
0
0
0
0
0
0