0
0
0
0
0
0.0131489
0.0229033
0.0319298
0.04087
0.0493122
0.0572806
0.0654326
0.0743521
0.0848591
0.0875987
0.0866688
0.084548
0.0734974
0.0643604
0.0549523
0.0449043
0.0353889
0.0262371
0.0176612
0.00943923
0.00148446
0
0
0
0
0
0
0
0
0
0
0.0767602
0.150646
0.212618
0.272031
0.319423
0.341722
0.360323
0.386997
0.398103
0.388461
0.378663
0.370514
0.290787
0.215147
0.153567
0.0986217
0.056441
0.0355133
0.0371277
0.0376882
0.0560486
0.0749282
0.0944424
0.114452
0.132754
0.143961
0.156484
0.159258
0.162013
0.163785
0.14465
0.12417
0.102782
0.0810114
0.0585045
0.0371008
0.0197903
0.00996345
0
0
0
0
0
0
0
0
0
0
0
0
0
0
0
0
0
0
0
0
0
0
0
0
0
0
0
0
0
0
0
0
0
0
0.0428911
0.0897575
0.139554
0.182136
0.230256
0.283183
0.3369
0.397864
0.468373
0.546168
0.611507
0.637543
0.540451
0.43462
0.340432
0.270686
0.210499
0.165019
0.132434
0.101849
0.0707635
0.0311777
0
0
0
0
0
0
0
0
0
0
0
0
0
0
0
0
0
0
0
0
0
0