192 | 0.0236656
208 | 0.0786298
224 | 0.156263
240 | 0.244137
256 | 0.339785
272 | 0.448569
288 | 0.54808
304 | 0.620435
320 | 0.673195
336 | 0.715703
352 | 0.762548
368 | 0.807684
384 | 0.835996
400 | 0.843214
416 | 0.837663
432 | 0.835315
448 | 0.835514
464 | 0.837366
480 | 0.83777
496 | 0.842879
512 | 0.849226
528 | 0.866334
544 | 0.878268
560 | 0.885329
576 | 0.895641
592 | 0.910871
608 | 0.922588
624 | 0.917725
640 | 0.897738
656 | 0.876582
672 | 0.862988
688 | 0.861585
704 | 0.863958
720 | 0.851779
736 | 0.829056
752 | 0.794433
768 | 0.750592
784 | 0.70585
800 | 0.666034
816 | 0.642237
832 | 0.634024
848 | 0.627451
864 | 0.621539
880 | 0.610647
896 | 0.59847
912 | 0.605391
928 | 0.619756
944 | 0.653135
960 | 0.704989
976 | 0.761258
992 | 0.814085
1008 | 0.856439
1024 | 0.88879
1040 | 0.913428
1056 | 0.924417
1072 | 0.916404
1088 | 0.904191
1104 | 0.893931
1120 | 0.873328
1136 | 0.83636
1152 | 0.785803
1168 | 0.723258
1184 | 0.669016
1200 | 0.619942
1216 | 0.575893
1232 | 0.540946
1248 | 0.51522
1264 | 0.504995
1280 | 0.513334
1296 | 0.537356
1312 | 0.580405
1328 | 0.631398
1344 | 0.686582
1360 | 0.743062
1376 | 0.783582
1392 | 0.815935
1408 | 0.846532
1424 | 0.873385
1440 | 0.899366
1456 | 0.924193
1472 | 0.936509
1488 | 0.937763
1504 | 0.936894
1520 | 0.935454
1536 | 0.933947
1552 | 0.936748
1568 | 0.943277
1584 | 0.944834
1600 | 0.943154
1616 | 0.945363
1632 | 0.947407
1648 | 0.949303
1664 | 0.950802
1680 | 0.947558
1696 | 0.936162
1712 | 0.925998
1728 | 0.919849
1744 | 0.907229
1760 | 0.886808
1776 | 0.88096
1792 | 0.881617
1808 | 0.881617
1824 | 0.881401
1840 | 0.880694
1856 | 0.879718
1872 | 0.881657
1888 | 0.885643
1904 | 0.892842
1920 | 0.892682
1936 | 0.893734
1952 | 0.899278
1968 | 0.885604
1984 | 0.848617
2000 | 0.789189
2016 | 0.719046
2032 | 0.649045
2048 | 0.579991
2064 | 0.52767
2080 | 0.503297
2096 | 0.482149
2112 | 0.505579
2128 | 0.547696
2144 | 0.597403
2160 | 0.653449
2176 | 0.714039
2192 | 0.776999
2208 | 0.833141
2224 | 0.876625
2240 | 0.91025
2256 | 0.93298
2272 | 0.944985
2288 | 0.947317
2304 | 0.946612
2320 | 0.943703
2336 | 0.929287
2352 | 0.902299
2368 | 0.861475
2384 | 0.80718
2400 | 0.743029
2416 | 0.670518
2432 | 0.598407
2448 | 0.516299
2464 | 0.433058
2480 | 0.348742
2496 | 0.263889
2512 | 0.194433
2528 | 0.139454
2544 | 0.089581
2560 | 0.0486075
2576 | 0.0196813
2592 | 0.00348285
2608 | 0
Valeur de l'integrale : 1775.22
