208 | 0.0727404
224 | 0.144964
240 | 0.227129
256 | 0.31705
272 | 0.420609
288 | 0.516423
304 | 0.58636
320 | 0.637283
336 | 0.678569
352 | 0.724037
368 | 0.769467
384 | 0.80512
400 | 0.822636
416 | 0.827499
432 | 0.834427
448 | 0.842624
464 | 0.849017
480 | 0.851069
496 | 0.849259
512 | 0.847578
528 | 0.857762
544 | 0.874629
560 | 0.884216
576 | 0.889194
592 | 0.896008
608 | 0.904843
624 | 0.90912
640 | 0.898771
656 | 0.885175
672 | 0.873763
688 | 0.870677
704 | 0.86665
720 | 0.860376
736 | 0.841743
752 | 0.808221
768 | 0.764467
784 | 0.716191
800 | 0.674435
816 | 0.646639
832 | 0.633407
848 | 0.63311
864 | 0.637875
880 | 0.640705
896 | 0.628722
912 | 0.620314
928 | 0.62615
944 | 0.647289
960 | 0.685316
976 | 0.731412
992 | 0.78139
1008 | 0.828546
1024 | 0.86663
1040 | 0.895837
1056 | 0.913203
1072 | 0.912337
1088 | 0.902351
1104 | 0.889461
1120 | 0.870331
1136 | 0.842284
1152 | 0.801248
1168 | 0.744734
1184 | 0.695653
1200 | 0.65144
1216 | 0.611926
1232 | 0.580574
1248 | 0.545442
1264 | 0.522307
1280 | 0.527599
1296 | 0.549996
1312 | 0.577068
1328 | 0.615768
1344 | 0.661504
1360 | 0.704547
1376 | 0.751003
1392 | 0.787044
1408 | 0.820553
1424 | 0.852744
1440 | 0.878477
1456 | 0.902806
1472 | 0.926422
1488 | 0.938312
1504 | 0.939604
1520 | 0.93885
1536 | 0.937571
1552 | 0.93628
1568 | 0.936373
1584 | 0.93674
1600 | 0.941532
1616 | 0.945348
1632 | 0.947738
1648 | 0.949502
1664 | 0.95115
1680 | 0.948459
1696 | 0.938013
1712 | 0.928611
1728 | 0.922955
1744 | 0.91131
1760 | 0.888778
1776 | 0.878974
1792 | 0.883559
1808 | 0.889115
1824 | 0.889364
1840 | 0.888764
1856 | 0.887939
1872 | 0.884868
1888 | 0.880286
1904 | 0.888483
1920 | 0.891749
1936 | 0.88635
1952 | 0.87959
1968 | 0.876655
1984 | 0.854831
2000 | 0.809919
2016 | 0.750249
2032 | 0.690201
2048 | 0.632749
2064 | 0.578354
2080 | 0.541698
2096 | 0.531857
2112 | 0.541315
2128 | 0.560994
2144 | 0.595357
2160 | 0.637167
2176 | 0.684484
2192 | 0.735106
2208 | 0.788203
2224 | 0.838692
2240 | 0.880687
2256 | 0.912239
2272 | 0.9334
2288 | 0.944591
2304 | 0.946982
2320 | 0.945017
2336 | 0.932143
2352 | 0.908137
2368 | 0.871612
2384 | 0.821496
2400 | 0.758834
2416 | 0.688319
2432 | 0.625625
2448 | 0.55169
2464 | 0.475762
2480 | 0.398856
2496 | 0.321095
2512 | 0.243727
2528 | 0.181095
2544 | 0.129946
2560 | 0.0834199
2576 | 0.0452242
2592 | 0.0182945
2608 | 0.00323181
Valeur de l'integrale : 1778.24
