0
0
0
0
0.0123293
0.0215805
0.0301762
0.0386898
0.0467536
0.0543878
0.0621846
0.0705204
0.0793721
0.0811768
0.0801965
0.0781306
0.0755076
0.0657177
0.0582573
0.049791
0.0408414
0.032168
0.0242381
0.0165558
0.00899648
0.00140195
0
0
0
0
0
0
0
0
0
0.0713404
0.142763
0.199521
0.253383
0.297032
0.317903
0.333241
0.35249
0.360039
0.360739
0.352804
0.343366
0.332159
0.261656
0.194271
0.139208
0.0896732
0.0514668
0.0503699
0.0525586
0.0530224
0.0695874
0.0876684
0.105843
0.121249
0.131368
0.142577
0.144876
0.147153
0.148613
0.152492
0.134805
0.114856
0.0940311
0.073471
0.0531772
0.0337898
0.0183381
0.00928754
0
0
0
0
0
0
0
0
0
0
0
0
0
0
0
0
0
0
0
0
0
0
0
0
0
0
0
0
0
0
0
0
0
0.0399395
0.0835086
0.129508
0.168447
0.208545
0.249603
0.294704
0.34633
0.404362
0.481124
0.545541
0.567117
0.557009
0.474115
0.384018
0.302786
0.242892
0.19175
0.153512
0.124589
0.0949614
0.0658678
0.0290469
0
0
0
0
0
0
0
0
0
0
0
0
0
0
0
0
0
0
0
0
0