224 | 0.135189
240 | 0.212337
256 | 0.297166
272 | 0.39593
288 | 0.488224
304 | 0.555834
320 | 0.605009
336 | 0.645098
352 | 0.689229
368 | 0.733078
384 | 0.769022
400 | 0.793868
416 | 0.809088
432 | 0.825282
448 | 0.841322
464 | 0.854496
480 | 0.860397
496 | 0.860328
512 | 0.853031
528 | 0.855704
544 | 0.866269
560 | 0.880468
576 | 0.887936
592 | 0.889833
608 | 0.891018
624 | 0.893105
640 | 0.89198
656 | 0.88718
672 | 0.882038
688 | 0.879835
704 | 0.87452
720 | 0.863202
736 | 0.85065
752 | 0.821876
768 | 0.779587
784 | 0.731276
800 | 0.685612
816 | 0.655539
832 | 0.638057
848 | 0.632597
864 | 0.642424
880 | 0.654458
896 | 0.655352
912 | 0.646065
928 | 0.638439
944 | 0.651408
960 | 0.677905
976 | 0.711904
992 | 0.753023
1008 | 0.797962
1024 | 0.840534
1040 | 0.875125
1056 | 0.89679
1072 | 0.902563
1088 | 0.899401
1104 | 0.888487
1120 | 0.867714
1136 | 0.841562
1152 | 0.809241
1168 | 0.762373
1184 | 0.717942
1200 | 0.677721
1216 | 0.641904
1232 | 0.613483
1248 | 0.582185
1264 | 0.550112
1280 | 0.542167
1296 | 0.560639
1312 | 0.585753
1328 | 0.610421
1344 | 0.645227
1360 | 0.679944
1376 | 0.714312
1392 | 0.75611
1408 | 0.792593
1424 | 0.827822
1440 | 0.858647
1456 | 0.882951
1472 | 0.90629
1488 | 0.928817
1504 | 0.939961
1520 | 0.941178
1536 | 0.940511
1552 | 0.939409
1568 | 0.935959
1584 | 0.930772
1600 | 0.93434
1616 | 0.943779
1632 | 0.947577
1648 | 0.949676
1664 | 0.951222
1680 | 0.948927
1696 | 0.939506
1712 | 0.930852
1728 | 0.925624
1744 | 0.914837
1760 | 0.893896
1776 | 0.881159
1792 | 0.881583
1808 | 0.890382
1824 | 0.895599
1840 | 0.895479
1856 | 0.894769
1872 | 0.892117
1888 | 0.883419
1904 | 0.883238
1920 | 0.8877
1936 | 0.885872
1952 | 0.873448
1968 | 0.859343
1984 | 0.848478
2000 | 0.81935
2016 | 0.774432
2032 | 0.723301
2048 | 0.673724
2064 | 0.628319
2080 | 0.587705
2096 | 0.564872
2112 | 0.579568
2128 | 0.587942
2144 | 0.604292
2160 | 0.633019
2176 | 0.668047
2192 | 0.7069
2208 | 0.748476
2224 | 0.795978
2240 | 0.84497
2256 | 0.884511
2272 | 0.913983
2288 | 0.933767
2304 | 0.944443
2320 | 0.945511
2336 | 0.934466
2352 | 0.912862
2368 | 0.880129
2384 | 0.834953
2400 | 0.776635
2416 | 0.707114
2432 | 0.645235
2448 | 0.580429
2464 | 0.511738
2480 | 0.441128
2496 | 0.369724
2512 | 0.298486
2528 | 0.228073
2544 | 0.169544
2560 | 0.121652
2576 | 0.0780518
2592 | 0.0422812
2608 | 0.0170778
Valeur de l'integrale : 1779.95
