0
0
0
0.0116059
0.020402
0.0286051
0.0367304
0.0444475
0.0517731
0.0592439
0.067203
0.0754741
0.0762368
0.0747804
0.0728317
0.0703473
0.0682137
0.0600762
0.0532223
0.0455762
0.0373569
0.029869
0.0228041
0.0158147
0.00851684
0.00131901
0
0
0
0
0
0
0
0
0.0657183
0.133436
0.189784
0.238907
0.278124
0.297222
0.311817
0.328028
0.329986
0.329202
0.329787
0.321967
0.310174
0.301
0.23783
0.177089
0.127305
0.0822134
0.0644287
0.0640303
0.0660182
0.0660845
0.0818011
0.0987258
0.112737
0.1208
0.130941
0.132877
0.13479
0.136014
0.139256
0.142857
0.12538
0.105741
0.0859098
0.0672147
0.048739
0.0314813
0.017187
0.00874941
0
0
0
0
0
0
0
0
0
0
0
0
0
0
0
0
0
0
0
0
0
0
0
0
0
0
0
0
0
0
0
0
0.0368647
0.0779871
0.120855
0.156823
0.193537
0.227099
0.261364
0.305089
0.35476
0.419114
0.484557
0.509933
0.502491
0.494539
0.422284
0.344025
0.273432
0.222429
0.179094
0.144903
0.116608
0.0887333
0.061597
0.0271887
0
0
0
0
0
0
0
0
0
0
0
0
0
0
0
0
0
0
0
0