224 | 0.135189
240 | 0.212337
256 | 0.297166
272 | 0.407536
288 | 0.508626
304 | 0.584439
320 | 0.641739
336 | 0.689545
352 | 0.741002
368 | 0.792322
384 | 0.836225
400 | 0.869342
416 | 0.885325
432 | 0.900063
448 | 0.914154
464 | 0.924843
480 | 0.92861
496 | 0.920405
512 | 0.906254
528 | 0.90128
544 | 0.903626
560 | 0.910337
576 | 0.91074
592 | 0.905648
608 | 0.899535
624 | 0.894424
640 | 0.89198
656 | 0.88718
672 | 0.882038
688 | 0.879835
704 | 0.87452
720 | 0.863202
736 | 0.85065
752 | 0.821876
768 | 0.845305
784 | 0.864712
800 | 0.875396
816 | 0.894446
832 | 0.916181
848 | 0.929819
864 | 0.954241
880 | 0.982486
896 | 0.985337
912 | 0.975267
928 | 0.968226
944 | 0.973375
960 | 0.988079
976 | 1.0129
992 | 0.990853
1008 | 0.975051
1024 | 0.967839
1040 | 0.957338
1056 | 0.961219
1072 | 0.966593
1088 | 0.965419
1104 | 0.954571
1120 | 0.949515
1136 | 0.940288
1152 | 0.921978
1168 | 0.883173
1184 | 0.848883
1200 | 0.810598
1216 | 0.776694
1232 | 0.749497
1248 | 0.721441
1264 | 0.692969
1280 | 0.667547
1296 | 0.66638
1312 | 0.671663
1328 | 0.677635
1344 | 0.693966
1360 | 0.711426
1376 | 0.731499
1392 | 0.76486
1408 | 0.792593
1424 | 0.827822
1440 | 0.858647
1456 | 0.882951
1472 | 0.90629
1488 | 0.928817
1504 | 0.939961
1520 | 0.941178
1536 | 0.940511
1552 | 0.939409
1568 | 0.935959
1584 | 0.930772
1600 | 0.93434
1616 | 0.943779
1632 | 0.947577
1648 | 0.949676
1664 | 0.951222
1680 | 0.948927
1696 | 0.939506
1712 | 0.930852
1728 | 0.925624
1744 | 0.914837
1760 | 0.893896
1776 | 0.881159
1792 | 0.881583
1808 | 0.890382
1824 | 0.895599
1840 | 0.895479
1856 | 0.894769
1872 | 0.892117
1888 | 0.883419
1904 | 0.883238
1920 | 0.924564
1936 | 0.963859
1952 | 0.994303
1968 | 1.01617
1984 | 1.04201
2000 | 1.04645
2016 | 1.0358
2032 | 1.02839
2048 | 1.02848
2064 | 1.04743
2080 | 1.07226
2096 | 1.07481
2112 | 1.08206
2128 | 1.08248
2144 | 1.02658
2160 | 0.977044
2176 | 0.941479
2192 | 0.929329
2208 | 0.92757
2224 | 0.940881
2240 | 0.961578
2256 | 0.973244
2272 | 0.97558
2288 | 0.960956
2304 | 0.944443
2320 | 0.945511
2336 | 0.934466
2352 | 0.912862
2368 | 0.880129
2384 | 0.834953
2400 | 0.776635
2416 | 0.707114
2432 | 0.645235
2448 | 0.580429
2464 | 0.511738
2480 | 0.441128
2496 | 0.369724
2512 | 0.298486
2528 | 0.228073
2544 | 0.169544
2560 | 0.121652
2576 | 0.0780518
2592 | 0.0422812
2608 | 0.0170778
Valeur de l'integrale : 1994.82
