0
0
0.0109627
0.0193457
0.0271896
0.0349599
0.0423581
0.0493983
0.0565687
0.0641837
0.0720832
0.0727029
0.070568
0.0683369
0.0660223
0.0639742
0.0628294
0.055337
0.0490484
0.0419181
0.0348428
0.0282053
0.0218369
0.0150082
0.00803234
0.00124317
0
0
0
0
0
0
0
0.0601164
0.123649
0.178171
0.228056
0.26331
0.279583
0.293014
0.30846
0.308452
0.303895
0.30323
0.302687
0.292606
0.282833
0.275185
0.217982
0.162699
0.117277
0.0925644
0.0765358
0.0760331
0.0775022
0.0779229
0.0925056
0.105631
0.112889
0.12106
0.122714
0.124343
0.125384
0.128134
0.131177
0.133538
0.116055
0.097178
0.0790799
0.0619403
0.0456111
0.0296334
0.0162616
0.00839244
0
0
0
0
0
0
0
0
0
0
0
0
0
0
0
0
0
0
0
0
0
0
0
0
0
0
0
0
0
0
0
0.0344853
0.0722009
0.113166
0.14675
0.180712
0.211423
0.238789
0.272091
0.314499
0.370288
0.425469
0.456259
0.457075
0.451087
0.444668
0.380726
0.312436
0.251579
0.208493
0.169559
0.136085
0.109338
0.0832607
0.0578463
0.0255731
0
0
0
0
0
0
0
0
0
0
0
0
0
0
0
0
0
0
0