0
0.010387
0.0183933
0.0259076
0.0333523
0.0404564
0.0472318
0.0541246
0.061424
0.0689838
0.0696119
0.0675297
0.064802
0.0623072
0.0603774
0.0592151
0.0582429
0.0513486
0.0453794
0.0392536
0.0330094
0.0270762
0.0207787
0.0141894
0.00758729
0.00117546
0
0
0
0
0
0
0.0555253
0.11378
0.165873
0.215011
0.252124
0.265649
0.276824
0.291124
0.291088
0.285537
0.281628
0.280167
0.276595
0.268153
0.259922
0.253449
0.201191
0.150472
0.125021
0.102495
0.0872331
0.08629
0.0880711
0.0883655
0.0993678
0.106223
0.113594
0.113995
0.115399
0.116296
0.118657
0.121262
0.123277
0.124225
0.107202
0.0898982
0.0732559
0.0581883
0.0430871
0.028136
0.0156433
0.0079652
0
0
0
0
0
0
0
0
0
0
0
0
0
0
0
0
0
0
0
0
0
0
0
0
0
0
0
0
0
0
0.0321121
0.0676992
0.105063
0.137752
0.169538
0.197948
0.222952
0.249536
0.281915
0.33015
0.378277
0.403495
0.413476
0.414146
0.409224
0.403991
0.347523
0.288687
0.236578
0.197928
0.159733
0.128001
0.102908
0.0784239
0.0545653
0.0244108
0
0
0
0
0
0
0
0
0
0
0
0
0
0
0
0
0
0