256 | 0.264046
272 | 0.354348
288 | 0.440154
304 | 0.503417
320 | 0.549365
336 | 0.587172
352 | 0.628773
368 | 0.669733
384 | 0.702891
400 | 0.727224
416 | 0.750898
432 | 0.783758
448 | 0.81663
464 | 0.843944
480 | 0.862353
496 | 0.871684
512 | 0.86998
528 | 0.868713
544 | 0.867413
560 | 0.869749
576 | 0.876265
592 | 0.884952
608 | 0.884419
624 | 0.875614
640 | 0.866374
656 | 0.868495
672 | 0.879019
688 | 0.888583
704 | 0.888998
720 | 0.878814
736 | 0.862021
752 | 0.836468
768 | 0.806116
784 | 0.764519
800 | 0.719195
816 | 0.682833
832 | 0.657715
848 | 0.645226
864 | 0.644982
880 | 0.655866
896 | 0.669653
912 | 0.679503
928 | 0.681148
944 | 0.68005
960 | 0.687279
976 | 0.704053
992 | 0.725025
1008 | 0.752479
1024 | 0.786258
1040 | 0.823632
1056 | 0.854187
1072 | 0.869761
1088 | 0.87749
1104 | 0.879279
1120 | 0.867087
1136 | 0.842218
1152 | 0.811867
1168 | 0.77587
1184 | 0.747526
1200 | 0.718741
1216 | 0.688924
1232 | 0.664988
1248 | 0.639365
1264 | 0.613396
1280 | 0.59771
1296 | 0.593126
1312 | 0.601945
1328 | 0.621428
1344 | 0.642166
1360 | 0.65628
1376 | 0.674469
1392 | 0.69803
1408 | 0.728368
1424 | 0.771845
1440 | 0.8087
1456 | 0.840838
1472 | 0.869141
1488 | 0.892017
1504 | 0.91317
1520 | 0.932915
1536 | 0.942636
1552 | 0.943766
1568 | 0.941491
1584 | 0.934134
1600 | 0.929179
1616 | 0.932066
1632 | 0.939826
1648 | 0.947941
1664 | 0.950964
1680 | 0.949284
1696 | 0.94108
1712 | 0.933973
1728 | 0.929861
1744 | 0.920566
1760 | 0.90232
1776 | 0.891199
1792 | 0.888334
1808 | 0.889769
1824 | 0.89411
1840 | 0.901194
1856 | 0.905124
1872 | 0.903411
1888 | 0.896343
1904 | 0.892443
1920 | 0.885423
1936 | 0.877964
1952 | 0.871328
1968 | 0.856234
1984 | 0.830872
2000 | 0.8036
2016 | 0.785207
2032 | 0.763029
2048 | 0.733753
2064 | 0.700314
2080 | 0.670767
2096 | 0.647416
2112 | 0.638083
2128 | 0.637929
2144 | 0.649633
2160 | 0.655519
2176 | 0.666621
2192 | 0.684532
2208 | 0.705355
2224 | 0.731771
2240 | 0.768329
2256 | 0.812528
2272 | 0.856024
2288 | 0.890857
2304 | 0.917028
2320 | 0.93351
2336 | 0.934041
2352 | 0.919488
2368 | 0.89294
2384 | 0.855866
2400 | 0.807871
2416 | 0.748315
2432 | 0.689365
2448 | 0.623807
2464 | 0.563231
2480 | 0.507153
2496 | 0.447064
2512 | 0.386268
2528 | 0.326474
2544 | 0.265068
2560 | 0.202269
2576 | 0.150361
2592 | 0.10788
2608 | 0.0691086
Valeur de l'integrale : 1778.96
