0.00986876
0.0175303
0.024741
0.031886
0.0387181
0.0452473
0.051883
0.0588918
0.06614
0.0667731
0.0648549
0.0622308
0.0593552
0.0572554
0.0561205
0.0551239
0.0543374
0.0477971
0.0426795
0.0372969
0.0317582
0.0258344
0.0196987
0.0134338
0.00718829
0.00110936
0
0
0
0
0
0.0515285
0.105605
0.153356
0.201076
0.238587
0.255061
0.263934
0.276077
0.275601
0.270595
0.265791
0.261625
0.257668
0.254644
0.247471
0.240445
0.234895
0.186802
0.155986
0.13275
0.111297
0.0963619
0.0958572
0.097439
0.0951712
0.1003
0.107254
0.10735
0.107656
0.108435
0.110486
0.112741
0.11448
0.115297
0.115297
0.0996045
0.0836331
0.0690758
0.0551398
0.0410288
0.0271297
0.0148985
0.00757935
0
0
0
0
0
0
0
0
0
0
0
0
0
0
0
0
0
0
0
0
0
0
0
0
0
0
0
0
0
0.0297139
0.0631882
0.0987281
0.128223
0.159507
0.186148
0.209265
0.233611
0.259451
0.297326
0.339033
0.360807
0.369668
0.378028
0.378588
0.37452
0.37104
0.322337
0.272267
0.225141
0.18698
0.150671
0.120809
0.0971929
0.0741692
0.0521931
0.0233391
0
0
0
0
0
0
0
0
0
0
0
0
0
0
0
0
0