0.0167446
0.0236749
0.0305432
0.037123
0.0434229
0.0498197
0.0565602
0.0635214
0.0641567
0.0623839
0.0599522
0.0571908
0.054753
0.0534134
0.0524325
0.0516129
0.050824
0.0451559
0.0406819
0.0359551
0.0303758
0.0245601
0.0186967
0.0127534
0.00679725
0.00103948
0
0
0
0
0.0480609
0.0984226
0.142897
0.186764
0.224014
0.242169
0.254081
0.264016
0.262078
0.257161
0.252797
0.247904
0.241902
0.238515
0.235922
0.229752
0.223683
0.218873
0.190086
0.161814
0.139606
0.118698
0.104998
0.104375
0.103428
0.0963066
0.101585
0.101671
0.101711
0.10157
0.103367
0.105338
0.106855
0.107567
0.107567
0.107567
0.0930125
0.0791032
0.0656562
0.0526394
0.0396386
0.0259113
0.0142214
0.00722915
0
0
0
0
0
0
0
0
0
0
0
0
0
0
0
0
0
0
0
0
0
0
0
0
0
0
0
0
0.0276491
0.0586082
0.0923519
0.120738
0.148834
0.175507
0.197223
0.219779
0.243496
0.274518
0.306634
0.324932
0.333517
0.341074
0.348179
0.348696
0.346031
0.345771
0.304811
0.259683
0.21323
0.176829
0.142565
0.114382
0.0921395
0.0710791
0.0499971
0.0222494
0
0
0
0
0
0
0
0
0
0
0
0
0
0
0
0