0.022697
0.0293089
0.0356541
0.0417399
0.0479143
0.0544061
0.0611022
0.0617377
0.0600943
0.0578346
0.0552607
0.0529061
0.0512292
0.0500619
0.049246
0.0484326
0.0481889
0.0431862
0.0393045
0.0344663
0.0289501
0.0233714
0.0177902
0.0120838
0.00638213
0.000974995
0
0
0
0.0446723
0.0921412
0.13364
0.174701
0.208924
0.228194
0.242013
0.254746
0.251185
0.245349
0.241035
0.236562
0.230124
0.224943
0.222012
0.219763
0.2144
0.209106
0.220344
0.193992
0.16697
0.145204
0.125903
0.11271
0.109731
0.10406
0.0977426
0.0965624
0.0965981
0.0962617
0.0971103
0.0988482
0.100183
0.100808
0.100808
0.100808
0.100808
0.0882152
0.0753768
0.062836
0.0509436
0.0379483
0.0247976
0.0136032
0.0068852
0
0
0
0
0
0
0
0
0
0
0
0
0
0
0
0
0
0
0
0
0
0
0
0
0
0
0
0.0258525
0.0546473
0.0858496
0.113173
0.140413
0.164136
0.186319
0.207555
0.229572
0.258228
0.283958
0.295053
0.302632
0.310065
0.316586
0.322735
0.323871
0.323953
0.328047
0.291316
0.246518
0.202132
0.167704
0.135287
0.108672
0.0884542
0.068208
0.0477556
0.0212183
0
0
0
0
0
0
0
0
0
0
0
0
0
0
0