0
0
0
0
0
0
0
0
0
0
0
0
0
0
0
0.0536213
0.0855346
0.0844327
0.102441
0.114721
0.115108
0.122429
0.143137
0.166504
0.092233
0.0110294
0
0
0
0
0
0
0
0
0
0
0
0
0
0
0
0
0
0
0
0
0.437961
0.891179
0.872534
0.7888
0.671151
0.448481
0.268274
0.252418
0.145125
0
0
0
0
0
0
0
0
0
0.110218
0.258197
0.268173
0.255822
0.257253
0.267005
0.235877
0.160292
0.119792
0.0625
0
0
0
0
0
0
0
0
0
0
0
0
0
0
0
0
0
0
0
0
0
0
0
0
0
0
0
0
0
0
0
0
0
0
0
0
0
0
0
0
0
0
0
0
0.335846
0.837088
1.01099
0.900412
0.774038
0.695055
0.568681
0.505495
0.505495
0.584478
0.600275
0.267076
0
0
0
0
0
0
0
0
0
0
0
0
0
0
0
0
0
0
0
0
0
0
0
0
0
0
0
0
0
0
0
0