320 | 0.464013
336 | 0.497778
352 | 0.534929
368 | 0.571045
384 | 0.599743
400 | 0.620505
416 | 0.641761
432 | 0.674107
448 | 0.713687
464 | 0.755768
480 | 0.794742
496 | 0.827909
512 | 0.849972
528 | 0.86765
544 | 0.880003
560 | 0.886209
576 | 0.886778
592 | 0.882978
608 | 0.874192
624 | 0.864293
640 | 0.855049
656 | 0.853552
672 | 0.854185
688 | 0.859234
704 | 0.865725
720 | 0.871937
736 | 0.875048
752 | 0.864433
768 | 0.840942
784 | 0.807769
800 | 0.772532
816 | 0.743181
832 | 0.72294
848 | 0.704056
864 | 0.69054
880 | 0.685421
896 | 0.682402
912 | 0.684346
928 | 0.688673
944 | 0.701828
960 | 0.723088
976 | 0.740127
992 | 0.750713
1008 | 0.754473
1024 | 0.759448
1040 | 0.770368
1056 | 0.77953
1072 | 0.786481
1088 | 0.797746
1104 | 0.812246
1120 | 0.819666
1136 | 0.817017
1152 | 0.805572
1168 | 0.784427
1184 | 0.764777
1200 | 0.74503
1216 | 0.729626
1232 | 0.719825
1248 | 0.70972
1264 | 0.695615
1280 | 0.684941
1296 | 0.681952
1312 | 0.681672
1328 | 0.681672
1344 | 0.681672
1360 | 0.67678
1376 | 0.673759
1392 | 0.677396
1408 | 0.683241
1424 | 0.693145
1440 | 0.711334
1456 | 0.735944
1472 | 0.766188
1488 | 0.804609
1504 | 0.836654
1520 | 0.86424
1536 | 0.887745
1552 | 0.906171
1568 | 0.921175
1584 | 0.93236
1600 | 0.937577
1616 | 0.938935
1632 | 0.939246
1648 | 0.939246
1664 | 0.939246
1680 | 0.938675
1696 | 0.936316
1712 | 0.935366
1728 | 0.933582
1744 | 0.926804
1760 | 0.912699
1776 | 0.904636
1792 | 0.902855
1808 | 0.903897
1824 | 0.904986
1840 | 0.90581
1856 | 0.906499
1872 | 0.90598
1888 | 0.903517
1904 | 0.90666
1920 | 0.90547
1936 | 0.897554
1952 | 0.884009
1968 | 0.864474
1984 | 0.838188
2000 | 0.809216
2016 | 0.785419
2032 | 0.763465
2048 | 0.744671
2064 | 0.736019
2080 | 0.742074
2096 | 0.746063
2112 | 0.746754
2128 | 0.741086
2144 | 0.735144
2160 | 0.729919
2176 | 0.724483
2192 | 0.721971
2208 | 0.723992
2224 | 0.719737
2240 | 0.721816
2256 | 0.731881
2272 | 0.748666
2288 | 0.771935
2304 | 0.801553
2320 | 0.835099
2336 | 0.862227
2352 | 0.87677
2368 | 0.877998
2384 | 0.865948
2400 | 0.840868
2416 | 0.803599
2432 | 0.762307
2448 | 0.713348
2464 | 0.661962
2480 | 0.608007
2496 | 0.552305
2512 | 0.498935
2528 | 0.45351
2544 | 0.412024
2560 | 0.365819
2576 | 0.317335
2592 | 0.26762
2608 | 0.2166
Valeur de l'integrale : 1759.52
