320 | 0.492184
336 | 0.532075
352 | 0.575112
368 | 0.617195
384 | 0.652153
400 | 0.679366
416 | 0.701255
432 | 0.732074
448 | 0.769548
464 | 0.809225
480 | 0.845992
496 | 0.877518
512 | 0.89811
528 | 0.914799
544 | 0.926346
560 | 0.932243
576 | 0.93299
592 | 0.924799
608 | 0.911961
624 | 0.897217
640 | 0.882662
656 | 0.875842
672 | 0.871079
688 | 0.870604
704 | 0.871723
720 | 0.872869
736 | 0.875048
752 | 0.864433
768 | 0.882672
784 | 0.893726
800 | 0.898023
816 | 0.907128
832 | 0.91905
848 | 0.917674
864 | 0.919384
880 | 0.928756
896 | 0.925182
912 | 0.920124
928 | 0.9193
944 | 0.928059
960 | 0.943407
976 | 0.954851
992 | 0.96092
1008 | 0.962118
1024 | 0.965125
1040 | 0.97134
1056 | 0.990532
1072 | 1.00915
1088 | 0.995161
1104 | 0.983219
1120 | 0.970568
1136 | 0.949351
1152 | 0.923012
1168 | 0.894434
1184 | 0.869839
1200 | 0.838114
1216 | 0.821601
1232 | 0.811495
1248 | 0.801967
1264 | 0.788726
1280 | 0.779235
1296 | 0.776801
1312 | 0.77652
1328 | 0.77652
1344 | 0.77652
1360 | 0.772639
1376 | 0.758008
1392 | 0.749685
1408 | 0.744156
1424 | 0.742019
1440 | 0.747731
1456 | 0.75972
1472 | 0.77918
1488 | 0.811152
1504 | 0.836654
1520 | 0.86424
1536 | 0.887745
1552 | 0.906171
1568 | 0.921175
1584 | 0.93236
1600 | 0.937577
1616 | 0.938935
1632 | 0.939246
1648 | 0.939246
1664 | 0.939246
1680 | 0.938675
1696 | 0.936316
1712 | 0.935366
1728 | 0.933582
1744 | 0.926804
1760 | 0.912699
1776 | 0.904636
1792 | 0.902855
1808 | 0.903897
1824 | 0.904986
1840 | 0.90581
1856 | 0.906499
1872 | 0.90598
1888 | 0.903517
1904 | 0.90666
1920 | 0.929745
1936 | 0.948741
1952 | 0.964212
1968 | 0.9699
1984 | 0.970059
2000 | 0.964343
2016 | 0.960036
2032 | 0.959909
2048 | 0.961889
2064 | 0.97997
2080 | 1.00975
2096 | 1.02006
2112 | 1.0233
2128 | 1.02428
2144 | 1.02484
2160 | 1.02533
2176 | 1.02584
2192 | 1.02642
2208 | 1.03234
2224 | 1.03406
2240 | 0.998955
2256 | 0.966076
2272 | 0.940777
2288 | 0.931409
2304 | 0.930347
2320 | 0.939592
2336 | 0.947246
2352 | 0.942037
2368 | 0.923625
2384 | 0.886224
2400 | 0.840868
2416 | 0.803599
2432 | 0.762307
2448 | 0.713348
2464 | 0.661962
2480 | 0.608007
2496 | 0.552305
2512 | 0.498935
2528 | 0.45351
2544 | 0.412024
2560 | 0.365819
2576 | 0.317335
2592 | 0.26762
2608 | 0.2166
Valeur de l'integrale : 1965.96
