0
0
0
0
0
0
0
0
0
0
0
0
0
0
0.0379397
0.0627017
0.0877289
0.0924967
0.106342
0.11485
0.119888
0.132391
0.152593
0.113937
0.0523416
0.00652351
0
0
0
0
0
0
0
0
0
0
0
0
0
0
0
0
0
0
0
0.300844
0.591842
0.875195
0.827856
0.723765
0.545966
0.374206
0.267237
0.178529
0.0901961
0
0
0
0
0
0
0
0
0.0709241
0.157569
0.260927
0.260347
0.260255
0.259612
0.246729
0.192673
0.148892
0.0809859
0.0415444
0
0
0
0
0
0
0
0
0
0
0
0
0
0
0
0
0
0
0
0
0
0
0
0
0
0
0
0
0
0
0
0
0
0
0
0
0
0
0
0
0
0
0
0.218712
0.508243
0.888573
0.937271
0.853022
0.726648
0.631868
0.547619
0.505495
0.55815
0.568681
0.398723
0.141257
0
0
0
0
0
0
0
0
0
0
0
0
0
0
0
0
0
0
0
0
0
0
0
0
0
0
0
0
0
0
0