0
0
0
0
0
0
0
0
0
0
0
0
0
0.0295567
0.0499266
0.0699606
0.0929741
0.0972737
0.108406
0.11845
0.127601
0.141105
0.118725
0.0754006
0.0344906
0.00447177
0
0
0
0
0
0
0
0
0
0
0
0
0
0
0
0
0
0
0.227917
0.45363
0.649047
0.841315
0.769508
0.613883
0.463412
0.345628
0.208114
0.128103
0.0654308
0
0
0
0
0
0
0
0.0522842
0.11338
0.182723
0.256995
0.262599
0.261294
0.246536
0.210648
0.175927
0.112539
0.0610383
0.0305192
0
0
0
0
0
0
0
0
0
0
0
0
0
0
0
0
0
0
0
0
0
0
0
0
0
0
0
0
0
0
0
0
0
0
0
0
0
0
0
0
0
0
0.155456
0.36334
0.610506
0.866018
0.892514
0.797734
0.67136
0.600275
0.537088
0.544986
0.552885
0.425342
0.25
0.0960216
0
0
0
0
0
0
0
0
0
0
0
0
0
0
0
0
0
0
0
0
0
0
0
0
0
0
0
0
0
0