0
0
0
0
0
0
0
0
0
0
0
0
0.0247274
0.041689
0.0585866
0.0772269
0.0965984
0.100384
0.112241
0.124708
0.135007
0.117841
0.0869473
0.0536758
0.0249385
0.00340184
0
0
0
0
0
0
0
0
0
0
0
0
0
0
0
0
0
0.171959
0.366223
0.525804
0.66801
0.792168
0.672549
0.531191
0.421352
0.283973
0.160395
0.0998896
0.0508595
0
0
0
0
0
0
0.0414029
0.088548
0.140587
0.195385
0.259435
0.26297
0.250404
0.217853
0.193409
0.141028
0.0902981
0.048237
0.0251057
0
0
0
0
0
0
0
0
0
0
0
0
0
0
0
0
0
0
0
0
0
0
0
0
0
0
0
0
0
0
0
0
0
0
0
0
0
0
0
0
0
0.114364
0.27265
0.463316
0.640817
0.845977
0.840385
0.739286
0.638187
0.581319
0.562363
0.543407
0.441338
0.294034
0.182083
0.0727307
0
0
0
0
0
0
0
0
0
0
0
0
0
0
0
0
0
0
0
0
0
0
0
0
0
0
0
0
0