0
0
0
0
0
0
0
0
0
0
0
0.0218729
0.0363831
0.0506073
0.0664402
0.0825261
0.0992028
0.104426
0.117945
0.131058
0.117304
0.0923421
0.0658543
0.0405533
0.0195297
0.0028062
0
0
0
0
0
0
0
0
0
0
0
0
0
0
0
0
0.139367
0.290963
0.440349
0.56284
0.656501
0.707766
0.592775
0.48307
0.358385
0.229033
0.130478
0.0812234
0.0405045
0
0
0
0
0
0.0342706
0.0726389
0.114242
0.157602
0.206844
0.260264
0.253537
0.225555
0.202338
0.161004
0.117512
0.0744459
0.041214
0.0213941
0
0
0
0
0
0
0
0
0
0
0
0
0
0
0
0
0
0
0
0
0
0
0
0
0
0
0
0
0
0
0
0
0
0
0
0
0
0
0
0
0.0900196
0.208115
0.361605
0.50698
0.657795
0.812406
0.78457
0.700321
0.616071
0.595009
0.55815
0.452011
0.325121
0.224674
0.143185
0.0585505
0
0
0
0
0
0
0
0
0
0
0
0
0
0
0
0
0
0
0
0
0
0
0
0
0
0
0
0