96 | 0
112 | 0
128 | 0
144 | 0
160 | 0
176 | 0.00629579
192 | 0.0471591
208 | 0.152914
224 | 0.293544
240 | 0.443313
256 | 0.596387
272 | 0.742007
288 | 0.842897
304 | 0.893914
320 | 0.910721
336 | 0.89917
352 | 0.884158
368 | 0.866476
384 | 0.828073
400 | 0.774829
416 | 0.735094
432 | 0.747868
448 | 0.773465
464 | 0.806358
480 | 0.845882
496 | 0.889506
512 | 0.920013
528 | 0.939945
544 | 0.947675
560 | 0.946254
576 | 0.942187
592 | 0.934865
608 | 0.92591
624 | 0.886643
640 | 0.823248
656 | 0.774381
672 | 0.757709
688 | 0.780957
704 | 0.805509
720 | 0.820973
736 | 0.833873
752 | 0.810371
768 | 0.744788
784 | 0.635893
800 | 0.516645
816 | 0.451163
832 | 0.423128
848 | 0.431512
864 | 0.491877
880 | 0.585392
896 | 0.675398
912 | 0.746395
928 | 0.795399
944 | 0.843239
960 | 0.881611
976 | 0.902481
992 | 0.918068
1008 | 0.939658
1024 | 0.959985
1040 | 0.967959
1056 | 0.960634
1072 | 0.929316
1088 | 0.889784
1104 | 0.843477
1120 | 0.770192
1136 | 0.668701
1152 | 0.571386
1168 | 0.487527
1184 | 0.429366
1200 | 0.384156
1216 | 0.383022
1232 | 0.422646
1248 | 0.461866
1264 | 0.522702
1280 | 0.600023
1296 | 0.692507
1312 | 0.776108
1328 | 0.838784
1344 | 0.894165
1360 | 0.935137
1376 | 0.943303
1392 | 0.92971
1408 | 0.920832
1424 | 0.91358
1440 | 0.906269
1456 | 0.908733
1472 | 0.926872
1488 | 0.948452
1504 | 0.954826
1520 | 0.957371
1536 | 0.958712
1552 | 0.960182
1568 | 0.957574
1584 | 0.941459
1600 | 0.931454
1616 | 0.933484
1632 | 0.936359
1648 | 0.938899
1664 | 0.945249
1680 | 0.952134
1696 | 0.939734
1712 | 0.919866
1728 | 0.904845
1744 | 0.875
1760 | 0.816182
1776 | 0.787373
1792 | 0.807536
1808 | 0.836087
1824 | 0.856716
1840 | 0.886015
1856 | 0.932602
1872 | 0.956486
1888 | 0.951385
1904 | 0.946295
1920 | 0.932201
1936 | 0.903914
1952 | 0.846256
1968 | 0.759184
1984 | 0.657795
2000 | 0.495585
2016 | 0.332532
2032 | 0.242788
2048 | 0.211653
2064 | 0.239125
2080 | 0.325206
2096 | 0.467893
2112 | 0.658219
2128 | 0.788622
2144 | 0.873444
2160 | 0.924453
2176 | 0.949473
2192 | 0.954734
2208 | 0.953366
2224 | 0.949599
2240 | 0.946214
2256 | 0.942691
2272 | 0.939119
2288 | 0.936681
2304 | 0.937459
2320 | 0.936257
2336 | 0.908674
2352 | 0.855241
2368 | 0.775194
2384 | 0.667007
2400 | 0.529897
2416 | 0.38871
2432 | 0.278698
2448 | 0.176107
2464 | 0.0942982
2480 | 0.0376794
2496 | 0.00658157
2512 | 0
2528 | 0
2544 | 0
2560 | 0
2576 | 0
2592 | 0
2608 | 0
Valeur de l'integrale : 1747.31
