0
0
0
0
0
0
0
0
0
0
0
0
0
0
0
0
0
0
0.0505001
0.101053
0.14032
0.185784
0.238111
0.307153
0.389066
0.331218
0.280667
0.249789
0.222304
0.197347
0.185027
0.174704
0.203025
0.21532
0.212928
0.2109
0.217841
0.199617
0.157787
0.116765
0.0792128
0.0462316
0.0279965
0.0124641
0
0
0
0
0
0
0
0
0
0
0
0
0
0
0
0
0
0
0
0
0
0
0
0.0112893
0.0229173
0.0341399
0.0462576
0.0492948
0.0515557
0.0555857
0.048258
0.037484
0.01931
0.0010843
0
0
0
0
0
0
0
0
0
0
0
0
0
0
0
0
0
0
0
0
0.065578
0.109444
0.15567
0.207835
0.270469
0.358276
0.44224
0.337091
0.248979
0.180064
0.123043
0.0750544
0.0347466
0
0
0
0
0
0
0
0
0
0
0
0
0.0431259
0.082909
0.121652
0.164406
0.208584
0.232432
0.253086
0.242309
0.230678
0.190805
0.151275
0.119125
0.10449
0.0924242
0.0535808
0
0
0
0
0
0
0
0
0
0
0
0
0
0
0
0
0
0
0
0