112 | 0
128 | 0
144 | 0
160 | 0
176 | 0.00539639
192 | 0.0344388
208 | 0.0899383
224 | 0.183891
240 | 0.303176
256 | 0.439513
272 | 0.585235
288 | 0.714065
304 | 0.804056
320 | 0.85644
336 | 0.885343
352 | 0.90688
368 | 0.918205
384 | 0.925232
400 | 0.922127
416 | 0.911356
432 | 0.88949
448 | 0.844703
464 | 0.771245
480 | 0.691567
496 | 0.625685
512 | 0.62295
528 | 0.657614
544 | 0.705833
560 | 0.779571
576 | 0.850158
592 | 0.885566
608 | 0.885832
624 | 0.873166
640 | 0.864584
656 | 0.869356
672 | 0.839227
688 | 0.78613
704 | 0.74743
720 | 0.743391
736 | 0.74855
752 | 0.754255
768 | 0.769143
784 | 0.810969
800 | 0.862457
816 | 0.908002
832 | 0.928217
848 | 0.934727
864 | 0.939665
880 | 0.93953
896 | 0.93953
912 | 0.93953
928 | 0.940966
944 | 0.952861
960 | 0.958799
976 | 0.943436
992 | 0.905147
1008 | 0.870405
1024 | 0.855727
1040 | 0.854122
1056 | 0.850882
1072 | 0.845945
1088 | 0.84559
1104 | 0.875241
1120 | 0.906609
1136 | 0.909717
1152 | 0.892892
1168 | 0.884311
1184 | 0.89802
1200 | 0.921268
1216 | 0.935352
1232 | 0.930981
1248 | 0.917345
1264 | 0.901319
1280 | 0.872815
1296 | 0.839591
1312 | 0.812154
1328 | 0.810947
1344 | 0.827663
1360 | 0.867256
1376 | 0.910799
1392 | 0.945882
1408 | 0.962779
1424 | 0.966614
1440 | 0.965245
1456 | 0.961423
1472 | 0.957191
1488 | 0.953225
1504 | 0.949406
1520 | 0.946135
1536 | 0.944342
1552 | 0.945129
1568 | 0.949822
1584 | 0.951148
1600 | 0.936219
1616 | 0.920142
1632 | 0.915711
1648 | 0.919556
1664 | 0.923881
1680 | 0.918248
1696 | 0.898348
1712 | 0.878831
1728 | 0.84271
1744 | 0.787071
1760 | 0.71961
1776 | 0.666051
1792 | 0.670049
1808 | 0.72549
1824 | 0.783134
1840 | 0.833878
1856 | 0.886149
1872 | 0.913353
1888 | 0.917015
1904 | 0.903412
1920 | 0.888442
1936 | 0.887052
1952 | 0.898689
1968 | 0.88797
1984 | 0.870109
2000 | 0.86449
2016 | 0.880812
2032 | 0.894628
2048 | 0.895689
2064 | 0.895689
2080 | 0.904434
2096 | 0.909595
2112 | 0.902622
2128 | 0.866494
2144 | 0.804355
2160 | 0.726912
2176 | 0.637925
2192 | 0.551247
2208 | 0.47439
2224 | 0.434382
2240 | 0.393829
2256 | 0.354422
2272 | 0.302614
2288 | 0.254545
2304 | 0.19749
2320 | 0.119937
2336 | 0.0572186
2352 | 0.0195376
2368 | 0.00213131
2384 | 0
2400 | 0
2416 | 0
2432 | 0
2448 | 0
2464 | 0
2480 | 0
2496 | 0
2512 | 0
2528 | 0
2544 | 0
2560 | 0
2576 | 0
2592 | 0
2608 | 0
2624 | 0
Valeur de l'integrale : 1724.26
