144 | 0
160 | 0
176 | 0.00419719
192 | 0.0267857
208 | 0.0699748
224 | 0.143641
240 | 0.23805
256 | 0.347038
272 | 0.467541
288 | 0.580743
304 | 0.677536
320 | 0.758285
336 | 0.819612
352 | 0.870027
368 | 0.90558
384 | 0.924969
400 | 0.925781
416 | 0.915139
432 | 0.887685
448 | 0.847344
464 | 0.803508
480 | 0.766425
496 | 0.736957
512 | 0.721766
528 | 0.711943
544 | 0.70811
560 | 0.729876
576 | 0.765278
592 | 0.798733
608 | 0.832765
624 | 0.862144
640 | 0.881228
656 | 0.883099
672 | 0.861234
688 | 0.828974
704 | 0.778471
720 | 0.744533
736 | 0.748423
752 | 0.774419
768 | 0.803865
784 | 0.819437
800 | 0.82931
816 | 0.852762
832 | 0.876624
848 | 0.901643
864 | 0.924338
880 | 0.93919
896 | 0.94584
912 | 0.946397
928 | 0.946397
944 | 0.946397
960 | 0.942146
976 | 0.936557
992 | 0.916198
1008 | 0.893795
1024 | 0.884297
1040 | 0.883098
1056 | 0.881081
1072 | 0.869858
1088 | 0.850968
1104 | 0.8466
1120 | 0.861388
1136 | 0.887621
1152 | 0.900765
1168 | 0.902939
1184 | 0.903553
1200 | 0.905288
1216 | 0.915855
1232 | 0.927224
1248 | 0.920613
1264 | 0.896018
1280 | 0.872949
1296 | 0.867713
1312 | 0.864167
1328 | 0.864167
1344 | 0.864167
1360 | 0.864167
1376 | 0.873791
1392 | 0.89796
1408 | 0.925977
1424 | 0.949858
1440 | 0.961365
1456 | 0.962715
1472 | 0.960443
1488 | 0.957875
1504 | 0.955449
1520 | 0.952875
1536 | 0.950089
1552 | 0.947661
1568 | 0.947271
1584 | 0.946875
1600 | 0.936518
1616 | 0.925885
1632 | 0.923393
1648 | 0.926337
1664 | 0.929525
1680 | 0.925831
1696 | 0.908976
1712 | 0.88136
1728 | 0.842726
1744 | 0.810576
1760 | 0.787161
1776 | 0.767996
1792 | 0.756832
1808 | 0.755958
1824 | 0.764195
1840 | 0.783669
1856 | 0.820416
1872 | 0.856778
1888 | 0.879976
1904 | 0.891995
1920 | 0.901816
1936 | 0.907385
1952 | 0.90604
1968 | 0.897217
1984 | 0.886557
2000 | 0.861746
2016 | 0.858773
2032 | 0.880499
2048 | 0.90189
2064 | 0.912074
2080 | 0.910771
2096 | 0.896164
2112 | 0.877171
2128 | 0.857622
2144 | 0.832172
2160 | 0.784829
2176 | 0.718695
2192 | 0.644514
2208 | 0.562192
2224 | 0.501486
2240 | 0.440971
2256 | 0.395134
2272 | 0.34795
2288 | 0.308107
2304 | 0.264709
2320 | 0.196591
2336 | 0.133354
2352 | 0.0809865
2368 | 0.0395543
2384 | 0.0137899
2400 | 0.00155005
2416 | 0
2432 | 0
2448 | 0
2464 | 0
2480 | 0
2496 | 0
2512 | 0
2528 | 0
2544 | 0
2560 | 0
2576 | 0
2592 | 0
2608 | 0
2624 | 0
Valeur de l'integrale : 1731.07
