0
0
0
0
0
0
0
0
0
0
0
0
0
0
0
0
0
0
0
0
0
0
0
0
0.355182
0.476362
0.383333
0.383333
0.383333
0.383333
0.363035
0.0650847
0.173913
0.173913
0.172973
0.170043
0.262027
0.266667
0.266667
0.264463
0.163526
0.134172
0.192048
0.130679
0
0
0
0
0
0
0
0
0
0
0
0
0
0
0
0
0
0
0
0
0
0
0
0
0
0
0
0
0
0.0669643
0.0714286
0.0714286
0.0878517
0.00824742
0
0
0
0
0
0
0
0
0
0
0
0
0
0
0
0
0
0
0
0
0
0
0
0
0
0
0.453893
0.415454
0.504801
0.505495
0.505495
0.480104
0.30746
0
0
0
0
0
0
0
0
0
0
0
0
0
0
0
0
0
0
0.287616
0.306667
0.344408
0.340899
0.286426
0.137776
0.125984
0.219187
0.222813
0
0
0
0
0
0
0
0
0
0
0
0
0
0
0
0
0
0
0
0
0
0
0
0
0
0