0
0
0
0
0
0
0
0
0
0
0
0
0
0
0
0.0390699
0.077599
0.105575
0.134245
0.162474
0.194321
0.230064
0.238663
0.266068
0.294957
0.272282
0.241156
0.231674
0.222526
0.213379
0.204097
0.186989
0.197499
0.2002
0.197531
0.178713
0.157419
0.128379
0.0976313
0.0709338
0.0475642
0.0284624
0.0181079
0.00849313
0
0
0
0
0
0
0
0
0
0
0
0
0
0
0
0
0
0
0
0
0.00768074
0.0158735
0.0237772
0.0321623
0.0340414
0.0361978
0.0385731
0.0409649
0.0424861
0.0412272
0.0315645
0.0212578
0.010951
0.00062819
0
0
0
0
0
0
0
0
0
0
0
0
0
0
0
0
0
0.0476639
0.0799435
0.111876
0.147332
0.183068
0.222699
0.255999
0.251707
0.251707
0.256011
0.197882
0.15446
0.117004
0.0869029
0.0576304
0.0277724
0
0
0
0
0
0
0
0
0
0.029419
0.0609541
0.0948145
0.125748
0.149326
0.157897
0.168698
0.193344
0.217902
0.223735
0.198331
0.174405
0.147387
0.12204
0.09702
0.0784461
0.061387
0.0311259
0
0
0
0
0
0
0
0
0
0
0
0
0
0
0
0
0