176 | 0.00343407
192 | 0.0219156
208 | 0.0572641
224 | 0.117847
240 | 0.195956
256 | 0.286712
272 | 0.389259
288 | 0.48729
304 | 0.571712
320 | 0.648761
336 | 0.72311
352 | 0.795812
368 | 0.854874
384 | 0.895677
400 | 0.951842
416 | 0.989168
432 | 0.993805
448 | 0.984051
464 | 0.966498
480 | 0.960904
496 | 0.978232
512 | 0.988942
528 | 1.00927
544 | 1.02129
560 | 1.03955
576 | 1.01856
592 | 0.998296
608 | 0.997084
624 | 1.01708
640 | 1.0537
656 | 1.07183
672 | 1.05889
688 | 1.04738
704 | 1.00669
720 | 0.96789
736 | 0.931724
752 | 0.909582
768 | 0.905796
784 | 0.909797
800 | 0.906957
816 | 0.894833
832 | 0.874433
848 | 0.874567
864 | 0.890664
880 | 0.911702
896 | 0.932619
912 | 0.944942
928 | 0.950199
944 | 0.95065
960 | 0.946399
976 | 0.93401
992 | 0.909754
1008 | 0.896702
1024 | 0.897566
1040 | 0.899755
1056 | 0.898961
1072 | 0.890251
1088 | 0.875527
1104 | 0.865884
1120 | 0.862958
1136 | 0.862106
1152 | 0.863741
1168 | 0.885401
1184 | 0.915003
1200 | 0.930235
1216 | 0.93856
1232 | 0.942329
1248 | 0.937562
1264 | 0.93223
1280 | 0.91952
1296 | 0.90592
1312 | 0.904735
1328 | 0.918479
1344 | 0.925973
1360 | 0.918127
1376 | 0.90912
1392 | 0.899979
1408 | 0.896554
1424 | 0.911437
1440 | 0.930716
1456 | 0.948257
1472 | 0.957724
1488 | 0.959835
1504 | 0.958649
1520 | 0.95686
1536 | 0.954915
1552 | 0.952786
1568 | 0.951184
1584 | 0.948548
1600 | 0.936439
1616 | 0.92558
1632 | 0.925464
1648 | 0.9298
1664 | 0.933127
1680 | 0.973934
1696 | 0.989486
1712 | 0.996888
1728 | 0.995289
1744 | 0.992633
1760 | 0.999281
1776 | 1.02242
1792 | 1.02626
1808 | 1.02891
1824 | 1.02969
1840 | 1.02196
1856 | 0.975612
1872 | 0.953374
1888 | 0.935561
1904 | 0.926539
1920 | 0.92498
1936 | 0.922171
1952 | 0.912867
1968 | 0.911717
1984 | 0.895727
2000 | 0.876194
2016 | 0.875192
2032 | 0.875423
2048 | 0.882392
2064 | 0.898718
2080 | 0.939998
2096 | 0.963846
2112 | 0.971824
2128 | 0.969449
2144 | 0.960645
2160 | 0.937996
2176 | 0.911454
2192 | 0.880792
2208 | 0.836832
2224 | 0.787809
2240 | 0.727185
2256 | 0.645431
2272 | 0.56
2288 | 0.493331
2304 | 0.429097
2320 | 0.338218
2336 | 0.267691
2352 | 0.202149
2368 | 0.127973
2384 | 0.061133
2400 | 0.0302974
2416 | 0.0108767
2432 | 0.00128824
2448 | 0
2464 | 0
2480 | 0
2496 | 0
2512 | 0
2528 | 0
2544 | 0
2560 | 0
2576 | 0
2592 | 0
2608 | 0
2624 | 0
Valeur de l'integrale : 1891.53
