192 | 0.0200893
208 | 0.0524961
224 | 0.108137
240 | 0.180038
256 | 0.263785
272 | 0.359189
288 | 0.451002
304 | 0.530299
320 | 0.604026
336 | 0.676422
352 | 0.750093
368 | 0.81876
384 | 0.869247
400 | 0.89809
416 | 0.908087
432 | 0.896448
448 | 0.865247
464 | 0.824814
480 | 0.792407
496 | 0.778199
512 | 0.784563
528 | 0.793182
544 | 0.788338
560 | 0.783197
576 | 0.773827
592 | 0.760479
608 | 0.751827
624 | 0.7651
640 | 0.800233
656 | 0.844928
672 | 0.86399
688 | 0.855557
704 | 0.826862
720 | 0.800774
736 | 0.791937
752 | 0.786134
768 | 0.795545
784 | 0.816789
800 | 0.841779
816 | 0.856505
832 | 0.855226
848 | 0.851721
864 | 0.865907
880 | 0.890696
896 | 0.917036
912 | 0.935897
928 | 0.947053
944 | 0.951811
960 | 0.948369
976 | 0.937122
992 | 0.913995
1008 | 0.895523
1024 | 0.895881
1040 | 0.903309
1056 | 0.904853
1072 | 0.897588
1088 | 0.884329
1104 | 0.875695
1120 | 0.873166
1136 | 0.866802
1152 | 0.860175
1168 | 0.867183
1184 | 0.893094
1200 | 0.913743
1216 | 0.920916
1232 | 0.917234
1248 | 0.904663
1264 | 0.892358
1280 | 0.884306
1296 | 0.87764
1312 | 0.870452
1328 | 0.877687
1344 | 0.891493
1360 | 0.898769
1376 | 0.8993
1392 | 0.89918
1408 | 0.898241
1424 | 0.901742
1440 | 0.913904
1456 | 0.930131
1472 | 0.947301
1488 | 0.95692
1504 | 0.959225
1520 | 0.958186
1536 | 0.956519
1552 | 0.954714
1568 | 0.953317
1584 | 0.950648
1600 | 0.938991
1616 | 0.927424
1632 | 0.925033
1648 | 0.92975
1664 | 0.93391
1680 | 0.931663
1696 | 0.918882
1712 | 0.89907
1728 | 0.86929
1744 | 0.837051
1760 | 0.809645
1776 | 0.796424
1792 | 0.804795
1808 | 0.819961
1824 | 0.825003
1840 | 0.816047
1856 | 0.812236
1872 | 0.810811
1888 | 0.812204
1904 | 0.820816
1920 | 0.846696
1936 | 0.879647
1952 | 0.902997
1968 | 0.911485
1984 | 0.903307
2000 | 0.885235
2016 | 0.877166
2032 | 0.883674
2048 | 0.884559
2064 | 0.890747
2080 | 0.903333
2096 | 0.90707
2112 | 0.894206
2128 | 0.864508
2144 | 0.824901
2160 | 0.787347
2176 | 0.75482
2192 | 0.720202
2208 | 0.668327
2224 | 0.620625
2240 | 0.561906
2256 | 0.500508
2272 | 0.433943
2288 | 0.379991
2304 | 0.335751
2320 | 0.277155
2336 | 0.22498
2352 | 0.177009
2368 | 0.13208
2384 | 0.0896714
2400 | 0.0545809
2416 | 0.0275556
2432 | 0.0101321
2448 | 0.00122378
2464 | 0
2480 | 0
2496 | 0
2512 | 0
2528 | 0
2544 | 0
2560 | 0
2576 | 0
2592 | 0
2608 | 0
2624 | 0
Valeur de l'integrale : 1736.57
