208 | 0.0484612
224 | 0.0999059
240 | 0.166512
256 | 0.244253
272 | 0.333432
288 | 0.419745
304 | 0.49448
320 | 0.565061
336 | 0.635398
352 | 0.707427
368 | 0.777746
384 | 0.836767
400 | 0.907061
416 | 0.957862
432 | 0.977273
448 | 0.976929
464 | 0.963491
480 | 0.957458
496 | 0.964586
512 | 0.967663
528 | 0.990349
544 | 1.00763
560 | 1.024
576 | 1.03575
592 | 1.0448
608 | 1.01787
624 | 1.00036
640 | 1.01332
656 | 1.03361
672 | 1.04551
688 | 1.04091
704 | 1.01451
720 | 0.992814
736 | 0.963501
752 | 0.947991
768 | 0.933014
784 | 0.922691
800 | 0.919601
816 | 0.920901
832 | 0.909702
848 | 0.892233
864 | 0.880568
880 | 0.888427
896 | 0.903994
912 | 0.921458
928 | 0.93863
944 | 0.948821
960 | 0.949636
976 | 0.939722
992 | 0.918588
1008 | 0.900591
1024 | 0.894845
1040 | 0.901328
1056 | 0.907763
1072 | 0.903145
1088 | 0.891612
1104 | 0.883798
1120 | 0.881577
1136 | 0.875913
1152 | 0.864739
1168 | 0.863618
1184 | 0.882105
1200 | 0.912175
1216 | 0.936791
1232 | 0.945269
1248 | 0.935038
1264 | 0.918552
1280 | 0.906973
1296 | 0.907477
1312 | 0.909804
1328 | 0.911689
1344 | 0.91789
1360 | 0.928817
1376 | 0.934588
1392 | 0.928246
1408 | 0.920385
1424 | 0.911202
1440 | 0.905159
1456 | 0.914029
1472 | 0.930073
1488 | 0.947154
1504 | 0.956526
1520 | 0.95877
1536 | 0.95779
1552 | 0.956226
1568 | 0.955034
1584 | 0.952693
1600 | 0.94198
1616 | 0.930639
1632 | 0.926744
1648 | 0.929175
1664 | 0.933663
1680 | 0.970572
1696 | 0.984199
1712 | 0.990414
1728 | 0.98887
1744 | 0.986711
1760 | 0.991827
1776 | 1.00214
1792 | 0.996813
1808 | 1.00478
1824 | 1.01322
1840 | 1.00987
1856 | 1.00927
1872 | 1.00455
1888 | 0.957704
1904 | 0.932097
1920 | 0.921608
1936 | 0.925839
1952 | 0.93071
1968 | 0.923658
1984 | 0.903885
2000 | 0.893551
2016 | 0.885402
2032 | 0.884612
2048 | 0.891096
2064 | 0.891931
2080 | 0.920038
2096 | 0.946609
2112 | 0.963873
2128 | 0.967315
2144 | 0.956164
2160 | 0.925506
2176 | 0.893404
2192 | 0.873185
2208 | 0.850098
2224 | 0.816226
2240 | 0.767022
2256 | 0.718646
2272 | 0.659242
2288 | 0.585802
2304 | 0.51273
2320 | 0.419286
2336 | 0.340096
2352 | 0.26982
2368 | 0.214446
2384 | 0.162286
2400 | 0.102987
2416 | 0.0499781
2432 | 0.0257983
2448 | 0.0096522
2464 | 0.00115648
2480 | 0
2496 | 0
2512 | 0
2528 | 0
2544 | 0
2560 | 0
2576 | 0
2592 | 0
2608 | 0
2624 | 0
Valeur de l'integrale : 1893.7
