0
0
0
0
0
0
0
0
0
0
0
0.0315867
0.062418
0.0832524
0.104057
0.124768
0.14536
0.16657
0.168281
0.178041
0.18969
0.203256
0.217379
0.242043
0.26938
0.261519
0.246869
0.231209
0.216913
0.206159
0.191296
0.167283
0.162909
0.148275
0.130128
0.112716
0.0960711
0.078462
0.0619855
0.046606
0.0323682
0.019226
0.0123012
0.00583502
0
0
0
0
0
0
0
0
0
0
0
0
0
0
0
0
0.00567591
0.0115553
0.0171733
0.0228597
0.0236659
0.0249191
0.026058
0.027303
0.0286602
0.0283554
0.0280187
0.0275469
0.0266403
0.0261652
0.0201849
0.0138663
0.00742277
0.000456113
0
0
0
0
0
0
0
0
0
0
0
0
0
0.0363767
0.0594721
0.0817158
0.105489
0.130718
0.156994
0.179402
0.176407
0.170058
0.167175
0.164705
0.163315
0.166286
0.175107
0.142354
0.115816
0.0885635
0.0635359
0.0415079
0.0204697
0
0
0
0
0
0.022187
0.0455818
0.0676638
0.0885286
0.108305
0.120037
0.130914
0.146518
0.159183
0.156911
0.157672
0.163037
0.16878
0.17771
0.161691
0.134608
0.107981
0.0830691
0.0613826
0.0500622
0.0394223
0.0202937
0
0
0
0
0
0
0
0
0
0
0
0
0