224 | 0.0928391
240 | 0.154876
256 | 0.227415
272 | 0.311121
288 | 0.392539
304 | 0.463193
320 | 0.530819
336 | 0.599065
352 | 0.669353
368 | 0.73894
384 | 0.79961
400 | 0.844203
416 | 0.870333
432 | 0.876048
448 | 0.86258
464 | 0.835809
480 | 0.810949
496 | 0.796987
512 | 0.796602
528 | 0.802593
544 | 0.806661
560 | 0.813541
576 | 0.811378
592 | 0.794995
608 | 0.770934
624 | 0.758993
640 | 0.764658
656 | 0.788255
672 | 0.807771
688 | 0.822625
704 | 0.826217
720 | 0.823344
736 | 0.815212
752 | 0.810237
768 | 0.819579
784 | 0.824058
800 | 0.831385
816 | 0.844887
832 | 0.855609
848 | 0.860416
864 | 0.863902
880 | 0.868673
896 | 0.883043
912 | 0.903449
928 | 0.925184
944 | 0.940943
960 | 0.946963
976 | 0.941567
992 | 0.922469
1008 | 0.905979
1024 | 0.899647
1040 | 0.899987
1056 | 0.905607
1072 | 0.905963
1088 | 0.897242
1104 | 0.890602
1120 | 0.888628
1136 | 0.88353
1152 | 0.873527
1168 | 0.867623
1184 | 0.872127
1200 | 0.883748
1216 | 0.905479
1232 | 0.918653
1248 | 0.913379
1264 | 0.896965
1280 | 0.878922
1296 | 0.87271
1312 | 0.87825
1328 | 0.886827
1344 | 0.889266
1360 | 0.895247
1376 | 0.9059
1392 | 0.911488
1408 | 0.911254
1424 | 0.909475
1440 | 0.905933
1456 | 0.905157
1472 | 0.914703
1488 | 0.930922
1504 | 0.94739
1520 | 0.956258
1536 | 0.958375
1552 | 0.957444
1568 | 0.956406
1584 | 0.954367
1600 | 0.944802
1616 | 0.934252
1632 | 0.929744
1648 | 0.930429
1664 | 0.932987
1680 | 0.932308
1696 | 0.922456
1712 | 0.906095
1728 | 0.88084
1744 | 0.853539
1760 | 0.831941
1776 | 0.819288
1792 | 0.816935
1808 | 0.823258
1824 | 0.833697
1840 | 0.838217
1856 | 0.8414
1872 | 0.834582
1888 | 0.817645
1904 | 0.804863
1920 | 0.812643
1936 | 0.835941
1952 | 0.865222
1968 | 0.886963
1984 | 0.895585
2000 | 0.894983
2016 | 0.893117
2032 | 0.891454
2048 | 0.891275
2064 | 0.897217
2080 | 0.89644
2096 | 0.891818
2112 | 0.885699
2128 | 0.873102
2144 | 0.847755
2160 | 0.808525
2176 | 0.762355
2192 | 0.721101
2208 | 0.684957
2224 | 0.663883
2240 | 0.624109
2256 | 0.575281
2272 | 0.515821
2288 | 0.45806
2304 | 0.400135
2320 | 0.326771
2336 | 0.270665
2352 | 0.22507
2368 | 0.18366
2384 | 0.144985
2400 | 0.108573
2416 | 0.0747993
2432 | 0.0469951
2448 | 0.0246565
2464 | 0.00914829
2480 | 0.00109619
2496 | 0
2512 | 0
2528 | 0
2544 | 0
2560 | 0
2576 | 0
2592 | 0
2608 | 0
2624 | 0
Valeur de l'integrale : 1738.09
