240 | 0.14476
256 | 0.212748
272 | 0.291609
288 | 0.368645
304 | 0.43563
320 | 0.500491
336 | 0.566663
352 | 0.635168
368 | 0.703822
384 | 0.764078
400 | 0.809894
416 | 0.842575
432 | 0.855692
448 | 0.850812
464 | 0.832725
480 | 0.815481
496 | 0.805085
512 | 0.805338
528 | 0.808674
544 | 0.809256
560 | 0.817252
576 | 0.820989
592 | 0.810643
608 | 0.790072
624 | 0.772285
640 | 0.768137
656 | 0.77802
672 | 0.785819
688 | 0.79372
704 | 0.805461
720 | 0.816562
736 | 0.82242
752 | 0.822032
768 | 0.825382
784 | 0.834018
800 | 0.837831
816 | 0.842406
832 | 0.847966
848 | 0.857345
864 | 0.86659
880 | 0.872066
896 | 0.876912
912 | 0.889838
928 | 0.90838
944 | 0.928365
960 | 0.939659
976 | 0.939495
992 | 0.925452
1008 | 0.910577
1024 | 0.904796
1040 | 0.904089
1056 | 0.90407
1072 | 0.90407
1088 | 0.900245
1104 | 0.895934
1120 | 0.894624
1136 | 0.889991
1152 | 0.880945
1168 | 0.87563
1184 | 0.875254
1200 | 0.879676
1216 | 0.890298
1232 | 0.906409
1248 | 0.911698
1264 | 0.901963
1280 | 0.885132
1296 | 0.87348
1312 | 0.873462
1328 | 0.886068
1344 | 0.894224
1360 | 0.896364
1376 | 0.90171
1392 | 0.91118
1408 | 0.91571
1424 | 0.914574
1440 | 0.911529
1456 | 0.906325
1472 | 0.906177
1488 | 0.91637
1504 | 0.932134
1520 | 0.947689
1536 | 0.956028
1552 | 0.958026
1568 | 0.957529
1584 | 0.955725
1600 | 0.947135
1616 | 0.937647
1632 | 0.933161
1648 | 0.932841
1664 | 0.933891
1680 | 0.931735
1696 | 0.922732
1712 | 0.908243
1728 | 0.88527
1744 | 0.860117
1760 | 0.840167
1776 | 0.828387
1792 | 0.82721
1808 | 0.83053
1824 | 0.834366
1840 | 0.838446
1856 | 0.847026
1872 | 0.845896
1888 | 0.831552
1904 | 0.813956
1920 | 0.809259
1936 | 0.824477
1952 | 0.845924
1968 | 0.86663
1984 | 0.881149
2000 | 0.887625
2016 | 0.894493
2032 | 0.897997
2048 | 0.897012
2064 | 0.896867
2080 | 0.900968
2096 | 0.89275
2112 | 0.880004
2128 | 0.867087
2144 | 0.849424
2160 | 0.820171
2176 | 0.77812
2192 | 0.730339
2208 | 0.687157
2224 | 0.666301
2240 | 0.640066
2256 | 0.603797
2272 | 0.550336
2288 | 0.498949
2304 | 0.440695
2320 | 0.362861
2336 | 0.297024
2352 | 0.246749
2368 | 0.205739
2384 | 0.168213
2400 | 0.133186
2416 | 0.100935
2432 | 0.0707193
2448 | 0.0450428
2464 | 0.0234493
2480 | 0.00869439
2496 | 0.00104188
2512 | 0
2528 | 0
2544 | 0
2560 | 0
2576 | 0
2592 | 0
2608 | 0
2624 | 0
Valeur de l'integrale : 1737.81
