0
0
0
0
0
0
0
0
0
0
0.0302428
0.0598205
0.079798
0.0993009
0.118878
0.13841
0.157035
0.15858
0.168714
0.177731
0.188443
0.200744
0.219633
0.243319
0.269233
0.261685
0.23948
0.225965
0.215959
0.201905
0.178189
0.154882
0.150386
0.13367
0.117533
0.101987
0.08794
0.0720389
0.0570721
0.0432005
0.0297142
0.017643
0.0113259
0.00539436
0
0
0
0
0
0
0
0
0
0
0
0
0
0
0
0.00530176
0.0108136
0.0161693
0.0215832
0.0222439
0.0229201
0.0240936
0.0251566
0.0263043
0.0260474
0.0257954
0.0255164
0.0251245
0.0243902
0.0241367
0.0188181
0.0131252
0.00715921
0.000436514
0
0
0
0
0
0
0
0
0
0
0
0
0.0350183
0.0569245
0.0771875
0.0988192
0.122011
0.146271
0.167137
0.163627
0.159851
0.156233
0.153797
0.151655
0.151495
0.158783
0.167673
0.133605
0.106185
0.0814875
0.0600852
0.039846
0.0195423
0
0
0
0
0.0202903
0.0419562
0.0644049
0.0847871
0.101994
0.110491
0.120519
0.138558
0.153015
0.150138
0.148116
0.150792
0.155692
0.16326
0.170973
0.146629
0.122354
0.0984399
0.0759341
0.0562199
0.0459881
0.0366491
0.0191868
0
0
0
0
0
0
0
0
0
0
0
0