256 | 0.199859
272 | 0.2744
288 | 0.347494
304 | 0.411163
320 | 0.47344
336 | 0.537586
352 | 0.604305
368 | 0.671891
384 | 0.731568
400 | 0.805852
416 | 0.867852
432 | 0.906606
448 | 0.927887
464 | 0.93657
480 | 0.94567
496 | 0.959563
512 | 0.962568
528 | 0.975825
544 | 0.983664
560 | 0.996441
576 | 1.01108
592 | 1.02347
608 | 1.02727
624 | 1.03483
640 | 1.04901
656 | 1.03392
672 | 1.01032
688 | 0.998034
704 | 0.990402
720 | 0.98644
736 | 0.981827
752 | 0.972091
768 | 0.971652
784 | 0.959922
800 | 0.953068
816 | 0.941525
832 | 0.926615
848 | 0.916789
864 | 0.916546
880 | 0.914003
896 | 0.906924
912 | 0.9002
928 | 0.906128
944 | 0.917635
960 | 0.927861
976 | 0.932978
992 | 0.924329
1008 | 0.914224
1024 | 0.90923
1040 | 0.908572
1056 | 0.907661
1072 | 0.902725
1088 | 0.898827
1104 | 0.898827
1120 | 0.899352
1136 | 0.895542
1152 | 0.887291
1168 | 0.882461
1184 | 0.887026
1200 | 0.892266
1216 | 0.901339
1232 | 0.912468
1248 | 0.921366
1264 | 0.922581
1280 | 0.913117
1296 | 0.903209
1312 | 0.898455
1328 | 0.905182
1344 | 0.916847
1360 | 0.924054
1376 | 0.925723
1392 | 0.930163
1408 | 0.937777
1424 | 0.941122
1440 | 0.934105
1456 | 0.924405
1472 | 0.914097
1488 | 0.908621
1504 | 0.918388
1520 | 0.933318
1536 | 0.947959
1552 | 0.955823
1568 | 0.95807
1584 | 0.956848
1600 | 0.949054
1616 | 0.940486
1632 | 0.936417
1648 | 0.93569
1664 | 0.935836
1680 | 0.965695
1696 | 0.977438
1712 | 0.9831
1728 | 0.981998
1744 | 0.980231
1760 | 0.98426
1776 | 0.992763
1792 | 0.988425
1808 | 0.988291
1824 | 0.98804
1840 | 0.983265
1856 | 0.989057
1872 | 0.992254
1888 | 0.9879
1904 | 0.980302
1920 | 0.975657
1936 | 0.943815
1952 | 0.932983
1968 | 0.925517
1984 | 0.919595
2000 | 0.912252
2016 | 0.905968
2032 | 0.89889
2048 | 0.902597
2064 | 0.901747
2080 | 0.919044
2096 | 0.935882
2112 | 0.941347
2128 | 0.943522
2144 | 0.942702
2160 | 0.927721
2176 | 0.902781
2192 | 0.875615
2208 | 0.842718
2224 | 0.813705
2240 | 0.785394
2256 | 0.762307
2272 | 0.723942
2288 | 0.684671
2304 | 0.639074
2320 | 0.558524
2336 | 0.466074
2352 | 0.384386
2368 | 0.317164
2384 | 0.259393
2400 | 0.207353
2416 | 0.167464
2432 | 0.130666
2448 | 0.0864804
2464 | 0.0429668
2480 | 0.0223549
2496 | 0.0082834
2512 | 0.000992802
2528 | 0
2544 | 0
2560 | 0
2576 | 0
2592 | 0
2608 | 0
2624 | 0
Valeur de l'integrale : 1893.06
