0
0
0
0
0
0
0
0
0
0.0290087
0.0574306
0.07665
0.0953923
0.11372
0.132205
0.149911
0.150179
0.159697
0.169086
0.177397
0.187146
0.203611
0.221856
0.24447
0.268985
0.253497
0.234082
0.22473
0.211403
0.188786
0.165664
0.143883
0.136683
0.121685
0.10716
0.0939909
0.0810837
0.0665878
0.0530863
0.0398107
0.0274319
0.0163009
0.010494
0.00501558
0
0
0
0
0
0
0
0
0
0
0
0
0
0
0.0049128
0.0101531
0.0152067
0.0203958
0.0210513
0.0215838
0.0222198
0.023321
0.0243063
0.0240867
0.0238711
0.0236593
0.0234245
0.0231136
0.0226183
0.0226318
0.0178946
0.0126993
0.00687424
0.000413597
0
0
0
0
0
0
0
0
0
0
0
0.0330512
0.0549099
0.0740072
0.0935524
0.114596
0.136935
0.156441
0.153362
0.149285
0.147576
0.144487
0.142358
0.14141
0.145242
0.152645
0.158158
0.123103
0.0980324
0.0772322
0.0577721
0.0381135
0.0183583
0
0
0
0.0186982
0.0385988
0.0595806
0.0809478
0.0979653
0.104504
0.111653
0.128439
0.145375
0.14464
0.142067
0.142028
0.144487
0.150982
0.157556
0.156118
0.134134
0.112145
0.0904478
0.0699278
0.0519414
0.0429823
0.0348061
0.0184557
0
0
0
0
0
0
0
0
0
0
0