304 | 0.351875
320 | 0.407385
336 | 0.465871
352 | 0.527423
368 | 0.591399
384 | 0.64876
400 | 0.692112
416 | 0.723684
432 | 0.743459
448 | 0.753785
464 | 0.759146
480 | 0.769874
496 | 0.785876
512 | 0.806808
528 | 0.823404
544 | 0.829555
560 | 0.834098
576 | 0.834418
592 | 0.827922
608 | 0.819205
624 | 0.816821
640 | 0.818186
656 | 0.816977
672 | 0.802442
688 | 0.777798
704 | 0.756172
720 | 0.748958
736 | 0.759285
752 | 0.783538
768 | 0.817658
784 | 0.843717
800 | 0.858423
816 | 0.862423
832 | 0.858344
848 | 0.857632
864 | 0.857535
880 | 0.861673
896 | 0.871408
912 | 0.883939
928 | 0.892424
944 | 0.896208
960 | 0.896378
976 | 0.897551
992 | 0.896261
1008 | 0.900028
1024 | 0.907906
1040 | 0.915091
1056 | 0.91797
1072 | 0.913455
1088 | 0.905343
1104 | 0.900149
1120 | 0.899586
1136 | 0.901016
1152 | 0.899607
1168 | 0.897652
1184 | 0.897742
1200 | 0.897742
1216 | 0.897742
1232 | 0.894543
1248 | 0.885128
1264 | 0.874843
1280 | 0.869098
1296 | 0.876653
1312 | 0.886055
1328 | 0.891412
1344 | 0.892059
1360 | 0.893062
1376 | 0.898789
1392 | 0.908097
1408 | 0.913464
1424 | 0.91368
1440 | 0.915264
1456 | 0.919039
1472 | 0.920032
1488 | 0.917834
1504 | 0.915578
1520 | 0.913321
1536 | 0.914882
1552 | 0.923586
1568 | 0.936589
1584 | 0.94859
1600 | 0.949967
1616 | 0.946222
1632 | 0.943491
1648 | 0.942904
1664 | 0.94266
1680 | 0.939203
1696 | 0.929081
1712 | 0.914448
1728 | 0.893773
1744 | 0.873397
1760 | 0.860514
1776 | 0.853691
1792 | 0.853397
1808 | 0.856547
1824 | 0.858373
1840 | 0.855868
1856 | 0.857005
1872 | 0.854253
1888 | 0.847121
1904 | 0.843623
1920 | 0.845204
1936 | 0.847625
1952 | 0.846282
1968 | 0.839057
1984 | 0.830673
2000 | 0.829881
2016 | 0.841924
2032 | 0.863888
2048 | 0.885225
2064 | 0.900527
2080 | 0.909036
2096 | 0.90565
2112 | 0.892074
2128 | 0.872937
2144 | 0.852639
2160 | 0.823101
2176 | 0.792247
2192 | 0.765548
2208 | 0.736672
2224 | 0.713172
2240 | 0.676303
2256 | 0.639514
2272 | 0.605816
2288 | 0.585888
2304 | 0.56416
2320 | 0.507672
2336 | 0.444175
2352 | 0.381234
2368 | 0.319205
2384 | 0.264358
2400 | 0.218039
2416 | 0.184468
2432 | 0.158663
2448 | 0.135098
2464 | 0.110505
2480 | 0.0854773
2496 | 0.0600425
2512 | 0.037751
2528 | 0.0196487
2544 | 0.00731297
2560 | 0.000882029
2576 | 0
2592 | 0
2608 | 0
2624 | 0
Valeur de l'integrale : 1728.63
