0
0
0
0
0
0
0.0258446
0.0512839
0.0685386
0.0854097
0.10191
0.118051
0.133176
0.133065
0.140433
0.147604
0.154459
0.161974
0.173076
0.183813
0.196461
0.211184
0.22156
0.235215
0.253193
0.240622
0.21489
0.194372
0.174217
0.151995
0.131319
0.112599
0.108162
0.0973598
0.0866673
0.0763632
0.0655028
0.0537025
0.042587
0.0321349
0.0222946
0.0134111
0.00878186
0.00428897
0
0
0
0
0
0
0
0
0
0
0
0.00402658
0.00832159
0.0126166
0.0171039
0.017874
0.0183796
0.0189007
0.0193694
0.0198131
0.0195044
0.0195044
0.0193642
0.0192246
0.0191006
0.0190689
0.0191865
0.0194814
0.0198477
0.0203498
0.0160764
0.0111242
0.00588388
0.00035037
0
0
0
0
0
0
0
0
0.0263927
0.0451301
0.0635074
0.0825595
0.101231
0.118043
0.132443
0.129289
0.126182
0.124424
0.122724
0.12104
0.12053
0.121871
0.124383
0.125505
0.125076
0.126485
0.130507
0.104966
0.0862744
0.0674861
0.0488913
0.0314324
0.0150327
0.0149821
0.0308955
0.0478527
0.0651602
0.0816137
0.090613
0.0986027
0.110461
0.121452
0.121162
0.122945
0.126182
0.127049
0.127909
0.128993
0.126588
0.125658
0.124742
0.12384
0.106825
0.0898175
0.0735932
0.0585593
0.0451523
0.0381566
0.0310364
0.0162901
0
0
0
0
0
0
0
0