320 | 0.389281
336 | 0.446036
352 | 0.505966
368 | 0.56869
384 | 0.625172
400 | 0.692769
416 | 0.748273
432 | 0.78433
448 | 0.810908
464 | 0.832341
480 | 0.859873
496 | 0.895702
512 | 0.922191
528 | 0.95147
544 | 0.96994
560 | 0.985684
576 | 0.99403
592 | 0.998772
608 | 0.999706
624 | 1.00526
640 | 1.01991
656 | 1.03243
672 | 1.03233
688 | 1.02627
704 | 1.01459
720 | 0.980133
736 | 0.954906
752 | 0.950713
768 | 0.958221
784 | 0.969588
800 | 0.974598
816 | 0.970448
832 | 0.965257
848 | 0.950996
864 | 0.944334
880 | 0.935839
896 | 0.929915
912 | 0.927902
928 | 0.92915
944 | 0.927227
960 | 0.918556
976 | 0.905414
992 | 0.894725
1008 | 0.892128
1024 | 0.899387
1040 | 0.91077
1056 | 0.917375
1072 | 0.916231
1088 | 0.908846
1104 | 0.903962
1120 | 0.902686
1136 | 0.900088
1152 | 0.898483
1168 | 0.899941
1184 | 0.905221
1200 | 0.909619
1216 | 0.91367
1232 | 0.914921
1248 | 0.906873
1264 | 0.894562
1280 | 0.88451
1296 | 0.883784
1312 | 0.89595
1328 | 0.909639
1344 | 0.914612
1360 | 0.915218
1376 | 0.916001
1392 | 0.92116
1408 | 0.929438
1424 | 0.933918
1440 | 0.933449
1456 | 0.9343
1472 | 0.938591
1488 | 0.940555
1504 | 0.934669
1520 | 0.927909
1536 | 0.920811
1552 | 0.917052
1568 | 0.925428
1584 | 0.936932
1600 | 0.943584
1616 | 0.944755
1632 | 0.944886
1648 | 0.944668
1664 | 0.944448
1680 | 0.965815
1696 | 0.9738
1712 | 0.97713
1728 | 0.975349
1744 | 0.97334
1760 | 0.976669
1776 | 0.98413
1792 | 0.981035
1808 | 0.981212
1824 | 0.981323
1840 | 0.97734
1856 | 0.976834
1872 | 0.973971
1888 | 0.967916
1904 | 0.961861
1920 | 0.964093
1936 | 0.969782
1952 | 0.972008
1968 | 0.969369
1984 | 0.962276
2000 | 0.927604
2016 | 0.914642
2032 | 0.912237
2048 | 0.915677
2064 | 0.919245
2080 | 0.931575
2096 | 0.934867
2112 | 0.941432
2128 | 0.93946
2144 | 0.931643
2160 | 0.915999
2176 | 0.891594
2192 | 0.872253
2208 | 0.854324
2224 | 0.836087
2240 | 0.808232
2256 | 0.777239
2272 | 0.739483
2288 | 0.714674
2304 | 0.69411
2320 | 0.646726
2336 | 0.592518
2352 | 0.532588
2368 | 0.473131
2384 | 0.414479
2400 | 0.348049
2416 | 0.291465
2432 | 0.247697
2448 | 0.210799
2464 | 0.173964
2480 | 0.143374
2496 | 0.112262
2512 | 0.0734657
2528 | 0.0363479
2544 | 0.0189819
2560 | 0.00706231
2576 | 0.000851648
2592 | 0
2608 | 0
2624 | 0
Valeur de l'integrale : 1881.56
