320 | 0.389281
336 | 0.446036
352 | 0.505966
368 | 0.56869
384 | 0.625172
400 | 0.667831
416 | 0.698756
432 | 0.718127
448 | 0.728378
464 | 0.73383
480 | 0.745717
496 | 0.766871
512 | 0.79337
528 | 0.815879
544 | 0.827492
560 | 0.836583
576 | 0.838658
592 | 0.832986
608 | 0.82311
624 | 0.818325
640 | 0.820839
656 | 0.824191
672 | 0.814134
688 | 0.792275
704 | 0.766654
720 | 0.752381
736 | 0.752577
752 | 0.767847
768 | 0.796989
784 | 0.828543
800 | 0.852433
816 | 0.864699
832 | 0.863637
848 | 0.859497
864 | 0.8626
880 | 0.864488
896 | 0.868728
912 | 0.877635
928 | 0.889209
944 | 0.897033
960 | 0.897362
976 | 0.892659
992 | 0.886334
1008 | 0.888018
1024 | 0.899387
1040 | 0.91077
1056 | 0.917375
1072 | 0.916231
1088 | 0.908846
1104 | 0.903962
1120 | 0.902686
1136 | 0.900088
1152 | 0.898483
1168 | 0.899941
1184 | 0.901419
1200 | 0.901769
1216 | 0.901769
1232 | 0.898797
1248 | 0.890052
1264 | 0.877117
1280 | 0.866584
1296 | 0.865362
1312 | 0.877088
1328 | 0.89111
1344 | 0.896354
1360 | 0.89696
1376 | 0.897866
1392 | 0.903135
1408 | 0.911441
1424 | 0.915801
1440 | 0.915005
1456 | 0.915306
1472 | 0.919331
1488 | 0.920995
1504 | 0.919311
1520 | 0.917309
1536 | 0.915212
1552 | 0.916719
1568 | 0.925428
1584 | 0.936932
1600 | 0.943584
1616 | 0.944755
1632 | 0.944886
1648 | 0.944668
1664 | 0.944448
1680 | 0.941259
1696 | 0.931875
1712 | 0.917989
1728 | 0.897852
1744 | 0.876985
1760 | 0.862244
1776 | 0.856324
1792 | 0.857392
1808 | 0.861045
1824 | 0.862915
1840 | 0.860482
1856 | 0.861504
1872 | 0.859548
1888 | 0.851378
1904 | 0.843638
1920 | 0.845023
1936 | 0.851661
1952 | 0.854267
1968 | 0.84815
1984 | 0.835944
2000 | 0.826547
2016 | 0.832905
2032 | 0.848939
2048 | 0.86973
2064 | 0.889651
2080 | 0.903003
2096 | 0.905881
2112 | 0.896874
2128 | 0.878377
2144 | 0.855198
2160 | 0.831188
2176 | 0.798774
2192 | 0.765614
2208 | 0.736496
2224 | 0.719972
2240 | 0.692382
2256 | 0.658518
2272 | 0.617746
2288 | 0.590778
2304 | 0.569729
2320 | 0.526373
2336 | 0.474261
2352 | 0.415143
2368 | 0.356486
2384 | 0.298624
2400 | 0.247882
2416 | 0.20643
2432 | 0.177059
2448 | 0.153971
2464 | 0.130386
2480 | 0.106574
2496 | 0.0823582
2512 | 0.0577875
2528 | 0.0363479
2544 | 0.0189819
2560 | 0.00706231
2576 | 0.000851648
2592 | 0
2608 | 0
2624 | 0
Valeur de l'integrale : 1724.86
