0
0
0
0
0
0
0
0
0
0
0
0
0
0
0
0
0
0
0
0
0
0
0.102658
0.24005
0.400992
0.417423
0.383333
0.383333
0.376465
0.240123
0.180326
0.137588
0.173599
0.172294
0.193817
0.223094
0.265102
0.265928
0.219837
0.183513
0.160703
0.147692
0.0897144
0.0363688
0
0
0
0
0
0
0
0
0
0
0
0
0
0
0
0
0
0
0
0
0
0
0
0
0
0
0
0.0274254
0.0495208
0.0699405
0.0761754
0.0625741
0.0434366
0.00336417
0
0
0
0
0
0
0
0
0
0
0
0
0
0
0
0
0
0
0
0
0
0
0
0
0.132613
0.256621
0.453511
0.468718
0.505263
0.496738
0.411643
0.208729
0.0811611
0
0
0
0
0
0
0
0
0
0
0
0
0
0
0
0
0.0868771
0.187137
0.311431
0.329749
0.322446
0.247824
0.178228
0.163158
0.191067
0.164594
0.0944121
0
0
0
0
0
0
0
0
0
0
0
0
0
0
0
0
0
0
0
0
0
0
0
0