96 | 0
112 | 0
128 | 0
144 | 0
160 | 0
176 | 0.00629579
192 | 0.0401786
208 | 0.104902
224 | 0.213854
240 | 0.351219
256 | 0.507073
272 | 0.664062
288 | 0.782822
304 | 0.858314
320 | 0.890303
336 | 0.900022
352 | 0.907015
368 | 0.915578
384 | 0.922416
400 | 0.922503
416 | 0.91996
432 | 0.893682
448 | 0.827294
464 | 0.723531
480 | 0.614046
496 | 0.553308
512 | 0.588455
528 | 0.665736
544 | 0.74539
560 | 0.838286
576 | 0.895904
592 | 0.907117
608 | 0.882603
624 | 0.857094
640 | 0.858842
656 | 0.852437
672 | 0.822069
688 | 0.784409
704 | 0.754903
720 | 0.735452
736 | 0.723585
752 | 0.715536
768 | 0.772511
784 | 0.839988
800 | 0.898762
816 | 0.93577
832 | 0.943928
848 | 0.938885
864 | 0.935259
880 | 0.934228
896 | 0.934228
912 | 0.936019
928 | 0.950085
944 | 0.9644
960 | 0.960819
976 | 0.939943
992 | 0.893397
1008 | 0.851273
1024 | 0.832718
1040 | 0.830787
1056 | 0.839383
1072 | 0.850119
1088 | 0.874852
1104 | 0.899186
1120 | 0.909612
1136 | 0.900328
1152 | 0.880734
1168 | 0.884639
1184 | 0.911844
1200 | 0.928862
1216 | 0.932616
1232 | 0.934211
1248 | 0.928037
1264 | 0.900376
1280 | 0.850789
1296 | 0.803033
1312 | 0.758713
1328 | 0.782402
1344 | 0.838873
1360 | 0.896945
1376 | 0.941228
1392 | 0.96224
1408 | 0.967456
1424 | 0.967072
1440 | 0.964583
1456 | 0.959854
1472 | 0.954379
1488 | 0.949149
1504 | 0.94495
1520 | 0.942731
1536 | 0.9437
1552 | 0.948064
1568 | 0.952193
1584 | 0.952059
1600 | 0.933856
1616 | 0.914859
1632 | 0.909823
1648 | 0.91463
1664 | 0.9185
1680 | 0.91495
1696 | 0.906192
1712 | 0.884691
1728 | 0.828188
1744 | 0.739981
1760 | 0.641486
1776 | 0.597651
1792 | 0.654968
1808 | 0.743159
1824 | 0.821888
1840 | 0.874494
1856 | 0.914871
1872 | 0.930443
1888 | 0.918423
1904 | 0.890118
1920 | 0.873057
1936 | 0.88575
1952 | 0.887511
1968 | 0.884645
1984 | 0.883341
2000 | 0.879612
2016 | 0.881504
2032 | 0.881504
2048 | 0.881504
2064 | 0.896328
2080 | 0.920143
2096 | 0.929411
2112 | 0.904921
2128 | 0.849493
2144 | 0.773325
2160 | 0.679902
2176 | 0.585221
2192 | 0.505859
2208 | 0.444633
2224 | 0.414221
2240 | 0.374417
2256 | 0.333202
2272 | 0.275449
2288 | 0.218418
2304 | 0.15791
2320 | 0.0736681
2336 | 0.0246812
2352 | 0.00262946
2368 | 0
2384 | 0
2400 | 0
2416 | 0
2432 | 0
2448 | 0
2464 | 0
2480 | 0
2496 | 0
2512 | 0
2528 | 0
2544 | 0
2560 | 0
2576 | 0
2592 | 0
2608 | 0
2624 | 0
Valeur de l'integrale : 1719.2
