0
0
0
0
0
0
0
0
0
0
0
0
0
0
0
0
0
0
0
0
0
0
0
0
0
0
0
0
0
0
0
0
0
0
0
0
0
0
0
0
0
0
0
0
0
0
0
0
0
0
0
0
0
0
0
0
0
0
0
0
0
0
0
0
0
0
0
0
0
0
0.238059
0.240423
0.22963
0.218182
0.211506
0.205226
0.201547
0
0
0
0
0
0
0
0
0
0
0.262919
0.256482
0.25121
0.25121
0.25121
0.25121
0.25197
0
0
0
0
0
0
0
0
0
0.292202
0.302551
0.388747
0.493182
0.597727
0.699204
1.09617
0.779626
0.758956
0.677745
0.586985
0.492919
0.39858
0
0
0
0
0
0
0.275074
0.254035
0.235986
0.220332
0.206625
0.195996
0.1964
0
0
0
0
0
0
0
0
0
0
0
0
0
0
0
0
0
0
0
0
0
0
0
0
0
0
0
0
0
0
0
0.210808
0.451998
0.4997
0.559284
0.624428
0.5869
0.54336
0.246635
0
0
0
0
0
0
0
0
0
0
0
0
0
0
0
0
0
0