0
0
0
0
0
0
0
0
0
0
0
0
0
0
0
0
0
0
0
0
0
0
0
0
0
0
0
0
0
0
0
0
0
0
0
0
0
0
0
0
0
0
0
0
0
0
0
0
0
0
0
0
0
0
0
0
0
0
0
0
0
0
0
0
0
0
0
0
0
0.203572
0.208043
0.202374
0.194672
0.186381
0.181488
0.179868
0.178107
0
0
0
0
0
0
0
0
0
0.23314
0.228036
0.223178
0.219176
0.219176
0.219176
0.219754
0.224298
0
0
0
0
0
0
0
0
0.256198
0.263864
0.347451
0.426012
0.516192
0.603804
0.945869
0.965756
0.689043
0.670161
0.59706
0.516006
0.432362
0.359783
0
0
0
0
0
0.242935
0.232553
0.211933
0.199221
0.187948
0.177921
0.173669
0.174076
0
0
0
0
0
0
0
0
0
0
0
0
0
0
0
0
0
0
0
0
0
0
0
0
0
0
0
0
0
0
0.179206
0.382751
0.416644
0.46408
0.511282
0.493064
0.469366
0.441099
0.203468
0
0
0
0
0
0
0
0
0
0
0
0
0
0
0
0
0