128 | 0
144 | 0
160 | 0
176 | 0
192 | 0
208 | 0
224 | 0
240 | 0
256 | 0
272 | 0
288 | 0
304 | 0
320 | 0
336 | 0
352 | 0
368 | 0
384 | 0
400 | 0
416 | 0
432 | 0
448 | 0
464 | 0
480 | 0
496 | 0
512 | 0
528 | 0
544 | 0
560 | 0
576 | 0
592 | 0
608 | 0
624 | 0
640 | 0
656 | 0
672 | 0
688 | 0
704 | 0
720 | 0
736 | 0
752 | 0
768 | 0
784 | 0
800 | 0
816 | 0
832 | 0
848 | 0
864 | 0
880 | 0
896 | 0
912 | 0
928 | 0
944 | 0
960 | 0
976 | 0
992 | 0.00275717
1008 | 0.0171571
1024 | 0.0430944
1040 | 0.0789389
1056 | 0.126205
1072 | 0.185428
1088 | 0.255969
1104 | 0.345975
1120 | 0.437694
1136 | 0.518689
1152 | 0.595234
1168 | 0.655338
1184 | 0.725937
1200 | 0.787604
1216 | 0.845124
1232 | 0.870703
1248 | 0.892267
1264 | 0.858012
1280 | 0.803283
1296 | 0.732179
1312 | 0.648778
1328 | 0.567385
1344 | 0.483482
1360 | 0.395989
1376 | 0.307276
1392 | 0.236374
1408 | 0.173474
1424 | 0.118785
1440 | 0.0721389
1456 | 0.0364234
1472 | 0.0130203
1488 | 0.00152743
1504 | 0
1520 | 0
1536 | 0
1552 | 0
1568 | 0
1584 | 0
1600 | 0
1616 | 0
1632 | 0
1648 | 0
1664 | 0
1680 | 0
1696 | 0
1712 | 0
1728 | 0
1744 | 0
1760 | 0
1776 | 0
1792 | 0
1808 | 0
1824 | 0
1840 | 0
1856 | 0
1872 | 0
1888 | 0
1904 | 0
1920 | 0
1936 | 0
1952 | 0
1968 | 0
1984 | 0
2000 | 0
2016 | 0
2032 | 0
2048 | 0
2064 | 0
2080 | 0
2096 | 0
2112 | 0
2128 | 0
2144 | 0
2160 | 0
2176 | 0
2192 | 0
2208 | 0
2224 | 0
2240 | 0.00121486
2256 | 0.011975
2272 | 0.0349259
2288 | 0.067399
2304 | 0.109338
2320 | 0.160134
2336 | 0.219239
2352 | 0.29553
2368 | 0.378808
2384 | 0.463576
2400 | 0.522092
2416 | 0.594056
2432 | 0.669465
2448 | 0.747181
2464 | 0.80054
2480 | 0.816748
2496 | 0.854663
2512 | 0.883215
2528 | 0.908868
2544 | 0.921293
2560 | 0.840804
2576 | 0.732953
2592 | 0.628271
2608 | 0.528547
2624 | 0.421772
2640 | 0.318857
2656 | 0.228969
2672 | 0.154032
2688 | 0.102016
2704 | 0.0647186
2720 | 0.0369408
2736 | 0.0184062
2752 | 0.00236671
2768 | 0
2784 | 0
2800 | 0
2816 | 0
2832 | 0
2848 | 0
2864 | 0
2880 | 0
2896 | 0
2912 | 0
2928 | 0
2944 | 0
2960 | 0
2976 | 0
2992 | 0
3008 | 0
3024 | 0
3040 | 0
3056 | 0
3072 | 0
Valeur de l'integrale : 421.938
