144 | 0
160 | 0
176 | 0
192 | 0
208 | 0
224 | 0
240 | 0
256 | 0
272 | 0
288 | 0
304 | 0
320 | 0
336 | 0
352 | 0
368 | 0
384 | 0
400 | 0
416 | 0
432 | 0
448 | 0
464 | 0
480 | 0
496 | 0
512 | 0
528 | 0
544 | 0
560 | 0
576 | 0
592 | 0
608 | 0
624 | 0
640 | 0
656 | 0
672 | 0
688 | 0
704 | 0
720 | 0
736 | 0
752 | 0
768 | 0
784 | 0
800 | 0
816 | 0
832 | 0
848 | 0
864 | 0
880 | 0
896 | 0
912 | 0
928 | 0
944 | 0
960 | 0
976 | 0
992 | 0.00248061
1008 | 0.0154748
1024 | 0.0389594
1040 | 0.0737691
1056 | 0.113743
1072 | 0.165421
1088 | 0.226152
1104 | 0.304059
1120 | 0.386668
1136 | 0.472406
1152 | 0.550606
1168 | 0.627201
1184 | 0.687655
1200 | 0.75136
1216 | 0.804395
1232 | 1.03596
1248 | 1.04734
1264 | 1.02506
1280 | 0.981426
1296 | 0.919281
1312 | 0.842735
1328 | 0.76883
1344 | 0.689167
1360 | 0.602956
1376 | 0.356839
1392 | 0.276056
1408 | 0.211841
1424 | 0.154636
1440 | 0.103775
1456 | 0.0630232
1472 | 0.0318905
1488 | 0.0114325
1504 | 0.210791
1520 | 0.205293
1536 | 0.201325
1552 | 0.197529
1568 | 0.194387
1584 | 0.194387
1600 | 0.194842
1616 | 0.198406
1632 | 0.20665
1648 | 0
1664 | 0
1680 | 0
1696 | 0
1712 | 0
1728 | 0
1744 | 0
1760 | 0.226503
1776 | 0.23415
1792 | 0.308595
1808 | 0.386357
1824 | 0.454329
1840 | 0.531311
1856 | 0.831815
1872 | 0.847156
1888 | 0.862734
1904 | 0.615057
1920 | 0.59984
1936 | 0.533542
1952 | 0.460341
1968 | 0.395613
1984 | 0.318748
2000 | 0
2016 | 0
2032 | 0
2048 | 0
2064 | 0.217521
2080 | 0.20916
2096 | 0.196769
2112 | 0.181802
2128 | 0.172367
2144 | 0.163896
2160 | 0.159327
2176 | 0.155981
2192 | 0.156308
2208 | 0
2224 | 0
2240 | 0.00106675
2256 | 0.0105151
2272 | 0.0305547
2288 | 0.0603141
2304 | 0.0981228
2320 | 0.144034
2336 | 0.197602
2352 | 0.265329
2368 | 0.335526
2384 | 0.418421
2400 | 0.492916
2416 | 0.552709
2432 | 0.628328
2448 | 0.706876
2464 | 0.762612
2480 | 0.80764
2496 | 0.828409
2512 | 0.862375
2528 | 0.887528
2544 | 0.906449
2560 | 0.849523
2576 | 0.767927
2592 | 0.661047
2608 | 0.566422
2624 | 0.477312
2640 | 0.378462
2656 | 0.288496
2672 | 0.375137
2688 | 0.472338
2704 | 0.452269
2720 | 0.45241
2736 | 0.464811
2752 | 0.434831
2768 | 0.40932
2784 | 0.391053
2800 | 0.371232
2816 | 0.17316
2832 | 0
2848 | 0
2864 | 0
2880 | 0
2896 | 0
2912 | 0
2928 | 0
2944 | 0
2960 | 0
2976 | 0
2992 | 0
3008 | 0
3024 | 0
3040 | 0
3056 | 0
3072 | 0
Valeur de l'integrale : 677.576
