144 | 0
160 | 0
176 | 0
192 | 0
208 | 0
224 | 0
240 | 0
256 | 0
272 | 0
288 | 0
304 | 0
320 | 0
336 | 0
352 | 0
368 | 0
384 | 0
400 | 0
416 | 0
432 | 0
448 | 0
464 | 0
480 | 0
496 | 0
512 | 0
528 | 0
544 | 0
560 | 0
576 | 0
592 | 0
608 | 0
624 | 0
640 | 0
656 | 0
672 | 0
688 | 0
704 | 0
720 | 0
736 | 0
752 | 0
768 | 0
784 | 0
800 | 0
816 | 0
832 | 0
848 | 0
864 | 0
880 | 0
896 | 0
912 | 0
928 | 0
944 | 0
960 | 0
976 | 0
992 | 0.00248061
1008 | 0.0154748
1024 | 0.0389594
1040 | 0.0737691
1056 | 0.113743
1072 | 0.165421
1088 | 0.226152
1104 | 0.304059
1120 | 0.386668
1136 | 0.472406
1152 | 0.550606
1168 | 0.627201
1184 | 0.687655
1200 | 0.75136
1216 | 0.804395
1232 | 0.854969
1248 | 0.866126
1264 | 0.846124
1280 | 0.806704
1296 | 0.75033
1312 | 0.680064
1328 | 0.607461
1344 | 0.528204
1360 | 0.443405
1376 | 0.356839
1392 | 0.276056
1408 | 0.211841
1424 | 0.154636
1440 | 0.103775
1456 | 0.0630232
1472 | 0.0318905
1488 | 0.0114325
1504 | 0.00137075
1520 | 0
1536 | 0
1552 | 0
1568 | 0
1584 | 0
1600 | 0
1616 | 0
1632 | 0
1648 | 0
1664 | 0
1680 | 0
1696 | 0
1712 | 0
1728 | 0
1744 | 0
1760 | 0
1776 | 0
1792 | 0
1808 | 0
1824 | 0
1840 | 0
1856 | 0
1872 | 0
1888 | 0
1904 | 0
1920 | 0
1936 | 0
1952 | 0
1968 | 0
1984 | 0
2000 | 0
2016 | 0
2032 | 0
2048 | 0
2064 | 0
2080 | 0
2096 | 0
2112 | 0
2128 | 0
2144 | 0
2160 | 0
2176 | 0
2192 | 0
2208 | 0
2224 | 0
2240 | 0.00106675
2256 | 0.0105151
2272 | 0.0305547
2288 | 0.0603141
2304 | 0.0981228
2320 | 0.144034
2336 | 0.197602
2352 | 0.265329
2368 | 0.335526
2384 | 0.418421
2400 | 0.492916
2416 | 0.552709
2432 | 0.628328
2448 | 0.706876
2464 | 0.762612
2480 | 0.80764
2496 | 0.828409
2512 | 0.862375
2528 | 0.887528
2544 | 0.906449
2560 | 0.849523
2576 | 0.767927
2592 | 0.661047
2608 | 0.566422
2624 | 0.477312
2640 | 0.378462
2656 | 0.288496
2672 | 0.209732
2688 | 0.142769
2704 | 0.0951769
2720 | 0.060826
2736 | 0.034271
2752 | 0.01511
2768 | 0.00195535
2784 | 0
2800 | 0
2816 | 0
2832 | 0
2848 | 0
2864 | 0
2880 | 0
2896 | 0
2912 | 0
2928 | 0
2944 | 0
2960 | 0
2976 | 0
2992 | 0
3008 | 0
3024 | 0
3040 | 0
3056 | 0
3072 | 0
Valeur de l'integrale : 421.775
