0
0
0
0
0
0
0
0
0
0
0
0
0
0
0
0
0
0
0
0
0
0
0
0
0
0
0
0
0
0
0
0
0
0
0
0
0
0
0
0
0
0
0
0
0
0
0
0
0
0
0
0
0
0
0
0
0
0
0
0
0
0
0
0
0
0
0
0
0.18099
0.181214
0.178932
0.174722
0.168951
0.162671
0.161369
0.160963
0.159551
0
0
0
0
0
0
0
0
0.20942
0.205293
0.201325
0.197529
0.194387
0.194387
0.194842
0.198406
0.20665
0
0
0
0
0
0
0
0.226503
0.23415
0.308595
0.386357
0.454329
0.531311
0.831815
0.847156
0.862734
0.615057
0.59984
0.533542
0.460341
0.395613
0.318748
0
0
0
0
0.217521
0.20916
0.196769
0.181802
0.172367
0.163896
0.159327
0.155981
0.156308
0
0
0
0
0
0
0
0
0
0
0
0
0
0
0
0
0
0
0
0
0
0
0
0
0
0
0
0
0
0.165405
0.329569
0.357092
0.391584
0.43054
0.419721
0.407365
0.391053
0.371232
0.17316
0
0
0
0
0
0
0
0
0
0
0
0
0
0
0
0