16 | 0
32 | 0
48 | 0
64 | 0
80 | 0
96 | 0
112 | 0
128 | 0
144 | 0
160 | 0
176 | 0
192 | 0
208 | 0
224 | 0
240 | 0
256 | 0
272 | 0
288 | 0
304 | 0
320 | 0
336 | 0
352 | 0
368 | 0
384 | 0
400 | 0
416 | 0
432 | 0
448 | 0
464 | 0
480 | 0
496 | 0
512 | 0
528 | 0
544 | 0
560 | 0
576 | 0
592 | 0
608 | 0
624 | 0
640 | 0
656 | 0
672 | 0
688 | 0
704 | 0
720 | 0
736 | 0
752 | 0
768 | 0
784 | 0
800 | 0
816 | 0
832 | 0
848 | 0
864 | 0
880 | 0
896 | 0
912 | 0
928 | 0
944 | 0
960 | 0
976 | 0
992 | 0.0183824
1008 | 0.108266
1024 | 0.202941
1040 | 0.360714
1056 | 0.390889
1072 | 0.477051
1088 | 0.526738
1104 | 0.728868
1120 | 0.68956
1136 | 0.755379
1152 | 0.836667
1168 | 0.926269
1184 | 0.950537
1200 | 0.957055
1216 | 0.9481
1232 | 0.94575
1248 | 0.829032
1264 | 0.5625
1280 | 0.4825
1296 | 0.4025
1312 | 0.3225
1328 | 0.276058
1344 | 0.194611
1360 | 0.0988024
1376 | 0.0134731
1392 | 0
1408 | 0
1424 | 0
1440 | 0
1456 | 0
1472 | 0
1488 | 0
1504 | 0
1520 | 0
1536 | 0
1552 | 0
1568 | 0
1584 | 0
1600 | 0
1616 | 0
1632 | 0
1648 | 0
1664 | 0
1680 | 0
1696 | 0
1712 | 0
1728 | 0
1744 | 0
1760 | 0
1776 | 0
1792 | 0
1808 | 0
1824 | 0
1840 | 0
1856 | 0
1872 | 0
1888 | 0
1904 | 0
1920 | 0
1936 | 0
1952 | 0
1968 | 0
1984 | 0
2000 | 0
2016 | 0
2032 | 0
2048 | 0
2064 | 0
2080 | 0
2096 | 0
2112 | 0
2128 | 0
2144 | 0
2160 | 0
2176 | 0
2192 | 0
2208 | 0
2224 | 0
2240 | 0.00875
2256 | 0.0775
2272 | 0.203226
2288 | 0.2375
2304 | 0.3175
2320 | 0.3975
2336 | 0.4775
2352 | 0.719355
2368 | 0.6375
2384 | 0.7175
2400 | 0.733696
2416 | 0.806462
2432 | 0.908512
2448 | 0.959263
2464 | 0.903418
2480 | 0.876979
2496 | 0.943668
2512 | 0.944853
2528 | 0.9375
2544 | 0.877273
2560 | 0.395319
2576 | 0.277815
2592 | 0.18984
2608 | 0.118866
2624 | 0.0880361
2640 | 0.0148026
2656 | 0
2672 | 0
2688 | 0
2704 | 0
2720 | 0
2736 | 0
2752 | 0
2768 | 0
2784 | 0
2800 | 0
2816 | 0
2832 | 0
2848 | 0
2864 | 0
2880 | 0
2896 | 0
2912 | 0
2928 | 0
2944 | 0
2960 | 0
2976 | 0
2992 | 0
3008 | 0
3024 | 0
3040 | 0
3056 | 0
3072 | 0
Valeur de l'integrale : 428.404
