160 | 0
176 | 0
192 | 0
208 | 0
224 | 0
240 | 0
256 | 0
272 | 0
288 | 0
304 | 0
320 | 0
336 | 0
352 | 0
368 | 0
384 | 0
400 | 0
416 | 0
432 | 0
448 | 0
464 | 0
480 | 0
496 | 0
512 | 0
528 | 0
544 | 0
560 | 0
576 | 0
592 | 0
608 | 0
624 | 0
640 | 0
656 | 0
672 | 0
688 | 0
704 | 0
720 | 0
736 | 0
752 | 0
768 | 0
784 | 0
800 | 0
816 | 0
832 | 0
848 | 0
864 | 0
880 | 0
896 | 0
912 | 0
928 | 0
944 | 0
960 | 0
976 | 0
992 | 0.00225484
1008 | 0.014093
1024 | 0.0355484
1040 | 0.0673145
1056 | 0.107077
1072 | 0.150751
1088 | 0.204382
1104 | 0.271861
1120 | 0.344769
1136 | 0.422529
1152 | 0.505217
1168 | 0.583114
1184 | 0.659556
1200 | 0.714237
1216 | 0.769766
1232 | 0.816609
1248 | 0.852405
1264 | 0.82844
1280 | 0.801488
1296 | 0.758114
1312 | 0.700401
1328 | 0.639455
1344 | 0.568106
1360 | 0.487364
1376 | 0.402839
1392 | 0.323708
1408 | 0.250569
1424 | 0.191418
1440 | 0.137288
1456 | 0.0921329
1472 | 0.0559529
1488 | 0.0283609
1504 | 0.0103681
1520 | 0.00122187
1536 | 0
1552 | 0
1568 | 0
1584 | 0
1600 | 0
1616 | 0
1632 | 0
1648 | 0
1664 | 0
1680 | 0
1696 | 0
1712 | 0
1728 | 0
1744 | 0
1760 | 0
1776 | 0
1792 | 0
1808 | 0
1824 | 0
1840 | 0
1856 | 0
1872 | 0
1888 | 0
1904 | 0
1920 | 0
1936 | 0
1952 | 0
1968 | 0
1984 | 0
2000 | 0
2016 | 0
2032 | 0
2048 | 0
2064 | 0
2080 | 0
2096 | 0
2112 | 0
2128 | 0
2144 | 0
2160 | 0
2176 | 0
2192 | 0
2208 | 0
2224 | 0
2240 | 0.000950829
2256 | 0.00937245
2272 | 0.0271512
2288 | 0.0536062
2304 | 0.088957
2320 | 0.130876
2336 | 0.17987
2352 | 0.241339
2368 | 0.304882
2384 | 0.375524
2400 | 0.44905
2416 | 0.52389
2432 | 0.587429
2448 | 0.666634
2464 | 0.724249
2480 | 0.772091
2496 | 0.819067
2512 | 0.837255
2528 | 0.867646
2544 | 0.886832
2560 | 0.84463
2576 | 0.783954
2592 | 0.701868
2608 | 0.602209
2624 | 0.516195
2640 | 0.432826
2656 | 0.345559
2672 | 0.266137
2688 | 0.195497
2704 | 0.134451
2720 | 0.0902279
2736 | 0.0570743
2752 | 0.0289525
2768 | 0.012815
2784 | 0.00166582
2800 | 0
2816 | 0
2832 | 0
2848 | 0
2864 | 0
2880 | 0
2896 | 0
2912 | 0
2928 | 0
2944 | 0
2960 | 0
2976 | 0
2992 | 0
3008 | 0
3024 | 0
3040 | 0
3056 | 0
3072 | 0
Valeur de l'integrale : 421.751
