176 | 0
192 | 0
208 | 0
224 | 0
240 | 0
256 | 0
272 | 0
288 | 0
304 | 0
320 | 0
336 | 0
352 | 0
368 | 0
384 | 0
400 | 0
416 | 0
432 | 0
448 | 0
464 | 0
480 | 0
496 | 0
512 | 0
528 | 0
544 | 0
560 | 0
576 | 0
592 | 0
608 | 0
624 | 0
640 | 0
656 | 0
672 | 0
688 | 0
704 | 0
720 | 0
736 | 0
752 | 0
768 | 0
784 | 0
800 | 0
816 | 0
832 | 0
848 | 0
864 | 0
880 | 0
896 | 0
912 | 0
928 | 0
944 | 0
960 | 0
976 | 0
992 | 0.0020693
1008 | 0.0129396
1024 | 0.0326866
1040 | 0.0618986
1056 | 0.0986141
1072 | 0.142767
1088 | 0.188055
1104 | 0.24786
1120 | 0.311746
1136 | 0.380757
1152 | 0.456067
1168 | 0.538206
1184 | 0.616406
1200 | 0.686617
1216 | 0.734054
1232 | 0.927735
1248 | 0.963427
1264 | 0.964262
1280 | 0.931438
1296 | 0.897674
1312 | 0.848591
1328 | 0.796302
1344 | 0.734219
1360 | 0.660543
1376 | 0.579211
1392 | 0.500145
1408 | 0.296179
1424 | 0.228849
1440 | 0.172109
1456 | 0.12344
1472 | 0.0828395
1488 | 0.0503089
1504 | 0.199956
1520 | 0.180489
1536 | 0.169488
1552 | 0.165708
1568 | 0.163113
1584 | 0.160612
1600 | 0.158831
1616 | 0.161191
1632 | 0.166591
1648 | 0.173048
1664 | 0.179938
1680 | 0
1696 | 0
1712 | 0
1728 | 0
1744 | 0
1760 | 0.171264
1776 | 0.183803
1792 | 0.251078
1808 | 0.316731
1824 | 0.379441
1840 | 0.439042
1856 | 0.670308
1872 | 0.680113
1888 | 0.690117
1904 | 0.698284
1920 | 0.706516
1936 | 0.506141
1952 | 0.495791
1968 | 0.449556
1984 | 0.387022
2000 | 0.322996
2016 | 0.259544
2032 | 0
2048 | 0
2064 | 0.179916
2080 | 0.174128
2096 | 0.165454
2112 | 0.157603
2128 | 0.150463
2144 | 0.141577
2160 | 0.138155
2176 | 0.134947
2192 | 0.131885
2208 | 0.129572
2224 | 0.129477
2240 | 0.00087043
2256 | 0.00845381
2272 | 0.02443
2288 | 0.0482335
2304 | 0.0800551
2320 | 0.119876
2336 | 0.165059
2352 | 0.221347
2368 | 0.280006
2384 | 0.344521
2400 | 0.406996
2416 | 0.480962
2432 | 0.558607
2448 | 0.626438
2464 | 0.685574
2480 | 0.735677
2496 | 0.78507
2512 | 0.827861
2528 | 0.843552
2544 | 0.868228
2560 | 0.833402
2576 | 0.786249
2592 | 0.723009
2608 | 0.646437
2624 | 0.553413
2640 | 0.47225
2656 | 0.398529
2672 | 0.461205
2688 | 0.533078
2704 | 0.474175
2720 | 0.424577
2736 | 0.405697
2752 | 0.366974
2768 | 0.339924
2784 | 0.320161
2800 | 0.303736
2816 | 0.293209
2832 | 0.282624
2848 | 0.136214
2864 | 0
2880 | 0
2896 | 0
2912 | 0
2928 | 0
2944 | 0
2960 | 0
2976 | 0
2992 | 0
3008 | 0
3024 | 0
3040 | 0
3056 | 0
3072 | 0
Valeur de l'integrale : 676.073
