0
0
0
0
0
0
0
0
0
0
0
0
0
0
0
0
0
0
0
0
0
0
0
0
0
0
0
0
0
0
0
0
0
0
0
0
0
0
0
0
0
0
0
0
0
0
0
0
0
0
0
0
0
0
0
0
0
0
0
0
0
0
0
0
0
0.131618
0.13265
0.130814
0.12995
0.127156
0.126028
0.125402
0.124366
0.122846
0.12261
0.122376
0.121547
0
0
0
0
0
0.1598
0.158014
0.155653
0.153361
0.151136
0.148975
0.147145
0.14737
0.151871
0.157219
0.162886
0.170601
0
0
0
0
0.151035
0.161121
0.223466
0.289117
0.348517
0.403361
0.624649
0.619178
0.627356
0.634098
0.640879
0.647806
0.464972
0.46528
0.412574
0.35484
0.295844
0.23593
0
0.166065
0.160697
0.153258
0.146499
0.14031
0.134645
0.129547
0.126723
0.124019
0.121417
0.119193
0.117573
0
0
0
0
0
0
0
0
0
0
0
0
0
0
0
0
0
0
0
0
0
0
0
0
0
0
0.128655
0.262119
0.269348
0.276988
0.28221
0.281807
0.279725
0.277572
0.273035
0.267752
0.261206
0.256586
0.126802
0
0
0
0
0
0
0
0
0
0
0
0
0