192 | 0
208 | 0
224 | 0
240 | 0
256 | 0
272 | 0
288 | 0
304 | 0
320 | 0
336 | 0
352 | 0
368 | 0
384 | 0
400 | 0
416 | 0
432 | 0
448 | 0
464 | 0
480 | 0
496 | 0
512 | 0
528 | 0
544 | 0
560 | 0
576 | 0
592 | 0
608 | 0
624 | 0
640 | 0
656 | 0
672 | 0
688 | 0
704 | 0
720 | 0
736 | 0
752 | 0
768 | 0
784 | 0
800 | 0
816 | 0
832 | 0
848 | 0
864 | 0
880 | 0
896 | 0
912 | 0
928 | 0
944 | 0
960 | 0
976 | 0
992 | 0.00190979
1008 | 0.0119742
1024 | 0.0302553
1040 | 0.0572892
1056 | 0.0913911
1072 | 0.132494
1088 | 0.179037
1104 | 0.22958
1120 | 0.28664
1136 | 0.347202
1152 | 0.414296
1168 | 0.489452
1184 | 0.572326
1200 | 0.644707
1216 | 0.707179
1232 | 0.749115
1248 | 0.78715
1264 | 0.791599
1280 | 0.785354
1296 | 0.751686
1312 | 0.714959
1328 | 0.673868
1344 | 0.623074
1360 | 0.560402
1376 | 0.486127
1392 | 0.410551
1408 | 0.338858
1424 | 0.272366
1440 | 0.20788
1456 | 0.156339
1472 | 0.112129
1488 | 0.0752491
1504 | 0.0463711
1520 | 0.0235585
1536 | 0.00849017
1552 | 0.00100382
1568 | 0
1584 | 0
1600 | 0
1616 | 0
1632 | 0
1648 | 0
1664 | 0
1680 | 0
1696 | 0
1712 | 0
1728 | 0
1744 | 0
1760 | 0
1776 | 0
1792 | 0
1808 | 0
1824 | 0
1840 | 0
1856 | 0
1872 | 0
1888 | 0
1904 | 0
1920 | 0
1936 | 0
1952 | 0
1968 | 0
1984 | 0
2000 | 0
2016 | 0
2032 | 0
2048 | 0
2064 | 0
2080 | 0
2096 | 0
2112 | 0
2128 | 0
2144 | 0
2160 | 0
2176 | 0
2192 | 0
2208 | 0
2224 | 0
2240 | 0.000804505
2256 | 0.00780366
2272 | 0.0222045
2288 | 0.0438397
2304 | 0.0727625
2320 | 0.108973
2336 | 0.152449
2352 | 0.204415
2368 | 0.258905
2384 | 0.318911
2400 | 0.376124
2416 | 0.439534
2432 | 0.516148
2448 | 0.597795
2464 | 0.646669
2480 | 0.698627
2496 | 0.749986
2512 | 0.795199
2528 | 0.834231
2544 | 0.845388
2560 | 0.821915
2576 | 0.781427
2592 | 0.730724
2608 | 0.670938
2624 | 0.599456
2640 | 0.510381
2656 | 0.437909
2672 | 0.372486
2688 | 0.302275
2704 | 0.236775
2720 | 0.177014
2736 | 0.122253
2752 | 0.0751108
2768 | 0.0434507
2784 | 0.0220947
2800 | 0.00982926
2816 | 0.00128521
2832 | 0
2848 | 0
2864 | 0
2880 | 0
2896 | 0
2912 | 0
2928 | 0
2944 | 0
2960 | 0
2976 | 0
2992 | 0
3008 | 0
3024 | 0
3040 | 0
3056 | 0
3072 | 0
Valeur de l'integrale : 422.047
