0
0
0
0
0
0
0
0
0
0
0
0
0
0
0
0
0
0
0
0
0
0
0
0
0
0
0
0
0
0
0
0
0
0
0
0
0
0
0
0
0
0
0
0
0
0
0
0
0
0
0
0
0
0
0
0
0
0
0
0
0
0
0
0
0.122772
0.121895
0.120183
0.118674
0.117962
0.115655
0.115986
0.115911
0.115025
0.113724
0.113522
0.113311
0.112368
0
0
0
0
0.146207
0.146207
0.14471
0.142727
0.140798
0.13892
0.137318
0.137256
0.139541
0.144043
0.148785
0.155196
0.15961
0
0
0
0.135081
0.143092
0.19811
0.259968
0.320707
0.373255
0.577984
0.580016
0.575145
0.580718
0.586401
0.592195
0.598105
0.438033
0.43026
0.381214
0.327599
0.271267
0.211222
0.154235
0.149556
0.142757
0.136856
0.13144
0.126456
0.123719
0.119443
0.117038
0.114718
0.112257
0.10903
0.107673
0
0
0
0
0
0
0
0
0
0
0
0
0
0
0
0
0
0
0
0
0
0
0
0
0
0.118704
0.241585
0.249825
0.258647
0.264681
0.251881
0.25156
0.2499
0.24818
0.244547
0.240809
0.238808
0.239946
0.120744
0
0
0
0
0
0
0
0
0
0
0
0