208 | 0
224 | 0
240 | 0
256 | 0
272 | 0
288 | 0
304 | 0
320 | 0
336 | 0
352 | 0
368 | 0
384 | 0
400 | 0
416 | 0
432 | 0
448 | 0
464 | 0
480 | 0
496 | 0
512 | 0
528 | 0
544 | 0
560 | 0
576 | 0
592 | 0
608 | 0
624 | 0
640 | 0
656 | 0
672 | 0
688 | 0
704 | 0
720 | 0
736 | 0
752 | 0
768 | 0
784 | 0
800 | 0
816 | 0
832 | 0
848 | 0
864 | 0
880 | 0
896 | 0
912 | 0
928 | 0
944 | 0
960 | 0
976 | 0
992 | 0.00177288
1008 | 0.0111312
1024 | 0.0281897
1040 | 0.0533254
1056 | 0.085154
1072 | 0.1236
1088 | 0.167291
1104 | 0.219378
1120 | 0.267231
1136 | 0.321309
1152 | 0.38025
1168 | 0.447534
1184 | 0.524298
1200 | 0.601729
1216 | 0.666647
1232 | 0.845784
1248 | 0.876914
1264 | 0.886219
1280 | 0.881587
1296 | 0.867998
1312 | 0.828524
1328 | 0.795975
1344 | 0.753506
1360 | 0.698721
1376 | 0.633512
1392 | 0.563614
1408 | 0.493451
1424 | 0.425637
1440 | 0.249064
1456 | 0.190431
1472 | 0.143217
1488 | 0.102717
1504 | 0.216067
1520 | 0.188634
1536 | 0.166285
1552 | 0.150512
1568 | 0.14172
1584 | 0.13892
1600 | 0.137318
1616 | 0.137256
1632 | 0.139541
1648 | 0.144043
1664 | 0.148785
1680 | 0.155196
1696 | 0.15961
1712 | 0
1728 | 0
1744 | 0
1760 | 0.135081
1776 | 0.143092
1792 | 0.19811
1808 | 0.259968
1824 | 0.320707
1840 | 0.373255
1856 | 0.577984
1872 | 0.580016
1888 | 0.575145
1904 | 0.580718
1920 | 0.586401
1936 | 0.592195
1952 | 0.598105
1968 | 0.438033
1984 | 0.43026
2000 | 0.381214
2016 | 0.327599
2032 | 0.271267
2048 | 0.211222
2064 | 0.154235
2080 | 0.149556
2096 | 0.142757
2112 | 0.136856
2128 | 0.13144
2144 | 0.126456
2160 | 0.123719
2176 | 0.119443
2192 | 0.117038
2208 | 0.114718
2224 | 0.112257
2240 | 0.109776
2256 | 0.114935
2272 | 0.0206088
2288 | 0.0401795
2304 | 0.0666875
2320 | 0.0998748
2336 | 0.139741
2352 | 0.189828
2368 | 0.240762
2384 | 0.296867
2400 | 0.350279
2416 | 0.408719
2432 | 0.474999
2448 | 0.556007
2464 | 0.618711
2480 | 0.661097
2496 | 0.714086
2512 | 0.761285
2528 | 0.802737
2544 | 0.836408
2560 | 0.805286
2576 | 0.77563
2592 | 0.730973
2608 | 0.682479
2624 | 0.626128
2640 | 0.557665
2656 | 0.476331
2672 | 0.53021
2688 | 0.594106
2704 | 0.537923
2720 | 0.486015
2736 | 0.43383
2752 | 0.360996
2768 | 0.318609
2784 | 0.288718
2800 | 0.267935
2816 | 0.253351
2832 | 0.241965
2848 | 0.238808
2864 | 0.239946
2880 | 0.120744
2896 | 0
2912 | 0
2928 | 0
2944 | 0
2960 | 0
2976 | 0
2992 | 0
3008 | 0
3024 | 0
3040 | 0
3056 | 0
3072 | 0
Valeur de l'integrale : 675.835
