224 | 0
240 | 0
256 | 0
272 | 0
288 | 0
304 | 0
320 | 0
336 | 0
352 | 0
368 | 0
384 | 0
400 | 0
416 | 0
432 | 0
448 | 0
464 | 0
480 | 0
496 | 0
512 | 0
528 | 0
544 | 0
560 | 0
576 | 0
592 | 0
608 | 0
624 | 0
640 | 0
656 | 0
672 | 0
688 | 0
704 | 0
720 | 0
736 | 0
752 | 0
768 | 0
784 | 0
800 | 0
816 | 0
832 | 0
848 | 0
864 | 0
880 | 0
896 | 0
912 | 0
928 | 0
944 | 0
960 | 0
976 | 0
992 | 0.00165379
1008 | 0.0103978
1024 | 0.0263627
1040 | 0.0499227
1056 | 0.0797231
1072 | 0.115825
1088 | 0.156991
1104 | 0.205977
1120 | 0.256288
1136 | 0.30106
1152 | 0.353674
1168 | 0.41296
1184 | 0.482519
1200 | 0.554705
1216 | 0.624904
1232 | 0.683773
1248 | 0.730355
1264 | 0.738265
1280 | 0.741677
1296 | 0.732305
1312 | 0.713928
1328 | 0.680718
1344 | 0.645816
1360 | 0.599684
1376 | 0.54386
1392 | 0.483857
1408 | 0.418997
1424 | 0.353241
1440 | 0.287964
1456 | 0.229436
1472 | 0.175685
1488 | 0.132127
1504 | 0.0959381
1520 | 0.0643834
1536 | 0.0391004
1552 | 0.0198995
1568 | 0.00718821
1584 | 0.000851809
1600 | 0
1616 | 0
1632 | 0
1648 | 0
1664 | 0
1680 | 0
1696 | 0
1712 | 0
1728 | 0
1744 | 0
1760 | 0
1776 | 0
1792 | 0
1808 | 0
1824 | 0
1840 | 0
1856 | 0
1872 | 0
1888 | 0
1904 | 0
1920 | 0
1936 | 0
1952 | 0
1968 | 0
1984 | 0
2000 | 0
2016 | 0
2032 | 0
2048 | 0
2064 | 0
2080 | 0
2096 | 0
2112 | 0
2128 | 0
2144 | 0
2160 | 0
2176 | 0
2192 | 0
2208 | 0
2224 | 0
2240 | 0.000706143
2256 | 0.00677617
2272 | 0.0192669
2288 | 0.0375171
2304 | 0.0615488
2320 | 0.0921788
2336 | 0.128973
2352 | 0.174966
2368 | 0.224928
2384 | 0.277674
2400 | 0.327781
2416 | 0.382625
2432 | 0.444052
2448 | 0.515322
2464 | 0.577995
2480 | 0.63393
2496 | 0.677557
2512 | 0.726416
2528 | 0.769863
2544 | 0.806189
2560 | 0.799673
2576 | 0.764147
2592 | 0.729847
2608 | 0.686464
2624 | 0.640397
2640 | 0.585954
2656 | 0.524144
2672 | 0.449849
2688 | 0.391071
2704 | 0.337226
2720 | 0.277452
2736 | 0.217907
2752 | 0.151985
2768 | 0.0985262
2784 | 0.0605501
2800 | 0.0350777
2816 | 0.0178636
2832 | 0.00798746
2848 | 0.00106389
2864 | 0
2880 | 0
2896 | 0
2912 | 0
2928 | 0
2944 | 0
2960 | 0
2976 | 0
2992 | 0
3008 | 0
3024 | 0
3040 | 0
3056 | 0
3072 | 0
Valeur de l'integrale : 422.647
