224 | 0
240 | 0
256 | 0
272 | 0
288 | 0
304 | 0
320 | 0
336 | 0
352 | 0
368 | 0
384 | 0
400 | 0
416 | 0
432 | 0
448 | 0
464 | 0
480 | 0
496 | 0
512 | 0
528 | 0
544 | 0
560 | 0
576 | 0
592 | 0
608 | 0
624 | 0
640 | 0
656 | 0
672 | 0
688 | 0
704 | 0
720 | 0
736 | 0
752 | 0
768 | 0
784 | 0
800 | 0
816 | 0
832 | 0
848 | 0
864 | 0
880 | 0
896 | 0
912 | 0
928 | 0
944 | 0
960 | 0
976 | 0
992 | 0.00165379
1008 | 0.0103978
1024 | 0.0263627
1040 | 0.0499227
1056 | 0.0797231
1072 | 0.115825
1088 | 0.156991
1104 | 0.205977
1120 | 0.256288
1136 | 0.30106
1152 | 0.353674
1168 | 0.41296
1184 | 0.482519
1200 | 0.554705
1216 | 0.624904
1232 | 0.797282
1248 | 0.844625
1264 | 0.849551
1280 | 0.851535
1296 | 0.840901
1312 | 0.821927
1328 | 0.787861
1344 | 0.753636
1360 | 0.707439
1376 | 0.650849
1392 | 0.589719
1408 | 0.524676
1424 | 0.458534
1440 | 0.391256
1456 | 0.229436
1472 | 0.175685
1488 | 0.132127
1504 | 0.230682
1520 | 0.199127
1536 | 0.173844
1552 | 0.153372
1568 | 0.138972
1584 | 0.130989
1600 | 0.12873
1616 | 0.128667
1632 | 0.13044
1648 | 0.132905
1664 | 0.136932
1680 | 0.142343
1696 | 0.146047
1712 | 0.149933
1728 | 0
1744 | 0
1760 | 0.122175
1776 | 0.128691
1792 | 0.177541
1808 | 0.232669
1824 | 0.290859
1840 | 0.345794
1856 | 0.538089
1872 | 0.539565
1888 | 0.541202
1904 | 0.535703
1920 | 0.540459
1936 | 0.545377
1952 | 0.550386
1968 | 0.565312
1984 | 0.406857
2000 | 0.400142
2016 | 0.354284
2032 | 0.302565
2048 | 0.24509
2064 | 0.334507
2080 | 0.139893
2096 | 0.133896
2112 | 0.128421
2128 | 0.123625
2144 | 0.119206
2160 | 0.116771
2176 | 0.114471
2192 | 0.110801
2208 | 0.10872
2224 | 0.106507
2240 | 0.103904
2256 | 0.10724
2272 | 0.120344
2288 | 0.0375171
2304 | 0.0615488
2320 | 0.0921788
2336 | 0.128973
2352 | 0.174966
2368 | 0.224928
2384 | 0.277674
2400 | 0.327781
2416 | 0.382625
2432 | 0.444052
2448 | 0.515322
2464 | 0.577995
2480 | 0.63393
2496 | 0.677557
2512 | 0.726416
2528 | 0.769863
2544 | 0.806189
2560 | 0.799673
2576 | 0.764147
2592 | 0.729847
2608 | 0.686464
2624 | 0.640397
2640 | 0.585954
2656 | 0.524144
2672 | 0.5593
2688 | 0.614898
2704 | 0.568329
2720 | 0.518045
2736 | 0.465792
2752 | 0.389808
2768 | 0.325964
2784 | 0.287726
2800 | 0.2609
2816 | 0.242281
2832 | 0.229861
2848 | 0.222708
2864 | 0.224329
2880 | 0.229155
2896 | 0.114388
2912 | 0
2928 | 0
2944 | 0
2960 | 0
2976 | 0
2992 | 0
3008 | 0
3024 | 0
3040 | 0
3056 | 0
3072 | 0
Valeur de l'integrale : 675.803
