0
0
0
0
0
0
0
0
0
0
0
0
0
0
0
0
0
0
0
0
0
0
0
0
0
0
0
0
0
0
0
0
0
0
0
0
0
0
0
0
0
0
0
0
0
0
0
0
0
0
0
0
0
0
0
0
0
0
0
0
0
0
0
0.113509
0.11427
0.111286
0.109858
0.108596
0.108
0.107143
0.10782
0.107755
0.106989
0.105862
0.105679
0.105293
0.103292
0
0
0
0.134744
0.134744
0.134744
0.133472
0.131784
0.130137
0.12873
0.128667
0.13044
0.132905
0.136932
0.142343
0.146047
0.149933
0
0
0.122175
0.128691
0.177541
0.232669
0.290859
0.345794
0.538089
0.539565
0.541202
0.535703
0.540459
0.545377
0.550386
0.565312
0.406857
0.400142
0.354284
0.302565
0.24509
0.334507
0.139893
0.133896
0.128421
0.123625
0.119206
0.116771
0.114471
0.110801
0.10872
0.106507
0.103198
0.100464
0.101077
0
0
0
0
0
0
0
0
0
0
0
0
0
0
0
0
0
0
0
0
0
0
0
0
0.109451
0.223827
0.231103
0.240593
0.247885
0.237823
0.227438
0.227176
0.225822
0.224417
0.221874
0.221644
0.224329
0.229155
0.114388
0
0
0
0
0
0
0
0
0
0
0