0
0
0
0
0
0
0
0
0
0
0
0
0
0
0
0
0
0
0
0
0
0
0
0
0
0
0
0
0
0
0
0
0
0
0
0
0
0
0
0
0
0
0
0
0
0
0
0
0
0
0
0
0
0
0
0
0
0
0
0
0
0
0.105507
0.106203
0.104896
0.102377
0.101167
0.100095
0.100541
0.100137
0.100729
0.100672
0.100002
0.0990104
0.0986714
0.0972826
0.0955717
0
0
0.124949
0.124949
0.124949
0.124949
0.123854
0.122399
0.121153
0.121097
0.122658
0.124623
0.126827
0.131456
0.134609
0.137903
0.141363
0
0.11152
0.116924
0.160842
0.210138
0.262434
0.315904
0.501274
0.504638
0.505819
0.506136
0.501258
0.505419
0.509718
0.522494
0.52709
0.379824
0.373965
0.329219
0.275498
0.356627
0.305526
0.126098
0.121205
0.116701
0.112743
0.110562
0.108498
0.10651
0.103318
0.101317
0.0983181
0.0954915
0.0946981
0.0936727
0
0
0
0
0
0
0
0
0
0
0
0
0
0
0
0
0
0
0
0
0
0
0
0.0991605
0.207182
0.214801
0.223181
0.231253
0.224175
0.215914
0.20732
0.207102
0.205976
0.205176
0.205502
0.209118
0.214869
0.217764
0.108667
0
0
0
0
0
0
0
0
0
0