240 | 0
256 | 0
272 | 0
288 | 0
304 | 0
320 | 0
336 | 0
352 | 0
368 | 0
384 | 0
400 | 0
416 | 0
432 | 0
448 | 0
464 | 0
480 | 0
496 | 0
512 | 0
528 | 0
544 | 0
560 | 0
576 | 0
592 | 0
608 | 0
624 | 0
640 | 0
656 | 0
672 | 0
688 | 0
704 | 0
720 | 0
736 | 0
752 | 0
768 | 0
784 | 0
800 | 0
816 | 0
832 | 0
848 | 0
864 | 0
880 | 0
896 | 0
912 | 0
928 | 0
944 | 0
960 | 0
976 | 0
992 | 0.00154247
1008 | 0.00975244
1024 | 0.0247553
1040 | 0.0468857
1056 | 0.0750101
1072 | 0.108982
1088 | 0.147886
1104 | 0.194119
1120 | 0.241792
1136 | 0.289553
1152 | 0.332702
1168 | 0.385712
1184 | 0.447647
1200 | 0.513377
1216 | 0.579036
1232 | 0.643203
1248 | 0.693122
1264 | 0.716586
1280 | 0.717788
1296 | 0.714844
1312 | 0.700227
1328 | 0.683685
1344 | 0.648933
1360 | 0.609837
1376 | 0.561148
1392 | 0.508346
1408 | 0.452539
1424 | 0.391213
1440 | 0.326368
1456 | 0.266442
1472 | 0.212675
1488 | 0.163058
1504 | 0.12404
1520 | 0.0889636
1536 | 0.0597028
1552 | 0.0362579
1568 | 0.0184656
1584 | 0.00667631
1600 | 0.000793004
1616 | 0
1632 | 0
1648 | 0
1664 | 0
1680 | 0
1696 | 0
1712 | 0
1728 | 0
1744 | 0
1760 | 0
1776 | 0
1792 | 0
1808 | 0
1824 | 0
1840 | 0
1856 | 0
1872 | 0
1888 | 0
1904 | 0
1920 | 0
1936 | 0
1952 | 0
1968 | 0
1984 | 0
2000 | 0
2016 | 0
2032 | 0
2048 | 0
2064 | 0
2080 | 0
2096 | 0
2112 | 0
2128 | 0
2144 | 0
2160 | 0
2176 | 0
2192 | 0
2208 | 0
2224 | 0
2240 | 0.000672753
2256 | 0.00644077
2272 | 0.018051
2288 | 0.0352532
2304 | 0.0577653
2320 | 0.085584
2336 | 0.119746
2352 | 0.162243
2368 | 0.208598
2384 | 0.260741
2400 | 0.307998
2416 | 0.359688
2432 | 0.417588
2448 | 0.484375
2464 | 0.538166
2480 | 0.59436
2496 | 0.650961
2512 | 0.690798
2528 | 0.735919
2544 | 0.77445
2560 | 0.774631
2576 | 0.761435
2592 | 0.722723
2608 | 0.688885
2624 | 0.647181
2640 | 0.602341
2656 | 0.553415
2672 | 0.497744
2688 | 0.429171
2704 | 0.375301
2720 | 0.325666
2736 | 0.266681
2752 | 0.197065
2768 | 0.137984
2784 | 0.0898109
2800 | 0.0551996
2816 | 0.0319949
2832 | 0.016332
2848 | 0.00739807
2864 | 0.00100376
2880 | 0
2896 | 0
2912 | 0
2928 | 0
2944 | 0
2960 | 0
2976 | 0
2992 | 0
3008 | 0
3024 | 0
3040 | 0
3056 | 0
3072 | 0
Valeur de l'integrale : 422.96
