256 | 0
272 | 0
288 | 0
304 | 0
320 | 0
336 | 0
352 | 0
368 | 0
384 | 0
400 | 0
416 | 0
432 | 0
448 | 0
464 | 0
480 | 0
496 | 0
512 | 0
528 | 0
544 | 0
560 | 0
576 | 0
592 | 0
608 | 0
624 | 0
640 | 0
656 | 0
672 | 0
688 | 0
704 | 0
720 | 0
736 | 0
752 | 0
768 | 0
784 | 0
800 | 0
816 | 0
832 | 0
848 | 0
864 | 0
880 | 0
896 | 0
912 | 0
928 | 0
944 | 0
960 | 0
976 | 0
992 | 0.00147008
1008 | 0.00914277
1024 | 0.0233267
1040 | 0.0441925
1056 | 0.0707637
1072 | 0.102988
1088 | 0.139793
1104 | 0.183552
1120 | 0.228847
1136 | 0.274209
1152 | 0.32071
1168 | 0.364048
1184 | 0.419898
1200 | 0.478525
1216 | 0.538377
1232 | 0.696405
1248 | 0.753538
1264 | 0.781165
1280 | 0.795783
1296 | 0.789205
1312 | 0.77983
1328 | 0.766593
1344 | 0.747902
1360 | 0.70916
1376 | 0.667544
1392 | 0.620998
1408 | 0.571019
1424 | 0.51714
1440 | 0.454792
1456 | 0.393699
1472 | 0.336839
1488 | 0.198196
1504 | 0.270236
1520 | 0.232115
1536 | 0.199415
1552 | 0.172138
1568 | 0.150282
1584 | 0.132753
1600 | 0.12066
1616 | 0.115118
1632 | 0.11576
1648 | 0.117501
1664 | 0.119264
1680 | 0.122116
1696 | 0.124833
1712 | 0.127661
1728 | 0.13062
1744 | 0.133719
1760 | 0.102574
1776 | 0.107129
1792 | 0.147014
1808 | 0.191585
1824 | 0.238623
1840 | 0.287031
1856 | 0.460735
1872 | 0.47212
1888 | 0.474999
1904 | 0.475058
1920 | 0.475279
1936 | 0.470975
1952 | 0.474647
1968 | 0.485706
1984 | 0.489675
2000 | 0.493709
2016 | 0.356159
2032 | 0.349335
2048 | 0.30177
2064 | 0.377125
2080 | 0.32777
2096 | 0.277265
2112 | 0.114779
2128 | 0.110711
2144 | 0.106955
2160 | 0.10498
2176 | 0.103117
2192 | 0.10132
2208 | 0.0995766
2224 | 0.0966097
2240 | 0.0945215
2256 | 0.0974565
2272 | 0.107474
2288 | 0.121351
2304 | 0.141797
2320 | 0.0806778
2336 | 0.111751
2352 | 0.151246
2368 | 0.194459
2384 | 0.243094
2400 | 0.290393
2416 | 0.339345
2432 | 0.394125
2448 | 0.457642
2464 | 0.507642
2480 | 0.555479
2496 | 0.612271
2512 | 0.664742
2528 | 0.70113
2544 | 0.741521
2560 | 0.747431
2576 | 0.740865
2592 | 0.722533
2608 | 0.685167
2624 | 0.652331
2640 | 0.611351
2656 | 0.571249
2672 | 0.619526
2688 | 0.665443
2704 | 0.61253
2720 | 0.571255
2736 | 0.529027
2752 | 0.453216
2768 | 0.384466
2784 | 0.324045
2800 | 0.272983
2816 | 0.241006
2832 | 0.219112
2848 | 0.206308
2864 | 0.201698
2880 | 0.201837
2896 | 0.204823
2912 | 0.207452
2928 | 0.103491
2944 | 0
2960 | 0
2976 | 0
2992 | 0
3008 | 0
3024 | 0
3040 | 0
3056 | 0
3072 | 0
Valeur de l'integrale : 675.127
