256 | 0
272 | 0
288 | 0
304 | 0
320 | 0
336 | 0
352 | 0
368 | 0
384 | 0
400 | 0
416 | 0
432 | 0
448 | 0
464 | 0
480 | 0
496 | 0
512 | 0
528 | 0
544 | 0
560 | 0
576 | 0
592 | 0
608 | 0
624 | 0
640 | 0
656 | 0
672 | 0
688 | 0
704 | 0
720 | 0
736 | 0
752 | 0
768 | 0
784 | 0
800 | 0
816 | 0
832 | 0
848 | 0
864 | 0
880 | 0
896 | 0
912 | 0
928 | 0
944 | 0
960 | 0
976 | 0
992 | 0.00147008
1008 | 0.00914277
1024 | 0.0233267
1040 | 0.0441925
1056 | 0.0707637
1072 | 0.102988
1088 | 0.139793
1104 | 0.183552
1120 | 0.228847
1136 | 0.274209
1152 | 0.32071
1168 | 0.364048
1184 | 0.419898
1200 | 0.478525
1216 | 0.538377
1232 | 0.598454
1248 | 0.654372
1264 | 0.683106
1280 | 0.698839
1296 | 0.694417
1312 | 0.68608
1328 | 0.672938
1344 | 0.653555
1360 | 0.615169
1376 | 0.573032
1392 | 0.526536
1408 | 0.477153
1424 | 0.424306
1440 | 0.363189
1456 | 0.303294
1472 | 0.247914
1488 | 0.198196
1504 | 0.153755
1520 | 0.115634
1536 | 0.0829345
1552 | 0.0556567
1568 | 0.0338007
1584 | 0.0172244
1600 | 0.00624103
1616 | 0.000748596
1632 | 0
1648 | 0
1664 | 0
1680 | 0
1696 | 0
1712 | 0
1728 | 0
1744 | 0
1760 | 0
1776 | 0
1792 | 0
1808 | 0
1824 | 0
1840 | 0
1856 | 0
1872 | 0
1888 | 0
1904 | 0
1920 | 0
1936 | 0
1952 | 0
1968 | 0
1984 | 0
2000 | 0
2016 | 0
2032 | 0
2048 | 0
2064 | 0
2080 | 0
2096 | 0
2112 | 0
2128 | 0
2144 | 0
2160 | 0
2176 | 0
2192 | 0
2208 | 0
2224 | 0
2240 | 0.000642379
2256 | 0.00615797
2272 | 0.0172064
2288 | 0.0331818
2304 | 0.0545175
2320 | 0.0806778
2336 | 0.111751
2352 | 0.151246
2368 | 0.194459
2384 | 0.243094
2400 | 0.290393
2416 | 0.339345
2432 | 0.394125
2448 | 0.457642
2464 | 0.507642
2480 | 0.555479
2496 | 0.612271
2512 | 0.664742
2528 | 0.70113
2544 | 0.741521
2560 | 0.747431
2576 | 0.740865
2592 | 0.722533
2608 | 0.685167
2624 | 0.652331
2640 | 0.611351
2656 | 0.571249
2672 | 0.527564
2688 | 0.476925
2704 | 0.413104
2720 | 0.363314
2736 | 0.313905
2752 | 0.242731
2768 | 0.179861
2784 | 0.126344
2800 | 0.0825122
2816 | 0.050718
2832 | 0.0294594
2848 | 0.0152114
2864 | 0.0070088
2880 | 0.000964191
2896 | 0
2912 | 0
2928 | 0
2944 | 0
2960 | 0
2976 | 0
2992 | 0
3008 | 0
3024 | 0
3040 | 0
3056 | 0
3072 | 0
Valeur de l'integrale : 423.267
