0
0
0
0
0
0
0
0
0
0
0
0
0
0
0
0
0
0
0
0
0
0
0
0
0
0
0
0
0
0
0
0
0
0
0
0
0
0
0
0
0
0
0
0
0
0
0
0
0
0
0
0
0
0
0
0
0
0
0
0
0.0914127
0.092462
0.0920295
0.091075
0.0901123
0.0882467
0.0880777
0.0882581
0.0888715
0.0885561
0.0890184
0.0889681
0.0882962
0.0865501
0.0854797
0.0844356
0.0831437
0.110668
0.109088
0.109088
0.109088
0.109088
0.109088
0.108394
0.108349
0.109597
0.111156
0.112726
0.115089
0.11638
0.118834
0.121394
0.124067
0.225233
0.0988477
0.135375
0.176043
0.218774
0.26253
0.421102
0.435989
0.446079
0.447772
0.447772
0.447968
0.444142
0.453758
0.457219
0.460735
0.464304
0.333749
0.322064
0.395043
0.348503
0.29928
0.25379
0.105325
0.101903
0.0999438
0.0982449
0.096612
0.0950258
0.0933309
0.0898235
0.0874583
0.0865116
0.0843155
0.0824817
0.0817027
0
0
0
0
0
0
0
0
0
0
0
0
0
0
0
0
0
0
0
0
0
0.0857629
0.175365
0.182074
0.193498
0.200927
0.197037
0.19314
0.188177
0.182322
0.176156
0.176271
0.177561
0.181712
0.187523
0.192066
0.195674
0.198072
0.0987969
0
0
0
0
0
0
0
0