0
0
0
0
0
0
0
0
0
0
0
0
0
0
0
0
0
0
0
0
0
0
0
0
0
0
0
0
0
0
0
0
0
0
0
0
0
0
0
0
0
0
0
0
0
0
0
0
0
0
0
0
0
0
0
0
0
0
0
0.0858131
0.0866142
0.0862272
0.085851
0.0850197
0.0841802
0.0832029
0.0832875
0.0834489
0.083997
0.0837152
0.0841231
0.0839488
0.0825932
0.0810634
0.0801238
0.0792056
0.184781
0.103974
0.102577
0.102577
0.102577
0.102577
0.102704
0.102931
0.104056
0.105461
0.106873
0.108989
0.10998
0.111149
0.113386
0.115714
0.209492
0.21755
0.125444
0.162833
0.201973
0.241884
0.387102
0.400334
0.413687
0.421982
0.42345
0.42345
0.423625
0.4258
0.428799
0.431889
0.435024
0.436298
0.308769
0.40839
0.366813
0.319936
0.275347
0.23398
0.097322
0.0955182
0.0938209
0.0923223
0.0908727
0.0893216
0.0869824
0.0839281
0.0830559
0.0810297
0.0791
0.0774839
0.076796
0
0
0
0
0
0
0
0
0
0
0
0
0
0
0
0
0
0
0
0
0.080393
0.163974
0.169775
0.177121
0.187411
0.185062
0.181756
0.178435
0.174192
0.169163
0.164078
0.165779
0.16943
0.175455
0.179826
0.183999
0.187308
0.189523
0.0946926
0
0
0
0
0
0
0