304 | 0
320 | 0
336 | 0
352 | 0
368 | 0
384 | 0
400 | 0
416 | 0
432 | 0
448 | 0
464 | 0
480 | 0
496 | 0
512 | 0
528 | 0
544 | 0
560 | 0
576 | 0
592 | 0
608 | 0
624 | 0
640 | 0
656 | 0
672 | 0
688 | 0
704 | 0
720 | 0
736 | 0
752 | 0
768 | 0
784 | 0
800 | 0
816 | 0
832 | 0
848 | 0
864 | 0
880 | 0
896 | 0
912 | 0
928 | 0
944 | 0
960 | 0
976 | 0
992 | 0.00122623
1008 | 0.0077815
1024 | 0.0199131
1040 | 0.037932
1056 | 0.0602305
1072 | 0.0881783
1088 | 0.120153
1104 | 0.157934
1120 | 0.197347
1136 | 0.236615
1152 | 0.276876
1168 | 0.319586
1184 | 0.367438
1200 | 0.414892
1216 | 0.453168
1232 | 0.577746
1248 | 0.620931
1264 | 0.65318
1280 | 0.680926
1296 | 0.702383
1312 | 0.710345
1328 | 0.713444
1344 | 0.701946
1360 | 0.68718
1376 | 0.663611
1392 | 0.637075
1408 | 0.599554
1424 | 0.562372
1440 | 0.517885
1456 | 0.471959
1472 | 0.424654
1488 | 0.374344
1504 | 0.429016
1520 | 0.381056
1536 | 0.264109
1552 | 0.224577
1568 | 0.192897
1584 | 0.165722
1600 | 0.14322
1616 | 0.126162
1632 | 0.113816
1648 | 0.105793
1664 | 0.102263
1680 | 0.103508
1696 | 0.104396
1712 | 0.105297
1728 | 0.106369
1744 | 0.108415
1760 | 0.195807
1776 | 0.202829
1792 | 0.236899
1808 | 0.151467
1824 | 0.187568
1840 | 0.224248
1856 | 0.358182
1872 | 0.369482
1888 | 0.381452
1904 | 0.392881
1920 | 0.400313
1936 | 0.401634
1952 | 0.401634
1968 | 0.406906
1984 | 0.403747
2000 | 0.406443
2016 | 0.409218
2032 | 0.410346
2048 | 0.404898
2064 | 0.39267
2080 | 0.380818
2096 | 0.338366
2112 | 0.295698
2128 | 0.254958
2144 | 0.217063
2160 | 0.0914822
2176 | 0.0899104
2192 | 0.088405
2208 | 0.0870675
2224 | 0.0856425
2240 | 0.0840611
2256 | 0.0869358
2272 | 0.0950894
2288 | 0.107342
2304 | 0.123799
2320 | 0.144178
2336 | 0.168681
2352 | 0.20142
2368 | 0.162974
2384 | 0.202014
2400 | 0.241123
2416 | 0.284644
2432 | 0.334058
2448 | 0.392612
2464 | 0.435597
2480 | 0.475584
2496 | 0.518562
2512 | 0.560228
2528 | 0.601615
2544 | 0.646324
2560 | 0.665602
2576 | 0.665278
2592 | 0.664277
2608 | 0.65692
2624 | 0.643948
2640 | 0.624694
2656 | 0.59374
2672 | 0.643521
2688 | 0.693076
2704 | 0.669841
2720 | 0.643863
2736 | 0.607161
2752 | 0.533007
2768 | 0.471197
2784 | 0.414808
2800 | 0.357026
2816 | 0.304674
2832 | 0.258964
2848 | 0.222073
2864 | 0.200961
2880 | 0.189448
2896 | 0.182127
2912 | 0.178953
2928 | 0.177431
2944 | 0.179645
2960 | 0.182017
2976 | 0.0912861
2992 | 0
3008 | 0
3024 | 0
3040 | 0
3056 | 0
3072 | 0
Valeur de l'integrale : 673.373
