0
0
0
0
0
0
0
0
0
0
0
0
0
0
0
0
0
0
0
0
0
0
0
0
0
0
0
0
0
0
0
0
0
0
0
0
0
0
0
0
0
0
0
0
0
0
0
0
0
0
0
0
0
0
0
0
0
0
0.0812614
0.0815708
0.0811197
0.0807802
0.0804498
0.0797195
0.0795784
0.0789154
0.0789916
0.0791367
0.0796295
0.0793715
0.0796217
0.0787771
0.0775823
0.0762309
0.0753994
0.176463
0.174052
0.0980427
0.0968003
0.0968003
0.0968003
0.0969129
0.0977865
0.0990491
0.100321
0.101598
0.103508
0.104396
0.105297
0.106369
0.108415
0.195807
0.202829
0.236899
0.151467
0.187568
0.224248
0.358182
0.369482
0.381452
0.392881
0.400313
0.401634
0.401634
0.406906
0.403747
0.406443
0.409218
0.410346
0.404898
0.39267
0.380818
0.338366
0.295698
0.254958
0.217063
0.0914822
0.0899104
0.088405
0.0870675
0.0856425
0.0834898
0.0814426
0.0798657
0.0779904
0.0762011
0.0744921
0.0730571
0.0733807
0
0
0
0
0
0
0
0
0
0
0
0
0
0
0
0
0
0
0
0.0752703
0.154058
0.159077
0.165461
0.172007
0.173535
0.171519
0.168676
0.165812
0.162141
0.157995
0.154949
0.15867
0.163977
0.168699
0.172735
0.176583
0.179645
0.182017
0.0912861
0
0
0
0
0
0