304 | 0
320 | 0
336 | 0
352 | 0
368 | 0
384 | 0
400 | 0
416 | 0
432 | 0
448 | 0
464 | 0
480 | 0
496 | 0
512 | 0
528 | 0
544 | 0
560 | 0
576 | 0
592 | 0
608 | 0
624 | 0
640 | 0
656 | 0
672 | 0
688 | 0
704 | 0
720 | 0
736 | 0
752 | 0
768 | 0
784 | 0
800 | 0
816 | 0
832 | 0
848 | 0
864 | 0
880 | 0
896 | 0
912 | 0
928 | 0
944 | 0
960 | 0
976 | 0
992 | 0.00122623
1008 | 0.0077815
1024 | 0.0199131
1040 | 0.037932
1056 | 0.0602305
1072 | 0.0881783
1088 | 0.120153
1104 | 0.157934
1120 | 0.197347
1136 | 0.236615
1152 | 0.276876
1168 | 0.319586
1184 | 0.367438
1200 | 0.414892
1216 | 0.453168
1232 | 0.496485
1248 | 0.53936
1264 | 0.57206
1280 | 0.600146
1296 | 0.621933
1312 | 0.630625
1328 | 0.633866
1344 | 0.62303
1360 | 0.608189
1376 | 0.584474
1392 | 0.557445
1408 | 0.520182
1424 | 0.482751
1440 | 0.439108
1456 | 0.394377
1472 | 0.348423
1488 | 0.298944
1504 | 0.252553
1520 | 0.207004
1536 | 0.166067
1552 | 0.127776
1568 | 0.0960963
1584 | 0.0689218
1600 | 0.0463067
1616 | 0.0283759
1632 | 0.0147673
1648 | 0.00547206
1664 | 0.000665004
1680 | 0
1696 | 0
1712 | 0
1728 | 0
1744 | 0
1760 | 0
1776 | 0
1792 | 0
1808 | 0
1824 | 0
1840 | 0
1856 | 0
1872 | 0
1888 | 0
1904 | 0
1920 | 0
1936 | 0
1952 | 0
1968 | 0
1984 | 0
2000 | 0
2016 | 0
2032 | 0
2048 | 0
2064 | 0
2080 | 0
2096 | 0
2112 | 0
2128 | 0
2144 | 0
2160 | 0
2176 | 0
2192 | 0
2208 | 0
2224 | 0
2240 | 0.000571289
2256 | 0.00549319
2272 | 0.0152237
2288 | 0.0293512
2304 | 0.0475978
2320 | 0.0696862
2336 | 0.0956241
2352 | 0.12804
2368 | 0.162974
2384 | 0.202014
2400 | 0.241123
2416 | 0.284644
2432 | 0.334058
2448 | 0.392612
2464 | 0.435597
2480 | 0.475584
2496 | 0.518562
2512 | 0.560228
2528 | 0.601615
2544 | 0.646324
2560 | 0.665602
2576 | 0.665278
2592 | 0.664277
2608 | 0.65692
2624 | 0.643948
2640 | 0.624694
2656 | 0.59374
2672 | 0.568251
2688 | 0.539018
2704 | 0.510764
2720 | 0.478402
2736 | 0.435154
2752 | 0.359472
2768 | 0.299678
2784 | 0.246132
2800 | 0.191214
2816 | 0.142533
2832 | 0.100969
2848 | 0.0671239
2864 | 0.0422908
2880 | 0.0254712
2896 | 0.0134284
2912 | 0.00621848
2928 | 0.000847597
2944 | 0
2960 | 0
2976 | 0
2992 | 0
3008 | 0
3024 | 0
3040 | 0
3056 | 0
3072 | 0
Valeur de l'integrale : 424.208
