0
0
0
0
0
0
0
0
0
0
0
0
0
0
0
0
0
0
0
0
0
0
0
0
0
0
0
0
0
0
0
0
0
0
0
0
0
0
0
0
0
0
0
0
0
0
0
0
0
0
0
0
0
0
0
0
0
0.0775514
0.0774472
0.0766795
0.0762807
0.0759804
0.0756881
0.0755804
0.0756475
0.0750481
0.075117
0.0752483
0.0756895
0.0753522
0.0749547
0.0742057
0.0731446
0.0719422
0.168384
0.166652
0.1645
0.0927519
0.0916392
0.0916392
0.0917401
0.0925225
0.0942766
0.0956588
0.0968191
0.0985522
0.0993569
0.100168
0.100997
0.101982
0.183801
0.189974
0.221589
0.256371
0.175082
0.209008
0.333283
0.343045
0.353339
0.363692
0.374031
0.380761
0.381955
0.386575
0.386721
0.383867
0.386302
0.387307
0.38245
0.479532
0.367113
0.352795
0.314014
0.274874
0.237406
0.204634
0.0863255
0.0849245
0.083575
0.0822546
0.0802668
0.0783728
0.0776117
0.0751708
0.0735072
0.0719156
0.0703915
0.0699595
0.0693983
0
0
0
0
0
0
0
0
0
0
0
0
0
0
0
0
0
0
0.0707613
0.144556
0.149727
0.155283
0.160989
0.160246
0.161572
0.159823
0.157351
0.154856
0.151853
0.149513
0.148721
0.153878
0.158061
0.162443
0.166183
0.169756
0.172887
0.175763
0.088137
0
0
0
0
0