320 | 0
336 | 0
352 | 0
368 | 0
384 | 0
400 | 0
416 | 0
432 | 0
448 | 0
464 | 0
480 | 0
496 | 0
512 | 0
528 | 0
544 | 0
560 | 0
576 | 0
592 | 0
608 | 0
624 | 0
640 | 0
656 | 0
672 | 0
688 | 0
704 | 0
720 | 0
736 | 0
752 | 0
768 | 0
784 | 0
800 | 0
816 | 0
832 | 0
848 | 0
864 | 0
880 | 0
896 | 0
912 | 0
928 | 0
944 | 0
960 | 0
976 | 0
992 | 0.00116753
1008 | 0.00737596
1024 | 0.0188805
1040 | 0.0359552
1056 | 0.0580192
1072 | 0.0838452
1088 | 0.114723
1104 | 0.150867
1120 | 0.188653
1136 | 0.226433
1152 | 0.264833
1168 | 0.305671
1184 | 0.351559
1200 | 0.397095
1216 | 0.439949
1232 | 0.551369
1248 | 0.589541
1264 | 0.617427
1280 | 0.642998
1296 | 0.664383
1312 | 0.679898
1328 | 0.687797
1344 | 0.687815
1360 | 0.672389
1376 | 0.654135
1392 | 0.631004
1408 | 0.605553
1424 | 0.569193
1440 | 0.529409
1456 | 0.487832
1472 | 0.444963
1488 | 0.400763
1504 | 0.45319
1520 | 0.405163
1536 | 0.360144
1552 | 0.249857
1568 | 0.212603
1584 | 0.182612
1600 | 0.157059
1616 | 0.136731
1632 | 0.121634
1648 | 0.109921
1664 | 0.1021
1680 | 0.0991973
1696 | 0.0993569
1712 | 0.100168
1728 | 0.100997
1744 | 0.101982
1760 | 0.183801
1776 | 0.189974
1792 | 0.221589
1808 | 0.256371
1824 | 0.175082
1840 | 0.209008
1856 | 0.333283
1872 | 0.343045
1888 | 0.353339
1904 | 0.363692
1920 | 0.374031
1936 | 0.380761
1952 | 0.381955
1968 | 0.386575
1984 | 0.386721
2000 | 0.383867
2016 | 0.386302
2032 | 0.387307
2048 | 0.38245
2064 | 0.479532
2080 | 0.367113
2096 | 0.352795
2112 | 0.314014
2128 | 0.274874
2144 | 0.237406
2160 | 0.204634
2176 | 0.0863255
2192 | 0.0849245
2208 | 0.083575
2224 | 0.0822546
2240 | 0.080816
2256 | 0.0836589
2272 | 0.0924057
2288 | 0.103461
2304 | 0.119422
2320 | 0.139192
2336 | 0.162527
2352 | 0.19203
2368 | 0.225087
2384 | 0.192783
2400 | 0.22821
2416 | 0.269341
2432 | 0.316034
2448 | 0.371597
2464 | 0.415844
2480 | 0.454034
2496 | 0.494968
2512 | 0.534492
2528 | 0.57283
2544 | 0.610204
2560 | 0.632263
2576 | 0.644907
2592 | 0.640217
2608 | 0.637632
2624 | 0.629808
2640 | 0.61613
2656 | 0.599511
2672 | 0.643161
2688 | 0.694582
2704 | 0.673594
2720 | 0.653865
2736 | 0.626462
2752 | 0.565647
2768 | 0.496263
2784 | 0.439065
2800 | 0.386958
2816 | 0.333436
2832 | 0.285342
2848 | 0.245062
2864 | 0.213147
2880 | 0.194892
2896 | 0.182613
2912 | 0.175373
2928 | 0.172166
2944 | 0.170571
2960 | 0.172887
2976 | 0.175763
2992 | 0.088137
3008 | 0
3024 | 0
3040 | 0
3056 | 0
3072 | 0
Valeur de l'integrale : 672.787
