320 | 0
336 | 0
352 | 0
368 | 0
384 | 0
400 | 0
416 | 0
432 | 0
448 | 0
464 | 0
480 | 0
496 | 0
512 | 0
528 | 0
544 | 0
560 | 0
576 | 0
592 | 0
608 | 0
624 | 0
640 | 0
656 | 0
672 | 0
688 | 0
704 | 0
720 | 0
736 | 0
752 | 0
768 | 0
784 | 0
800 | 0
816 | 0
832 | 0
848 | 0
864 | 0
880 | 0
896 | 0
912 | 0
928 | 0
944 | 0
960 | 0
976 | 0
992 | 0.00116753
1008 | 0.00737596
1024 | 0.0188805
1040 | 0.0359552
1056 | 0.0580192
1072 | 0.0838452
1088 | 0.114723
1104 | 0.150867
1120 | 0.188653
1136 | 0.226433
1152 | 0.264833
1168 | 0.305671
1184 | 0.351559
1200 | 0.397095
1216 | 0.439949
1232 | 0.473818
1248 | 0.512094
1264 | 0.540748
1280 | 0.566718
1296 | 0.588402
1312 | 0.60421
1328 | 0.612216
1344 | 0.612168
1360 | 0.597341
1376 | 0.579018
1392 | 0.555756
1408 | 0.529863
1424 | 0.49384
1440 | 0.454454
1456 | 0.413626
1472 | 0.371818
1488 | 0.328821
1504 | 0.284806
1520 | 0.238511
1536 | 0.195644
1552 | 0.157105
1568 | 0.120964
1584 | 0.0909727
1600 | 0.0653189
1616 | 0.0442089
1632 | 0.0273573
1648 | 0.0142619
1664 | 0.00528104
1680 | 0.000645069
1696 | 0
1712 | 0
1728 | 0
1744 | 0
1760 | 0
1776 | 0
1792 | 0
1808 | 0
1824 | 0
1840 | 0
1856 | 0
1872 | 0
1888 | 0
1904 | 0
1920 | 0
1936 | 0
1952 | 0
1968 | 0
1984 | 0
2000 | 0
2016 | 0
2032 | 0
2048 | 0
2064 | 0
2080 | 0
2096 | 0
2112 | 0
2128 | 0
2144 | 0
2160 | 0
2176 | 0
2192 | 0
2208 | 0
2224 | 0
2240 | 0.000549235
2256 | 0.00528614
2272 | 0.014794
2288 | 0.0282901
2304 | 0.0459151
2320 | 0.0672759
2336 | 0.0921351
2352 | 0.12207
2368 | 0.155688
2384 | 0.192783
2400 | 0.22821
2416 | 0.269341
2432 | 0.316034
2448 | 0.371597
2464 | 0.415844
2480 | 0.454034
2496 | 0.494968
2512 | 0.534492
2528 | 0.57283
2544 | 0.610204
2560 | 0.632263
2576 | 0.644907
2592 | 0.640217
2608 | 0.637632
2624 | 0.629808
2640 | 0.61613
2656 | 0.599511
2672 | 0.572399
2688 | 0.550026
2704 | 0.523867
2720 | 0.498582
2736 | 0.465473
2752 | 0.405401
2768 | 0.334691
2784 | 0.279242
2800 | 0.229607
2816 | 0.17858
2832 | 0.133489
2848 | 0.0955485
2864 | 0.0644259
2880 | 0.0410135
2896 | 0.0245522
2912 | 0.0129305
2928 | 0.00598258
2944 | 0.00081483
2960 | 0
2976 | 0
2992 | 0
3008 | 0
3024 | 0
3040 | 0
3056 | 0
3072 | 0
Valeur de l'integrale : 424.551
