0
0
0
0
0
0
0
0
0
0
0
0
0
0
0
0
0
0
0
0
0
0
0
0
0
0
0
0
0
0
0
0
0
0
0
0
0
0
0
0
0
0
0
0
0
0
0
0
0
0
0
0
0
0
0
0
0
0
0
0
0
0
0
0
0
0
0
0
0
0
0
0
0
0
0.563093
0.573189
0.5185
0
0
0
0
0
0
0
0
0
0
0
0
0
0
0.604794
0.604794
0.604794
0
0
0
0
0
0
0
0
0
0
0
0
0
0.693089
0.789352
1.05556
0.479167
0.648082
0.655369
1.27474
1.10745
0.927331
0
0
0
0
0
0
0
0
0
0
0.546766
0.506248
0.478261
0
0
0
0
0
0
0
0
0
0
0
0
0
0
0
0
0
0
0
0
0
0
0
0
0
0
0
0
0
0
0
0
0
0
0
0.579044
1.30208
1.5024
0.880682
0
0
0
0
0
0
0
0
0
0
0
0
0
0
0
0
0
0
0
0
0
0