48 | 0
64 | 0
80 | 0
96 | 0
112 | 0
128 | 0
144 | 0
160 | 0
176 | 0
192 | 0
208 | 0
224 | 0
240 | 0
256 | 0
272 | 0
288 | 0
304 | 0
320 | 0
336 | 0
352 | 0
368 | 0
384 | 0
400 | 0
416 | 0
432 | 0
448 | 0
464 | 0
480 | 0
496 | 0
512 | 0
528 | 0
544 | 0
560 | 0
576 | 0
592 | 0
608 | 0
624 | 0
640 | 0
656 | 0
672 | 0
688 | 0
704 | 0
720 | 0
736 | 0
752 | 0
768 | 0
784 | 0
800 | 0
816 | 0
832 | 0
848 | 0
864 | 0
880 | 0
896 | 0
912 | 0
928 | 0
944 | 0
960 | 0
976 | 0
992 | 0.00617908
1008 | 0.04028
1024 | 0.106915
1040 | 0.215233
1056 | 0.315543
1072 | 0.41299
1088 | 0.466926
1104 | 0.571429
1120 | 0.643367
1136 | 0.723386
1152 | 0.75581
1168 | 0.834974
1184 | 0.905404
1200 | 0.945462
1216 | 0.951977
1232 | 0.950599
1248 | 0.906009
1264 | 0.753675
1280 | 0.608108
1296 | 0.4825
1312 | 0.4025
1328 | 0.33612
1344 | 0.26811
1360 | 0.191294
1376 | 0.102295
1392 | 0.0374251
1408 | 0.00448934
1424 | 0
1440 | 0
1456 | 0
1472 | 0
1488 | 0
1504 | 0
1520 | 0
1536 | 0
1552 | 0
1568 | 0
1584 | 0
1600 | 0
1616 | 0
1632 | 0
1648 | 0
1664 | 0
1680 | 0
1696 | 0
1712 | 0
1728 | 0
1744 | 0
1760 | 0
1776 | 0
1792 | 0
1808 | 0
1824 | 0
1840 | 0
1856 | 0
1872 | 0
1888 | 0
1904 | 0
1920 | 0
1936 | 0
1952 | 0
1968 | 0
1984 | 0
2000 | 0
2016 | 0
2032 | 0
2048 | 0
2064 | 0
2080 | 0
2096 | 0
2112 | 0
2128 | 0
2144 | 0
2160 | 0
2176 | 0
2192 | 0
2208 | 0
2224 | 0
2240 | 0.00324638
2256 | 0.0301639
2272 | 0.0878378
2288 | 0.17027
2304 | 0.256757
2320 | 0.3175
2336 | 0.3975
2352 | 0.516216
2368 | 0.602703
2384 | 0.689189
2400 | 0.695205
2416 | 0.751728
2432 | 0.816609
2448 | 0.895796
2464 | 0.926674
2480 | 0.918869
2496 | 0.907737
2512 | 0.920803
2528 | 0.942249
2544 | 0.922131
2560 | 0.671441
2576 | 0.45785
2592 | 0.289646
2608 | 0.197713
2624 | 0.134389
2640 | 0.0761383
2656 | 0.0371594
2672 | 0.00551471
2688 | 0
2704 | 0
2720 | 0
2736 | 0
2752 | 0
2768 | 0
2784 | 0
2800 | 0
2816 | 0
2832 | 0
2848 | 0
2864 | 0
2880 | 0
2896 | 0
2912 | 0
2928 | 0
2944 | 0
2960 | 0
2976 | 0
2992 | 0
3008 | 0
3024 | 0
3040 | 0
3056 | 0
3072 | 0
Valeur de l'integrale : 425.249
