0
0
0
0
0
0
0
0
0
0
0
0
0
0
0
0
0
0
0
0
0
0
0
0
0
0
0
0
0
0
0
0
0
0
0
0
0
0
0
0
0
0
0
0
0
0
0
0
0
0
0
0
0
0
0
0
0
0
0
0
0
0
0
0
0
0
0
0
0
0
0
0
0
0.41438
0.419821
0.395783
0.368915
0
0
0
0
0
0
0
0
0
0
0
0
0
0.447373
0.447373
0.447373
0.447373
0
0
0
0
0
0
0
0
0
0
0
0
0.503445
0.552376
0.738661
0.937365
0.528865
0.646649
1.12006
0.990564
0.849712
0.696643
0
0
0
0
0
0
0
0
0
0.432924
0.401019
0.362669
0.348078
0
0
0
0
0
0
0
0
0
0
0
0
0
0
0
0
0
0
0
0
0
0
0
0
0
0
0
0
0
0
0
0
0
0
0.411496
0.915527
1.04632
1.2207
0.678461
0
0
0
0
0
0
0
0
0
0
0
0
0
0
0
0
0
0
0
0
0