64 | 0
80 | 0
96 | 0
112 | 0
128 | 0
144 | 0
160 | 0
176 | 0
192 | 0
208 | 0
224 | 0
240 | 0
256 | 0
272 | 0
288 | 0
304 | 0
320 | 0
336 | 0
352 | 0
368 | 0
384 | 0
400 | 0
416 | 0
432 | 0
448 | 0
464 | 0
480 | 0
496 | 0
512 | 0
528 | 0
544 | 0
560 | 0
576 | 0
592 | 0
608 | 0
624 | 0
640 | 0
656 | 0
672 | 0
688 | 0
704 | 0
720 | 0
736 | 0
752 | 0
768 | 0
784 | 0
800 | 0
816 | 0
832 | 0
848 | 0
864 | 0
880 | 0
896 | 0
912 | 0
928 | 0
944 | 0
960 | 0
976 | 0
992 | 0.00475285
1008 | 0.0301676
1024 | 0.078975
1040 | 0.160116
1056 | 0.261137
1072 | 0.358312
1088 | 0.444735
1104 | 0.526709
1120 | 0.602201
1136 | 0.670193
1152 | 0.749355
1168 | 0.793565
1184 | 0.86535
1200 | 0.919037
1216 | 0.946112
1232 | 0.950582
1248 | 0.919668
1264 | 0.79969
1280 | 0.675442
1296 | 0.553642
1312 | 0.4425
1328 | 0.373862
1344 | 0.3043
1360 | 0.228269
1376 | 0.147409
1392 | 0.0767216
1408 | 0.028061
1424 | 0.00334293
1440 | 0
1456 | 0
1472 | 0
1488 | 0
1504 | 0
1520 | 0
1536 | 0
1552 | 0
1568 | 0
1584 | 0
1600 | 0
1616 | 0
1632 | 0
1648 | 0
1664 | 0
1680 | 0
1696 | 0
1712 | 0
1728 | 0
1744 | 0
1760 | 0
1776 | 0
1792 | 0
1808 | 0
1824 | 0
1840 | 0
1856 | 0
1872 | 0
1888 | 0
1904 | 0
1920 | 0
1936 | 0
1952 | 0
1968 | 0
1984 | 0
2000 | 0
2016 | 0
2032 | 0
2048 | 0
2064 | 0
2080 | 0
2096 | 0
2112 | 0
2128 | 0
2144 | 0
2160 | 0
2176 | 0
2192 | 0
2208 | 0
2224 | 0
2240 | 0.00247853
2256 | 0.0233404
2272 | 0.0670679
2288 | 0.127483
2304 | 0.209272
2320 | 0.29404
2336 | 0.3575
2352 | 0.463576
2368 | 0.548344
2384 | 0.633113
2400 | 0.700271
2416 | 0.722046
2432 | 0.790396
2448 | 0.857566
2464 | 0.897474
2480 | 0.916233
2496 | 0.924268
2512 | 0.916009
2528 | 0.924369
2544 | 0.928451
2560 | 0.737414
2576 | 0.551402
2592 | 0.38439
2608 | 0.250189
2624 | 0.172148
2640 | 0.107542
2656 | 0.0595987
2672 | 0.0293926
2688 | 0.00439453
2704 | 0
2720 | 0
2736 | 0
2752 | 0
2768 | 0
2784 | 0
2800 | 0
2816 | 0
2832 | 0
2848 | 0
2864 | 0
2880 | 0
2896 | 0
2912 | 0
2928 | 0
2944 | 0
2960 | 0
2976 | 0
2992 | 0
3008 | 0
3024 | 0
3040 | 0
3056 | 0
3072 | 0
Valeur de l'integrale : 424.224
