0
0
0
0
0
0
0
0
0
0
0
0
0
0
0
0
0
0
0
0
0
0
0
0
0
0
0
0
0
0
0
0
0
0
0
0
0
0
0
0
0
0
0
0
0
0
0
0
0
0
0
0
0
0
0
0
0
0
0
0
0
0
0
0
0
0
0
0
0
0
0
0
0.337068
0.331202
0.316058
0.302238
0.286314
0
0
0
0
0
0
0
0
0
0
0
0
0.354976
0.354976
0.354976
0.354976
0.354976
0
0
0
0
0
0
0
0
0
0
0
0.395439
0.424834
0.568106
0.72093
0.873754
0.553097
1.01939
0.922258
0.809446
0.684726
0.55764
0
0
0
0
0
0
0
0
0.358319
0.336181
0.305282
0.282538
0.273603
0
0
0
0
0
0
0
0
0
0
0
0
0
0
0
0
0
0
0
0
0
0
0
0
0
0
0
0
0
0
0
0
0
0.316662
0.691244
0.78125
0.901442
1.0131
0.428423
0
0
0
0
0
0
0
0
0
0
0
0
0
0
0
0
0
0
0
0