0
0
0
0
0
0
0
0
0
0
0
0
0
0
0
0
0
0
0
0
0
0
0
0
0
0
0
0
0
0
0
0
0
0
0
0
0
0
0
0
0
0
0
0
0
0
0
0
0
0
0
0
0
0
0
0
0
0
0
0
0
0
0
0
0
0
0
0
0
0
0
0.281431
0.279891
0.263067
0.253422
0.244459
0.233936
0
0
0
0
0
0
0
0
0
0
0
0.301469
0.294212
0.294212
0.294212
0.294212
0.294212
0
0
0
0
0
0
0
0
0
0
0.340404
0.345258
0.461538
0.585695
0.709852
0.830408
0.897129
0.870339
0.783396
0.680606
0.573202
0.46488
0
0
0
0
0
0
0
0.305647
0.289392
0.266198
0.246447
0.231409
0.225442
0
0
0
0
0
0
0
0
0
0
0
0
0
0
0
0
0
0
0
0
0
0
0
0
0
0
0
0
0
0
0
0
0.253198
0.55143
0.611845
0.697545
0.782963
0.707347
0.313052
0
0
0
0
0
0
0
0
0
0
0
0
0
0
0
0
0
0
0