0.0502355
0.0753532
0.100471
0.122594
0.137832
0.148136
0.136617
0.126724
0.118167
0.109016
0.101495
0.0958443
0.091954
0.0886602
0.0820275
0.0681592
0.0561111
0.0439623
0.0321777
0.0199196
0.00766137
0
0
0
0
0
0
0
0
0
0
0
0
0
0.0579093
0.110924
0.16185
0.202326
0.232917
0.248942
0.249688
0.208091
0.221702
0.238293
0.263267
0.296643
0.326445
0.360609
0.392857
0.404661
0.424006
0.364921
0.290888
0.218034
0.155653
0.107688
0.0535501
0
0
0
0
0
0
0.014124
0.0406239
0.0682788
0.0969229
0.124423
0.148599
0.171531
0.182345
0.180809
0.171984
0.155259
0.142072
0.127994
0.106354
0.0834057
0.0582393
0.0346375
0.0211015
0.0208431
0.0380933
0.061657
0.0990071
0.139841
0.181104
0.223182
0.255435
0.265661
0.263414
0.240725
0.210326
0.181046
0.157574
0.13713
0.127963
0.123674
0.123674
0.119257
0.102699
0.0858262
0.0777757
0.0813916
0.0878251
0.103291
0.130977
0.176755
0.22168
0.257043
0.277803
0.300893
0.318557
0.323261
0.323261
0.331545
0.340863
0.341518
0.327515
0.299346
0.273182
0.236245
0.188164
0.139078
0.0975979
0.0635164
0.0390281
0.0160704
0.00387372
0
0
0
0
0
0
0
0
0
0
0
0
0
0
0
0
0
0
0
0
0
0
0
0
0
0
0
0
0
0
0.0598708
0.121644
0.18255
0.243193
0.30358
0.369038
0.421027
0.398507
0.355425
0.303531
0.237208
0.173519
0.112939
0.0672956
0.0308304
0.0110999
0
0
0
0
0
0
0
0
0
0
0
0
0
0
0
0
0
0
0
0
0
0
0
0
0
0
0
0
0
0