128 | 0.0659341
144 | 0.0879121
160 | 0.10759
176 | 0.121905
192 | 0.132222
208 | 0.140534
224 | 0.131307
240 | 0.123218
256 | 0.114452
272 | 0.10578
288 | 0.0981972
304 | 0.0935288
320 | 0.090268
336 | 0.0842978
352 | 0.0718431
368 | 0.060428
384 | 0.0492676
400 | 0.0385318
416 | 0.0279023
432 | 0.0172729
448 | 0.00664341
464 | 0
480 | 0
496 | 0
512 | 0
528 | 0
544 | 0
560 | 0
576 | 0
592 | 0
608 | 0
624 | 0
640 | 0
656 | 0.0502339
672 | 0.096
688 | 0.140368
704 | 0.175876
720 | 0.202919
736 | 0.228258
752 | 0.228258
768 | 0.22805
784 | 0.234857
800 | 0.248263
816 | 0.262545
832 | 0.284114
848 | 0.3088
864 | 0.330484
880 | 0.359021
896 | 0.404004
912 | 0.422347
928 | 0.372325
944 | 0.309864
960 | 0.245246
976 | 0.201839
992 | 0.182169
1008 | 0.184297
1024 | 0.187384
1040 | 0.198731
1056 | 0.276861
1072 | 0.369465
1088 | 0.474814
1104 | 0.58036
1120 | 0.691961
1136 | 0.798185
1152 | 0.888796
1168 | 0.950304
1184 | 0.9877
1200 | 1.00041
1216 | 0.989622
1232 | 0.958052
1248 | 0.912253
1264 | 0.845911
1280 | 0.784067
1296 | 0.728731
1312 | 0.674129
1328 | 0.616935
1344 | 0.567268
1360 | 0.537317
1376 | 0.534202
1392 | 0.562947
1408 | 0.619395
1424 | 0.704764
1440 | 0.788386
1456 | 0.876836
1472 | 0.946416
1488 | 0.984269
1504 | 0.990326
1520 | 0.990687
1536 | 0.947615
1552 | 0.869657
1568 | 0.777572
1584 | 0.671665
1600 | 0.578362
1616 | 0.504606
1632 | 0.436313
1648 | 0.358955
1664 | 0.28553
1680 | 0.227933
1696 | 0.181156
1712 | 0.134809
1728 | 0.0995211
1744 | 0.0850535
1760 | 0.0873699
1776 | 0.0915048
1792 | 0.104794
1808 | 0.125182
1824 | 0.155466
1840 | 0.195145
1856 | 0.234312
1872 | 0.265126
1888 | 0.283124
1904 | 0.306016
1920 | 0.31874
1936 | 0.32285
1952 | 0.330056
1968 | 0.338121
1984 | 0.338621
2000 | 0.326503
2016 | 0.304961
2032 | 0.279426
2048 | 0.247416
2064 | 0.210331
2080 | 0.166891
2096 | 0.123252
2112 | 0.0856147
2128 | 0.0550855
2144 | 0.0338477
2160 | 0.0140869
2176 | 0.00342759
2192 | 0
2208 | 0
2224 | 0
2240 | 0
2256 | 0
2272 | 0
2288 | 0
2304 | 0
2320 | 0
2336 | 0
2352 | 0
2368 | 0.00320047
2384 | 0.0195685
2400 | 0.0496782
2416 | 0.0955599
2432 | 0.162082
2448 | 0.25284
2464 | 0.406122
2480 | 0.55612
2496 | 0.669996
2512 | 0.741454
2528 | 0.758089
2544 | 0.718483
2560 | 0.631851
2576 | 0.531134
2592 | 0.398454
2608 | 0.249835
2624 | 0.160547
2640 | 0.0950145
2656 | 0.101441
2672 | 0.124101
2688 | 0.161654
2704 | 0.215288
2720 | 0.268893
2736 | 0.322176
2752 | 0.365627
2768 | 0.398704
2784 | 0.362999
2800 | 0.317943
2816 | 0.263591
2832 | 0.207234
2848 | 0.153846
2864 | 0.0999048
2880 | 0.0603188
2896 | 0.0270506
2912 | 0.00948838
2928 | 0
2944 | 0
2960 | 0
2976 | 0
2992 | 0
3008 | 0
3024 | 0
3040 | 0
3056 | 0
3072 | 0
3088 | 0
3104 | 0
3120 | 0
3136 | 0
3152 | 0
3168 | 0
3184 | 0
3200 | 0
3216 | 0
3232 | 0
3248 | 0
3264 | 0
3280 | 0
3296 | 0
3312 | 0
3328 | 0
3344 | 0
3360 | 0
3376 | 0
Valeur de l'integrale : 830.72
