0.0659341
0.0879121
0.10759
0.121905
0.132222
0.140534
0.131307
0.123218
0.114452
0.10578
0.0981972
0.0935288
0.090268
0.0842978
0.0718431
0.060428
0.0492676
0.0385318
0.0279023
0.0172729
0.00664341
0
0
0
0
0
0
0
0
0
0
0
0
0.0502339
0.096
0.140368
0.175876
0.202919
0.228258
0.228258
0.22805
0.234857
0.248263
0.262545
0.284114
0.3088
0.330484
0.359021
0.404004
0.422347
0.372325
0.309864
0.243023
0.181994
0.130788
0.0914889
0.0460242
0
0
0
0
0
0.012367
0.0355798
0.0603015
0.0845255
0.108502
0.129944
0.150238
0.169905
0.181247
0.177911
0.161122
0.147254
0.132558
0.113703
0.0941714
0.0735964
0.0512117
0.029912
0.0297128
0.0400439
0.0547758
0.0882304
0.124657
0.161215
0.195694
0.232922
0.24742
0.2494
0.243407
0.223776
0.197759
0.174806
0.156668
0.136871
0.126514
0.122519
0.11869
0.104352
0.0909091
0.0850535
0.0873699
0.0915048
0.104794
0.125182
0.155466
0.195145
0.234312
0.265126
0.283124
0.306016
0.31874
0.32285
0.330056
0.338121
0.338621
0.326503
0.304961
0.279426
0.247416
0.210331
0.166891
0.123252
0.0856147
0.0550855
0.0338477
0.0140869
0.00342759
0
0
0
0
0
0
0
0
0
0
0
0
0
0
0
0
0
0
0
0
0
0
0
0
0
0
0
0
0
0.0527407
0.105832
0.159555
0.215288
0.268893
0.322176
0.365627
0.398704
0.362999
0.317943
0.263591
0.207234
0.153846
0.0999048
0.0603188
0.0270506
0.00948838
0
0
0
0
0
0
0
0
0
0
0
0
0
0
0
0
0
0
0
0
0
0
0
0
0
0
0
0
0