0.0781441
0.0958586
0.109277
0.119395
0.127768
0.135108
0.127455
0.11907
0.110679
0.102123
0.0957765
0.0918038
0.0861423
0.0748265
0.0644622
0.0538096
0.0438405
0.0340126
0.0246298
0.015247
0.00599116
0
0
0
0
0
0
0
0
0
0
0
0.0447688
0.0849193
0.123946
0.155542
0.179766
0.202552
0.210748
0.21004
0.249351
0.256651
0.268345
0.280936
0.296267
0.31423
0.331658
0.371859
0.419441
0.377749
0.323687
0.265638
0.207946
0.156146
0.112772
0.0795259
0.0407662
0
0
0
0
0.0109988
0.0316499
0.0534918
0.0756454
0.0961937
0.11545
0.133792
0.151465
0.170365
0.178613
0.167289
0.153206
0.138206
0.119516
0.102284
0.0844926
0.0657693
0.0450487
0.0364028
0.0455148
0.0548072
0.0795694
0.112446
0.145431
0.176519
0.207152
0.228469
0.235428
0.233438
0.228154
0.210855
0.19035
0.172419
0.154448
0.134562
0.125161
0.118256
0.105614
0.0937639
0.0896164
0.0930198
0.0957902
0.106152
0.124014
0.147527
0.174337
0.209359
0.244062
0.27137
0.289534
0.307595
0.318882
0.328908
0.336007
0.336424
0.325731
0.306745
0.286572
0.255958
0.223361
0.188933
0.14977
0.109663
0.0755822
0.0486304
0.0301641
0.0126601
0.00310414
0
0
0
0
0
0
0
0
0
0
0
0
0
0
0
0
0
0
0
0
0
0
0
0
0
0
0
0
0.0477084
0.0946968
0.141205
0.191004
0.241275
0.289216
0.324131
0.35235
0.367307
0.328999
0.280979
0.233775
0.186196
0.137951
0.090669
0.0538048
0.0235865
0.00829915
0
0
0
0
0
0
0
0
0
0
0
0
0
0
0
0
0
0
0
0
0
0
0
0
0
0
0
0