0
0
0
0
0
0.175824
0.175824
0.175824
0.175824
0.150147
0.118573
0.106268
0.103393
0.103226
0.103226
0.0938073
0.0875813
0.08
0.08
0.08
0.0543478
0
0
0
0
0
0
0
0
0
0
0
0
0
0
0
0
0
0
0
0.364448
0.318804
0.310178
0.258065
0.206452
0.2
0
0
0.4
0.412903
0.412903
0.41357
0.386667
0.359382
0.343881
0.527473
0.601746
0
0
0
0
0
0
0
0
0
0
0
0
0.0894737
0.184372
0.23347
0.212536
0.187683
0.162643
0.16
0.16
0.173913
0.158308
0.0860504
0.0886734
0.055088
0
0
0
0
0
0.0819987
0.142857
0.159651
0.260625
0.330083
0.335878
0.303239
0.308364
0.195
0.145
0.115
0.115
0.115
0.127867
0.148747
0.134848
0.1169
0.115
0.08625
0
0.015
0.08
0.162909
0.16
0.22
0.285042
0.32
0.32
0.3201
0.32
0.32
0.344202
0.32
0.32
0.386999
0.392638
0.321402
0.23
0.16
0.15
0.08
0.0271924
0
0
0
0
0
0
0
0
0
0
0
0
0
0
0
0
0
0
0
0
0
0
0
0
0
0
0
0
0
0
0
0
0
0
0
0
0.4
0.412903
0.412903
0.460432
0.463139
0.463139
0.340576
0.251613
0.129032
0.0709677
0
0
0
0
0
0
0
0
0
0
0
0
0
0
0
0
0
0
0
0
0
0
0
0
0
0
0
0
0
0
0
0
0
0
0
0