16 | 0
32 | 0
48 | 0
64 | 0
80 | 0
96 | 0
112 | 0
128 | 0
144 | 0
160 | 0
176 | 0
192 | 0
208 | 0
224 | 0
240 | 0
256 | 0
272 | 0
288 | 0
304 | 0
320 | 0
336 | 0
352 | 0
368 | 0
384 | 0
400 | 0
416 | 0
432 | 0
448 | 0
464 | 0
480 | 0
496 | 0
512 | 0
528 | 0
544 | 0
560 | 0
576 | 0
592 | 0
608 | 0
624 | 0
640 | 0
656 | 0
672 | 0
688 | 0
704 | 0
720 | 0
736 | 0
752 | 0
768 | 0
784 | 0
800 | 0
816 | 0
832 | 0
848 | 0
864 | 0
880 | 0
896 | 0
912 | 0
928 | 0
944 | 0
960 | 0.0135084
976 | 0.106881
992 | 0.201754
1008 | 0.295322
1024 | 0.388889
1040 | 0.525687
1056 | 0.663743
1072 | 0.763158
1088 | 0.856725
1104 | 0.939558
1120 | 0.957566
1136 | 0.959669
1152 | 0.942088
1168 | 0.843919
1184 | 0.768328
1200 | 0.717916
1216 | 0.6425
1232 | 0.5625
1248 | 0.524457
1264 | 0.458547
1280 | 0.513613
1296 | 0.462418
1312 | 0.41163
1328 | 0.411043
1344 | 0.411043
1360 | 0.503067
1376 | 0.691171
1392 | 0.825869
1408 | 0.915119
1424 | 0.964007
1440 | 0.960399
1456 | 0.8825
1472 | 0.717929
1488 | 0.516412
1504 | 0.465196
1520 | 0.506182
1536 | 0.477188
1552 | 0.4025
1568 | 0.3225
1584 | 0.2425
1600 | 0.1625
1616 | 0.07123
1632 | 0
1648 | 0
1664 | 0
1680 | 0
1696 | 0
1712 | 0
1728 | 0
1744 | 0
1760 | 0
1776 | 0
1792 | 0
1808 | 0
1824 | 0
1840 | 0
1856 | 0
1872 | 0
1888 | 0
1904 | 0
1920 | 0
1936 | 0
1952 | 0
1968 | 0
1984 | 0
2000 | 0
2016 | 0
2032 | 0
2048 | 0
2064 | 0
2080 | 0
2096 | 0
2112 | 0
2128 | 0
2144 | 0
2160 | 0
2176 | 0
2192 | 0
2208 | 0
2224 | 0
2240 | 0
2256 | 0
2272 | 0
2288 | 0
2304 | 0
2320 | 0
2336 | 0
2352 | 0
2368 | 0.0222132
2384 | 0.133094
2400 | 0.280488
2416 | 0.471963
2432 | 0.730769
2448 | 0.851064
2464 | 0.932612
2480 | 0.960894
2496 | 0.903313
2512 | 0.625
2528 | 0.415323
2544 | 0.253571
2560 | 0.124394
2576 | 0.0166667
2592 | 0
2608 | 0
2624 | 0
2640 | 0
2656 | 0
2672 | 0
2688 | 0
2704 | 0
2720 | 0
2736 | 0
2752 | 0
2768 | 0
2784 | 0
2800 | 0
2816 | 0
2832 | 0
2848 | 0
2864 | 0
2880 | 0
2896 | 0
2912 | 0
2928 | 0
2944 | 0
2960 | 0
2976 | 0
2992 | 0
3008 | 0
3024 | 0
3040 | 0
3056 | 0
3072 | 0
3088 | 0
3104 | 0
3120 | 0
3136 | 0
3152 | 0
3168 | 0
3184 | 0
3200 | 0
3216 | 0
3232 | 0
3248 | 0
3264 | 0
3280 | 0
3296 | 0
3312 | 0
3328 | 0
3344 | 0
3360 | 0
3376 | 0
Valeur de l'integrale : 491.041
