0.0864339
0.0990201
0.108837
0.117129
0.12448
0.13106
0.123041
0.114937
0.106591
0.099375
0.0939243
0.0878713
0.0773028
0.0678013
0.0580008
0.0484262
0.0391962
0.0304422
0.0220444
0.0139103
0.00553269
0
0
0
0
0
0
0
0
0
0
0.040406
0.0767591
0.111316
0.139448
0.161356
0.18205
0.188644
0.195122
0.231927
0.267378
0.273691
0.284111
0.292099
0.302291
0.316531
0.345525
0.388482
0.380373
0.33424
0.282905
0.231732
0.181684
0.136727
0.0991194
0.0710049
0.0362533
0
0
0
0.0099046
0.0285018
0.0480641
0.0678755
0.0871231
0.103866
0.120591
0.136767
0.153792
0.169128
0.168953
0.159357
0.144373
0.125877
0.10881
0.0929484
0.0765332
0.0586924
0.049171
0.0497259
0.0581939
0.0773765
0.102415
0.132463
0.160934
0.188734
0.205866
0.219697
0.222805
0.220866
0.216139
0.202844
0.186876
0.16897
0.150505
0.132505
0.121069
0.106608
0.0960138
0.0923057
0.0963904
0.100146
0.108694
0.123293
0.14418
0.165273
0.189331
0.220661
0.25182
0.278337
0.292624
0.308853
0.324698
0.334335
0.334681
0.325134
0.308151
0.290118
0.26466
0.233623
0.203092
0.171311
0.134719
0.0979831
0.0676544
0.0438979
0.0274378
0.0115974
0.00286266
0
0
0
0
0
0
0
0
0
0
0
0
0
0
0
0
0
0
0
0
0
0
0
0
0
0
0
0.0440478
0.086624
0.127898
0.171094
0.216621
0.262329
0.294168
0.316544
0.329057
0.336403
0.294739
0.252521
0.212302
0.168782
0.126422
0.0818343
0.0476413
0.0209398
0.00744532
0
0
0
0
0
0
0
0
0
0
0
0
0
0
0
0
0
0
0
0
0
0
0
0
0
0
0