176 | 0.0905233
192 | 0.0999944
208 | 0.108125
224 | 0.115402
240 | 0.121969
256 | 0.126494
272 | 0.118673
288 | 0.110548
304 | 0.103465
320 | 0.0972342
336 | 0.0900662
352 | 0.0795557
368 | 0.0706198
384 | 0.0615365
400 | 0.0526446
416 | 0.0437212
432 | 0.0354417
448 | 0.0275502
464 | 0.0202984
480 | 0.0129518
496 | 0.00514999
512 | 0
528 | 0
544 | 0
560 | 0
576 | 0
592 | 0
608 | 0
624 | 0
640 | 0
656 | 0.0365199
672 | 0.0700761
688 | 0.101765
704 | 0.126731
720 | 0.14639
736 | 0.165317
752 | 0.170736
768 | 0.176025
784 | 0.217232
800 | 0.250625
816 | 0.281825
832 | 0.287425
848 | 0.293875
864 | 0.297881
880 | 0.305186
896 | 0.329861
912 | 0.362828
928 | 0.354736
944 | 0.341195
960 | 0.29807
976 | 0.264277
992 | 0.241922
1008 | 0.230491
1024 | 0.232859
1040 | 0.251374
1056 | 0.288564
1072 | 0.323194
1088 | 0.359607
1104 | 0.437801
1120 | 0.534371
1136 | 0.636264
1152 | 0.724781
1168 | 0.800701
1184 | 0.862217
1200 | 0.907647
1216 | 0.928084
1232 | 0.930198
1248 | 0.922956
1264 | 0.900105
1280 | 0.868315
1296 | 0.821834
1312 | 0.763457
1328 | 0.705853
1344 | 0.655183
1360 | 0.616808
1376 | 0.596495
1392 | 0.597368
1408 | 0.624774
1424 | 0.672643
1440 | 0.722836
1456 | 0.776201
1472 | 0.819361
1488 | 0.851007
1504 | 0.879246
1520 | 0.911551
1536 | 0.920656
1552 | 0.903059
1568 | 0.86565
1584 | 0.805272
1600 | 0.722207
1616 | 0.637963
1632 | 0.550418
1648 | 0.474361
1664 | 0.410024
1680 | 0.350222
1696 | 0.287133
1712 | 0.224673
1728 | 0.173662
1744 | 0.139414
1760 | 0.120198
1776 | 0.108788
1792 | 0.111672
1808 | 0.124227
1824 | 0.141673
1840 | 0.160583
1856 | 0.179714
1872 | 0.201522
1888 | 0.229869
1904 | 0.259833
1920 | 0.282224
1936 | 0.295145
1952 | 0.3149
1968 | 0.329971
1984 | 0.333273
2000 | 0.324642
2016 | 0.309297
2032 | 0.292984
2048 | 0.269967
2064 | 0.243559
2080 | 0.21449
2096 | 0.186024
2112 | 0.155514
2128 | 0.121517
2144 | 0.088552
2160 | 0.0617003
2176 | 0.0403157
2192 | 0.0253637
2208 | 0.0107879
2224 | 0.00261054
2240 | 0
2256 | 0
2272 | 0
2288 | 0
2304 | 0
2320 | 0
2336 | 0
2352 | 0
2368 | 0.00224142
2384 | 0.0142753
2400 | 0.0378505
2416 | 0.0741046
2432 | 0.12027
2448 | 0.178852
2464 | 0.284573
2480 | 0.390082
2496 | 0.463787
2512 | 0.52501
2528 | 0.571954
2544 | 0.601314
2560 | 0.595063
2576 | 0.561264
2592 | 0.515469
2608 | 0.455758
2624 | 0.386687
2640 | 0.283301
2656 | 0.2145
2672 | 0.193432
2688 | 0.18561
2704 | 0.19159
2720 | 0.209367
2736 | 0.239386
2752 | 0.269234
2768 | 0.290088
2784 | 0.298786
2800 | 0.304681
2816 | 0.304681
2832 | 0.267716
2848 | 0.231552
2864 | 0.194175
2880 | 0.155912
2896 | 0.115181
2912 | 0.0732805
2928 | 0.042802
2944 | 0.01899
2960 | 0.00681774
2976 | 0
2992 | 0
3008 | 0
3024 | 0
3040 | 0
3056 | 0
3072 | 0
3088 | 0
3104 | 0
3120 | 0
3136 | 0
3152 | 0
3168 | 0
3184 | 0
3200 | 0
3216 | 0
3232 | 0
3248 | 0
3264 | 0
3280 | 0
3296 | 0
3312 | 0
3328 | 0
3344 | 0
3360 | 0
3376 | 0
Valeur de l'integrale : 827.146
