0.0905233
0.0999944
0.108125
0.115402
0.121969
0.126494
0.118673
0.110548
0.103465
0.0972342
0.0900662
0.0795557
0.0706198
0.0615365
0.0526446
0.0437212
0.0354417
0.0275502
0.0202984
0.0129518
0.00514999
0
0
0
0
0
0
0
0
0
0.0365199
0.0700761
0.101765
0.126731
0.14639
0.165317
0.170736
0.176025
0.217232
0.250625
0.281825
0.287425
0.293875
0.297881
0.305186
0.329861
0.362828
0.354736
0.341195
0.296547
0.250544
0.205468
0.161311
0.121604
0.0892075
0.0635818
0.03264
0
0
0.00902845
0.0259268
0.0436364
0.0615531
0.0790056
0.095107
0.109762
0.124669
0.140279
0.154214
0.161293
0.16157
0.150629
0.132474
0.115567
0.0998645
0.08509
0.0691479
0.061045
0.0598074
0.0607964
0.0783935
0.0985305
0.121617
0.147879
0.17349
0.189344
0.200042
0.209741
0.212577
0.210706
0.208444
0.198699
0.182487
0.163985
0.147081
0.128104
0.110286
0.0978326
0.0944797
0.0981975
0.102567
0.111672
0.124227
0.141673
0.160583
0.179714
0.201522
0.229869
0.259833
0.282224
0.295145
0.3149
0.329971
0.333273
0.324642
0.309297
0.292984
0.269967
0.243559
0.21449
0.186024
0.155514
0.121517
0.088552
0.0617003
0.0403157
0.0253637
0.0107879
0.00261054
0
0
0
0
0
0
0
0
0
0
0
0
0
0
0
0
0
0
0
0
0
0
0
0
0
0
0.0413333
0.0806368
0.118045
0.15635
0.195964
0.23783
0.269234
0.290088
0.298786
0.304681
0.304681
0.267716
0.231552
0.194175
0.155912
0.115181
0.0732805
0.042802
0.01899
0.00681774
0
0
0
0
0
0
0
0
0
0
0
0
0
0
0
0
0
0
0
0
0
0
0
0
0
0