176 | 0
192 | 0
208 | 0
224 | 0
240 | 0
256 | 0
272 | 0
288 | 0
304 | 0
320 | 0
336 | 0
352 | 0
368 | 0
384 | 0
400 | 0
416 | 0
432 | 0
448 | 0
464 | 0
480 | 0
496 | 0
512 | 0
528 | 0
544 | 0
560 | 0
576 | 0
592 | 0
608 | 0
624 | 0
640 | 0
656 | 0
672 | 0
688 | 0
704 | 0
720 | 0
736 | 0
752 | 0
768 | 0
784 | 0
800 | 0
816 | 0
832 | 0
848 | 0
864 | 0
880 | 0
896 | 0
912 | 0
928 | 0
944 | 0
960 | 0.00152336
976 | 0.013733
992 | 0.036454
1008 | 0.0691803
1024 | 0.111255
1040 | 0.162166
1056 | 0.224982
1072 | 0.290554
1088 | 0.359607
1104 | 0.437801
1120 | 0.525343
1136 | 0.610338
1152 | 0.681145
1168 | 0.739148
1184 | 0.783211
1200 | 0.81254
1216 | 0.818322
1232 | 0.805529
1248 | 0.782677
1264 | 0.745891
1280 | 0.707022
1296 | 0.660264
1312 | 0.612828
1328 | 0.573379
1344 | 0.539616
1360 | 0.516944
1376 | 0.511405
1392 | 0.52822
1408 | 0.563729
1424 | 0.612836
1440 | 0.66204
1456 | 0.697808
1472 | 0.72083
1488 | 0.72939
1504 | 0.731367
1520 | 0.738061
1536 | 0.731312
1552 | 0.703017
1568 | 0.655909
1584 | 0.592695
1600 | 0.511501
1616 | 0.429519
1632 | 0.351719
1648 | 0.291874
1664 | 0.246039
1680 | 0.203141
1696 | 0.159029
1712 | 0.114387
1728 | 0.0758292
1744 | 0.0449347
1760 | 0.0220004
1776 | 0.00622079
1792 | 0
1808 | 0
1824 | 0
1840 | 0
1856 | 0
1872 | 0
1888 | 0
1904 | 0
1920 | 0
1936 | 0
1952 | 0
1968 | 0
1984 | 0
2000 | 0
2016 | 0
2032 | 0
2048 | 0
2064 | 0
2080 | 0
2096 | 0
2112 | 0
2128 | 0
2144 | 0
2160 | 0
2176 | 0
2192 | 0
2208 | 0
2224 | 0
2240 | 0
2256 | 0
2272 | 0
2288 | 0
2304 | 0
2320 | 0
2336 | 0
2352 | 0
2368 | 0.00224142
2384 | 0.0142753
2400 | 0.0378505
2416 | 0.0741046
2432 | 0.12027
2448 | 0.178852
2464 | 0.284573
2480 | 0.390082
2496 | 0.463787
2512 | 0.52501
2528 | 0.571954
2544 | 0.601314
2560 | 0.595063
2576 | 0.561264
2592 | 0.515469
2608 | 0.455758
2624 | 0.386687
2640 | 0.283301
2656 | 0.173167
2672 | 0.112795
2688 | 0.0675649
2704 | 0.0352403
2720 | 0.0134032
2736 | 0.00155648
2752 | 0
2768 | 0
2784 | 0
2800 | 0
2816 | 0
2832 | 0
2848 | 0
2864 | 0
2880 | 0
2896 | 0
2912 | 0
2928 | 0
2944 | 0
2960 | 0
2976 | 0
2992 | 0
3008 | 0
3024 | 0
3040 | 0
3056 | 0
3072 | 0
3088 | 0
3104 | 0
3120 | 0
3136 | 0
3152 | 0
3168 | 0
3184 | 0
3200 | 0
3216 | 0
3232 | 0
3248 | 0
3264 | 0
3280 | 0
3296 | 0
3312 | 0
3328 | 0
3344 | 0
3360 | 0
3376 | 0
Valeur de l'integrale : 491.55
