192 | 0
208 | 0
224 | 0
240 | 0
256 | 0
272 | 0
288 | 0
304 | 0
320 | 0
336 | 0
352 | 0
368 | 0
384 | 0
400 | 0
416 | 0
432 | 0
448 | 0
464 | 0
480 | 0
496 | 0
512 | 0
528 | 0
544 | 0
560 | 0
576 | 0
592 | 0
608 | 0
624 | 0
640 | 0
656 | 0
672 | 0
688 | 0
704 | 0
720 | 0
736 | 0
752 | 0
768 | 0
784 | 0
800 | 0
816 | 0
832 | 0
848 | 0
864 | 0
880 | 0
896 | 0
912 | 0
928 | 0
944 | 0
960 | 0.00137868
976 | 0.0124412
992 | 0.0330578
1008 | 0.062807
1024 | 0.101415
1040 | 0.149448
1056 | 0.211449
1072 | 0.275919
1088 | 0.341869
1104 | 0.41054
1120 | 0.486356
1136 | 0.561999
1152 | 0.63277
1168 | 0.693357
1184 | 0.741628
1200 | 0.776889
1216 | 0.79604
1232 | 0.794006
1248 | 0.781101
1264 | 0.754792
1280 | 0.725749
1296 | 0.686513
1312 | 0.641152
1328 | 0.597275
1344 | 0.561018
1360 | 0.536849
1376 | 0.530324
1392 | 0.538911
1408 | 0.563613
1424 | 0.605297
1440 | 0.644889
1456 | 0.682171
1472 | 0.699352
1488 | 0.705292
1504 | 0.707331
1520 | 0.713623
1536 | 0.714539
1552 | 0.702151
1568 | 0.669787
1584 | 0.62001
1600 | 0.555417
1616 | 0.47652
1632 | 0.399577
1648 | 0.32431
1664 | 0.265992
1680 | 0.224218
1696 | 0.185272
1712 | 0.146104
1728 | 0.104387
1744 | 0.0692001
1760 | 0.0415168
1776 | 0.0200531
1792 | 0.00567019
1808 | 0
1824 | 0
1840 | 0
1856 | 0
1872 | 0
1888 | 0
1904 | 0
1920 | 0
1936 | 0
1952 | 0
1968 | 0
1984 | 0
2000 | 0
2016 | 0
2032 | 0
2048 | 0
2064 | 0
2080 | 0
2096 | 0
2112 | 0
2128 | 0
2144 | 0
2160 | 0
2176 | 0
2192 | 0
2208 | 0
2224 | 0
2240 | 0
2256 | 0
2272 | 0
2288 | 0
2304 | 0
2320 | 0
2336 | 0
2352 | 0
2368 | 0.0020393
2384 | 0.0131156
2400 | 0.0340036
2416 | 0.066917
2432 | 0.113058
2448 | 0.166301
2464 | 0.262655
2480 | 0.357282
2496 | 0.419413
2512 | 0.474872
2528 | 0.516205
2544 | 0.542899
2560 | 0.553206
2576 | 0.538913
2592 | 0.51248
2608 | 0.471541
2624 | 0.414049
2640 | 0.351549
2656 | 0.257147
2672 | 0.156949
2688 | 0.102616
2704 | 0.0621939
2720 | 0.0324777
2736 | 0.0123514
2752 | 0.00143092
2768 | 0
2784 | 0
2800 | 0
2816 | 0
2832 | 0
2848 | 0
2864 | 0
2880 | 0
2896 | 0
2912 | 0
2928 | 0
2944 | 0
2960 | 0
2976 | 0
2992 | 0
3008 | 0
3024 | 0
3040 | 0
3056 | 0
3072 | 0
3088 | 0
3104 | 0
3120 | 0
3136 | 0
3152 | 0
3168 | 0
3184 | 0
3200 | 0
3216 | 0
3232 | 0
3248 | 0
3264 | 0
3280 | 0
3296 | 0
3312 | 0
3328 | 0
3344 | 0
3360 | 0
3376 | 0
Valeur de l'integrale : 491.504
