0.0924808
0.100407
0.107558
0.114057
0.118728
0.121977
0.114078
0.107139
0.100996
0.0932769
0.0820983
0.07317
0.0645671
0.0562601
0.047888
0.0398495
0.0323435
0.0255605
0.0190266
0.0121396
0.0048432
0
0
0
0
0
0
0
0
0.0332288
0.0639922
0.0937799
0.116912
0.134309
0.151423
0.155933
0.160333
0.198064
0.236292
0.265821
0.293706
0.29605
0.298994
0.300784
0.317868
0.346366
0.333222
0.320423
0.306373
0.265817
0.224793
0.184551
0.145047
0.110397
0.0804424
0.0575639
0.0296817
0
0.00835843
0.0238269
0.0399605
0.0563082
0.0722719
0.0871036
0.101404
0.114537
0.128948
0.14183
0.148304
0.155204
0.153385
0.139019
0.122387
0.106818
0.0921949
0.0776472
0.0703235
0.069541
0.0690151
0.0790435
0.0977112
0.116572
0.136782
0.160525
0.17543
0.185411
0.192615
0.201514
0.204121
0.204124
0.204283
0.193723
0.176671
0.159641
0.14173
0.117692
0.101956
0.0962736
0.0996847
0.103668
0.112961
0.1259
0.141169
0.156911
0.174191
0.191685
0.211632
0.23894
0.264967
0.285448
0.301645
0.320409
0.329325
0.324236
0.310234
0.295356
0.274346
0.250296
0.22527
0.198087
0.170425
0.141416
0.110671
0.0813484
0.0571112
0.0375438
0.0237582
0.00992761
0.00241509
0
0
0
0
0
0
0
0
0
0
0
0
0
0
0
0
0
0
0
0
0
0
0
0
0
0.0369267
0.0761329
0.110622
0.145262
0.1804
0.21693
0.246119
0.267675
0.275998
0.279076
0.278426
0.279164
0.247431
0.213531
0.180567
0.143164
0.104093
0.0664274
0.0391622
0.0175296
0.00634577
0
0
0
0
0
0
0
0
0
0
0
0
0
0
0
0
0
0
0
0
0
0
0
0
0