192 | 0.0924808
208 | 0.100407
224 | 0.107558
240 | 0.114057
256 | 0.118728
272 | 0.121977
288 | 0.114078
304 | 0.107139
320 | 0.100996
336 | 0.0932769
352 | 0.0820983
368 | 0.07317
384 | 0.0645671
400 | 0.0562601
416 | 0.047888
432 | 0.0398495
448 | 0.0323435
464 | 0.0255605
480 | 0.0190266
496 | 0.0121396
512 | 0.0048432
528 | 0
544 | 0
560 | 0
576 | 0
592 | 0
608 | 0
624 | 0
640 | 0
656 | 0.0332288
672 | 0.0639922
688 | 0.0937799
704 | 0.116912
720 | 0.134309
736 | 0.151423
752 | 0.155933
768 | 0.160333
784 | 0.198064
800 | 0.236292
816 | 0.265821
832 | 0.293706
848 | 0.29605
864 | 0.298994
880 | 0.300784
896 | 0.317868
912 | 0.346366
928 | 0.333222
944 | 0.320423
960 | 0.307752
976 | 0.278258
992 | 0.257851
1008 | 0.247358
1024 | 0.246462
1040 | 0.259845
1056 | 0.291891
1072 | 0.333483
1088 | 0.371551
1104 | 0.41054
1120 | 0.494714
1136 | 0.585825
1152 | 0.672731
1168 | 0.749665
1184 | 0.8139
1200 | 0.863993
1216 | 0.897444
1232 | 0.908543
1248 | 0.910049
1264 | 0.896622
1280 | 0.874053
1296 | 0.841717
1312 | 0.794537
1328 | 0.736294
1344 | 0.683405
1360 | 0.643667
1376 | 0.622519
1392 | 0.616558
1408 | 0.633937
1424 | 0.674838
1440 | 0.713904
1456 | 0.761214
1472 | 0.797063
1488 | 0.821864
1504 | 0.844113
1520 | 0.874148
1536 | 0.889969
1552 | 0.887562
1568 | 0.862402
1584 | 0.821524
1600 | 0.759538
1616 | 0.680644
1632 | 0.60386
1648 | 0.518033
1664 | 0.442663
1680 | 0.383859
1696 | 0.327002
1712 | 0.263796
1728 | 0.206344
1744 | 0.165474
1760 | 0.141202
1776 | 0.123721
1792 | 0.118631
1808 | 0.1259
1824 | 0.141169
1840 | 0.156911
1856 | 0.174191
1872 | 0.191685
1888 | 0.211632
1904 | 0.23894
1920 | 0.264967
1936 | 0.285448
1952 | 0.301645
1968 | 0.320409
1984 | 0.329325
2000 | 0.324236
2016 | 0.310234
2032 | 0.295356
2048 | 0.274346
2064 | 0.250296
2080 | 0.22527
2096 | 0.198087
2112 | 0.170425
2128 | 0.141416
2144 | 0.110671
2160 | 0.0813484
2176 | 0.0571112
2192 | 0.0375438
2208 | 0.0237582
2224 | 0.00992761
2240 | 0.00241509
2256 | 0
2272 | 0
2288 | 0
2304 | 0
2320 | 0
2336 | 0
2352 | 0
2368 | 0.0020393
2384 | 0.0131156
2400 | 0.0340036
2416 | 0.066917
2432 | 0.113058
2448 | 0.166301
2464 | 0.262655
2480 | 0.357282
2496 | 0.419413
2512 | 0.474872
2528 | 0.516205
2544 | 0.542899
2560 | 0.553206
2576 | 0.538913
2592 | 0.51248
2608 | 0.471541
2624 | 0.414049
2640 | 0.351549
2656 | 0.294074
2672 | 0.233082
2688 | 0.213238
2704 | 0.207456
2720 | 0.212878
2736 | 0.229281
2752 | 0.24755
2768 | 0.267675
2784 | 0.275998
2800 | 0.279076
2816 | 0.278426
2832 | 0.279164
2848 | 0.247431
2864 | 0.213531
2880 | 0.180567
2896 | 0.143164
2912 | 0.104093
2928 | 0.0664274
2944 | 0.0391622
2960 | 0.0175296
2976 | 0.00634577
2992 | 0
3008 | 0
3024 | 0
3040 | 0
3056 | 0
3072 | 0
3088 | 0
3104 | 0
3120 | 0
3136 | 0
3152 | 0
3168 | 0
3184 | 0
3200 | 0
3216 | 0
3232 | 0
3248 | 0
3264 | 0
3280 | 0
3296 | 0
3312 | 0
3328 | 0
3344 | 0
3360 | 0
3376 | 0
Valeur de l'integrale : 826.073
