208 | 0.0937171
224 | 0.100713
240 | 0.107108
256 | 0.111861
272 | 0.115311
288 | 0.117245
304 | 0.110458
320 | 0.104414
336 | 0.0968796
352 | 0.0854289
368 | 0.0759056
384 | 0.0673114
400 | 0.0593995
416 | 0.0515094
432 | 0.0439196
448 | 0.0366077
464 | 0.0301818
480 | 0.024092
496 | 0.0179353
512 | 0.0114803
528 | 0.00456895
544 | 0
560 | 0
576 | 0
592 | 0
608 | 0
624 | 0
640 | 0
656 | 0.0300232
672 | 0.0587406
688 | 0.0863785
704 | 0.108563
720 | 0.124822
736 | 0.140012
752 | 0.143513
768 | 0.14721
784 | 0.182004
800 | 0.21731
816 | 0.251969
832 | 0.278453
848 | 0.301179
864 | 0.300598
880 | 0.301585
896 | 0.312571
912 | 0.333518
928 | 0.320749
944 | 0.302767
960 | 0.290822
976 | 0.288726
992 | 0.271066
1008 | 0.261343
1024 | 0.260435
1040 | 0.270111
1056 | 0.296702
1072 | 0.334053
1088 | 0.378725
1104 | 0.419181
1120 | 0.466624
1136 | 0.545769
1152 | 0.622674
1168 | 0.699262
1184 | 0.765824
1200 | 0.819853
1216 | 0.858483
1232 | 0.881969
1248 | 0.891642
1264 | 0.886701
1280 | 0.872773
1296 | 0.848985
1312 | 0.815257
1328 | 0.76722
1344 | 0.713019
1360 | 0.670646
1376 | 0.647048
1392 | 0.638807
1408 | 0.648387
1424 | 0.678882
1440 | 0.712691
1456 | 0.750072
1472 | 0.78149
1488 | 0.800937
1504 | 0.817715
1520 | 0.841946
1536 | 0.857184
1552 | 0.861644
1568 | 0.850898
1584 | 0.821851
1600 | 0.778058
1616 | 0.719019
1632 | 0.646639
1648 | 0.570371
1664 | 0.484948
1680 | 0.415571
1696 | 0.359614
1712 | 0.302282
1728 | 0.243794
1744 | 0.196186
1760 | 0.165294
1776 | 0.14273
1792 | 0.13155
1808 | 0.131284
1824 | 0.141644
1840 | 0.155412
1856 | 0.169754
1872 | 0.185656
1888 | 0.201774
1904 | 0.221377
1920 | 0.245313
1936 | 0.269294
1952 | 0.292141
1968 | 0.307577
1984 | 0.320477
2000 | 0.321287
2016 | 0.311019
2032 | 0.297339
2048 | 0.278026
2064 | 0.255942
2080 | 0.233044
2096 | 0.209373
2112 | 0.182857
2128 | 0.15626
2144 | 0.129662
2160 | 0.102273
2176 | 0.0757241
2192 | 0.0535103
2208 | 0.0353699
2224 | 0.0220273
2240 | 0.00924983
2256 | 0.00231234
2272 | 0
2288 | 0
2304 | 0
2320 | 0
2336 | 0
2352 | 0
2368 | 0.00185447
2384 | 0.012023
2400 | 0.0314306
2416 | 0.0605278
2432 | 0.102683
2448 | 0.156921
2464 | 0.246144
2480 | 0.332518
2496 | 0.386002
2512 | 0.432282
2528 | 0.470514
2544 | 0.49438
2560 | 0.504552
2576 | 0.505418
2592 | 0.4955
2608 | 0.471568
2624 | 0.430649
2640 | 0.378451
2656 | 0.355591
2672 | 0.304117
2688 | 0.24848
2704 | 0.231746
2720 | 0.226183
2736 | 0.23107
2752 | 0.237529
2768 | 0.24788
2784 | 0.256407
2800 | 0.259504
2816 | 0.256888
2832 | 0.256962
2848 | 0.259715
2864 | 0.22974
2880 | 0.199806
2896 | 0.166908
2912 | 0.130392
2928 | 0.0950609
2944 | 0.0611914
2960 | 0.0363932
2976 | 0.0164157
2992 | 0.0059866
3008 | 0
3024 | 0
3040 | 0
3056 | 0
3072 | 0
3088 | 0
3104 | 0
3120 | 0
3136 | 0
3152 | 0
3168 | 0
3184 | 0
3200 | 0
3216 | 0
3232 | 0
3248 | 0
3264 | 0
3280 | 0
3296 | 0
3312 | 0
3328 | 0
3344 | 0
3360 | 0
3376 | 0
Valeur de l'integrale : 825.104
