0.0937171
0.100713
0.107108
0.111861
0.115311
0.117245
0.110458
0.104414
0.0968796
0.0854289
0.0759056
0.0673114
0.0593995
0.0515094
0.0439196
0.0366077
0.0301818
0.024092
0.0179353
0.0114803
0.00456895
0
0
0
0
0
0
0
0.0300232
0.0587406
0.0863785
0.108563
0.124822
0.140012
0.143513
0.14721
0.182004
0.21731
0.251969
0.278453
0.301179
0.300598
0.301585
0.312571
0.333518
0.320749
0.302767
0.289519
0.277354
0.240825
0.203842
0.1675
0.132762
0.100324
0.0732457
0.0525867
0.0271927
0.00788383
0.0221977
0.0369262
0.0518929
0.0665959
0.0803427
0.0936354
0.106587
0.119312
0.131287
0.13735
0.143675
0.14814
0.142459
0.129071
0.113728
0.0992181
0.0848102
0.0780111
0.0772168
0.0772025
0.0851613
0.0967913
0.114416
0.131068
0.149363
0.163421
0.172913
0.179675
0.186382
0.194602
0.198608
0.200584
0.199325
0.187387
0.171572
0.153662
0.131016
0.109436
0.100191
0.10093
0.104589
0.113127
0.126045
0.141644
0.155412
0.169754
0.185656
0.201774
0.221377
0.245313
0.269294
0.292141
0.307577
0.320477
0.321287
0.311019
0.297339
0.278026
0.255942
0.233044
0.209373
0.182857
0.15626
0.129662
0.102273
0.0757241
0.0535103
0.0353699
0.0220273
0.00924983
0.00231234
0
0
0
0
0
0
0
0
0
0
0
0
0
0
0
0
0
0
0
0
0
0
0
0
0.0333692
0.0687023
0.104972
0.136812
0.168544
0.200953
0.226093
0.246566
0.256407
0.259504
0.256888
0.256962
0.259715
0.22974
0.199806
0.166908
0.130392
0.0950609
0.0611914
0.0363932
0.0164157
0.0059866
0
0
0
0
0
0
0
0
0
0
0
0
0
0
0
0
0
0
0
0
0
0
0
0