0.0946862
0.100958
0.105745
0.109336
0.111524
0.113472
0.107534
0.100181
0.0890554
0.0792776
0.0701664
0.0622521
0.0546914
0.0474985
0.0405586
0.03432
0.0285701
0.0228189
0.0170403
0.0108846
0.00430431
0
0
0
0
0
0
0.0268607
0.0535352
0.0798859
0.10071
0.116644
0.130924
0.133222
0.136091
0.168353
0.20115
0.233391
0.265124
0.286735
0.305067
0.302905
0.312377
0.327173
0.310964
0.293949
0.275028
0.26347
0.253325
0.220128
0.186464
0.154407
0.121545
0.0919344
0.0672309
0.0483637
0.0324535
0.0210312
0.0345489
0.0482056
0.061753
0.0745557
0.0869724
0.0990928
0.111654
0.122202
0.127903
0.133831
0.137858
0.138397
0.132987
0.120452
0.106129
0.0918118
0.0845933
0.0836918
0.0836775
0.0915467
0.101228
0.112323
0.128027
0.14322
0.15295
0.161993
0.168489
0.174803
0.181075
0.190128
0.195691
0.196254
0.193052
0.181787
0.165056
0.142844
0.122292
0.107246
0.104244
0.105372
0.113268
0.12521
0.140707
0.155026
0.167558
0.180719
0.195449
0.211476
0.228603
0.250757
0.276479
0.298271
0.308463
0.313703
0.309211
0.299027
0.281153
0.260747
0.239638
0.217859
0.19443
0.168825
0.144269
0.120452
0.0956467
0.071266
0.0506553
0.0329979
0.0206452
0.00888959
0.00220234
0
0
0
0
0
0
0
0
0
0
0
0
0
0
0
0
0
0
0
0
0
0
0
0.0317146
0.0625931
0.0955254
0.130323
0.159418
0.188648
0.210591
0.228016
0.23771
0.242468
0.240211
0.238507
0.240392
0.242542
0.216103
0.185856
0.153039
0.119839
0.088069
0.0571602
0.034256
0.0155588
0.00571299
0
0
0
0
0
0
0
0
0
0
0
0
0
0
0
0
0
0
0
0
0
0
0