0.0954761
0.100263
0.103949
0.106336
0.108471
0.110392
0.103217
0.0924022
0.0828824
0.0735359
0.0651653
0.0575957
0.0506747
0.0440672
0.0381655
0.0326006
0.0271616
0.0217656
0.0162244
0.0103042
0.00406174
0
0
0
0
0
0.0243009
0.0483104
0.0733533
0.0937285
0.108857
0.123001
0.124969
0.126803
0.156627
0.187228
0.217364
0.247059
0.274013
0.291369
0.306998
0.312848
0.325856
0.306792
0.287034
0.269133
0.251414
0.241692
0.233127
0.202707
0.172933
0.142288
0.112076
0.0848399
0.0620825
0.0517011
0.0433358
0.0328342
0.0452894
0.0576627
0.0695533
0.0811946
0.0925833
0.104355
0.114905
0.119673
0.125249
0.128993
0.129382
0.129857
0.124695
0.112827
0.0986562
0.0911027
0.0893327
0.0892133
0.0965117
0.106137
0.115439
0.125139
0.139559
0.147045
0.152371
0.158614
0.164693
0.170614
0.17774
0.187873
0.192002
0.190649
0.187448
0.174928
0.154114
0.133844
0.119334
0.110591
0.108144
0.113389
0.124492
0.1389
0.153309
0.166543
0.178032
0.190193
0.20489
0.218885
0.234842
0.258503
0.283072
0.299664
0.302997
0.302997
0.298122
0.283845
0.264878
0.245308
0.225136
0.203425
0.180504
0.156793
0.134755
0.113115
0.0903502
0.0677031
0.0475083
0.0310825
0.0199039
0.00850095
0.00208828
0
0
0
0
0
0
0
0
0
0
0
0
0
0
0
0
0
0
0
0
0
0
0.030304
0.0597174
0.0876384
0.119361
0.152358
0.179096
0.198534
0.213485
0.221079
0.226027
0.225543
0.224065
0.224165
0.225606
0.229167
0.202094
0.17151
0.141439
0.111577
0.082631
0.05402
0.032597
0.0149007
0.00550706
0
0
0
0
0
0
0
0
0
0
0
0
0
0
0
0
0
0
0
0
0
0