0.0953219
0.099068
0.101609
0.103893
0.105957
0.106019
0.0955005
0.0862278
0.0770882
0.0685004
0.0605251
0.0535874
0.0472077
0.0416045
0.0363551
0.0310881
0.0259883
0.0207983
0.0154227
0.00976709
0.00384468
0
0
0
0
0.0221866
0.0440147
0.0666969
0.0866142
0.101855
0.115377
0.11773
0.119303
0.146716
0.175128
0.203398
0.231299
0.256621
0.279232
0.29387
0.316137
0.325362
0.307039
0.284913
0.264568
0.247697
0.231508
0.223239
0.215913
0.188981
0.160261
0.131932
0.103976
0.0787064
0.064211
0.0608607
0.0535156
0.043171
0.0543975
0.0652805
0.0761436
0.0868762
0.0979526
0.107886
0.112999
0.117701
0.121199
0.121542
0.121888
0.122309
0.117295
0.105273
0.0975161
0.0950671
0.0941037
0.100805
0.109822
0.119165
0.127245
0.136097
0.143398
0.146905
0.149832
0.155688
0.1614
0.168081
0.176258
0.184867
0.187092
0.185582
0.180669
0.163981
0.144854
0.130303
0.121804
0.113821
0.115455
0.123869
0.137331
0.150793
0.164259
0.176555
0.187158
0.199352
0.212246
0.225346
0.242973
0.26562
0.285227
0.295085
0.293686
0.293034
0.283918
0.268469
0.250226
0.23145
0.211217
0.189828
0.168439
0.147145
0.127102
0.107207
0.0860887
0.0637464
0.0449428
0.0300473
0.0190989
0.00809463
0.00197292
0
0
0
0
0
0
0
0
0
0
0
0
0
0
0
0
0
0
0
0
0
0.0287979
0.0572483
0.0838875
0.1101
0.140324
0.171656
0.189104
0.202079
0.207919
0.211249
0.211249
0.211249
0.211361
0.211255
0.21399
0.215303
0.18753
0.159369
0.132267
0.105095
0.0783617
0.051565
0.0313138
0.0144023
0.00529833
0
0
0
0
0
0
0
0
0
0
0
0
0
0
0
0
0
0
0
0
0