256 | 0
272 | 0
288 | 0
304 | 0
320 | 0
336 | 0
352 | 0
368 | 0
384 | 0
400 | 0
416 | 0
432 | 0
448 | 0
464 | 0
480 | 0
496 | 0
512 | 0
528 | 0
544 | 0
560 | 0
576 | 0
592 | 0
608 | 0
624 | 0
640 | 0
656 | 0
672 | 0
688 | 0
704 | 0
720 | 0
736 | 0
752 | 0
768 | 0
784 | 0
800 | 0
816 | 0
832 | 0
848 | 0
864 | 0
880 | 0
896 | 0
912 | 0
928 | 0
944 | 0
960 | 0.00105733
976 | 0.00956268
992 | 0.0254659
1008 | 0.0471035
1024 | 0.074274
1040 | 0.109808
1056 | 0.15769
1072 | 0.212156
1088 | 0.272619
1104 | 0.337956
1120 | 0.404565
1136 | 0.459737
1152 | 0.501904
1168 | 0.539422
1184 | 0.578841
1200 | 0.621156
1216 | 0.659585
1232 | 0.686606
1248 | 0.705649
1264 | 0.714544
1280 | 0.721056
1296 | 0.715415
1312 | 0.701
1328 | 0.680486
1344 | 0.65417
1360 | 0.627814
1376 | 0.609031
1392 | 0.601759
1408 | 0.606845
1424 | 0.621997
1440 | 0.636512
1456 | 0.647731
1472 | 0.652089
1488 | 0.650601
1504 | 0.64699
1520 | 0.650581
1536 | 0.647391
1552 | 0.642025
1568 | 0.633104
1584 | 0.619041
1600 | 0.600021
1616 | 0.573888
1632 | 0.538155
1648 | 0.489757
1664 | 0.430167
1680 | 0.361305
1696 | 0.296879
1712 | 0.238884
1728 | 0.196418
1744 | 0.166269
1760 | 0.138958
1776 | 0.109245
1792 | 0.0780529
1808 | 0.0519814
1824 | 0.030803
1840 | 0.0148782
1856 | 0.00420703
1872 | 0
1888 | 0
1904 | 0
1920 | 0
1936 | 0
1952 | 0
1968 | 0
1984 | 0
2000 | 0
2016 | 0
2032 | 0
2048 | 0
2064 | 0
2080 | 0
2096 | 0
2112 | 0
2128 | 0
2144 | 0
2160 | 0
2176 | 0
2192 | 0
2208 | 0
2224 | 0
2240 | 0
2256 | 0
2272 | 0
2288 | 0
2304 | 0
2320 | 0
2336 | 0
2352 | 0
2368 | 0.00141018
2384 | 0.00923053
2400 | 0.024542
2416 | 0.0481132
2432 | 0.0808331
2448 | 0.122425
2464 | 0.19819
2480 | 0.27746
2496 | 0.325917
2512 | 0.355613
2528 | 0.377288
2544 | 0.391124
2560 | 0.397412
2576 | 0.399462
2592 | 0.402212
2608 | 0.405156
2624 | 0.404329
2640 | 0.392604
2656 | 0.370743
2672 | 0.339713
2688 | 0.300753
2704 | 0.259509
2720 | 0.190518
2736 | 0.116722
2752 | 0.0775109
2768 | 0.0468573
2784 | 0.0243423
2800 | 0.00918933
2816 | 0.00105625
2832 | 0
2848 | 0
2864 | 0
2880 | 0
2896 | 0
2912 | 0
2928 | 0
2944 | 0
2960 | 0
2976 | 0
2992 | 0
3008 | 0
3024 | 0
3040 | 0
3056 | 0
3072 | 0
3088 | 0
3104 | 0
3120 | 0
3136 | 0
3152 | 0
3168 | 0
3184 | 0
3200 | 0
3216 | 0
3232 | 0
3248 | 0
3264 | 0
3280 | 0
3296 | 0
3312 | 0
3328 | 0
3344 | 0
3360 | 0
3376 | 0
Valeur de l'integrale : 492.087
