0.094625
0.0972843
0.0996857
0.101865
0.10208
0.0983768
0.0893407
0.080402
0.0719806
0.0638011
0.0565019
0.0501006
0.0447018
0.0397305
0.0347541
0.0298211
0.0249043
0.0198409
0.0146751
0.0092824
0.00364964
0
0
0
0.0205262
0.0404205
0.0611481
0.0792709
0.0946413
0.108454
0.110727
0.112689
0.138636
0.164799
0.191138
0.217429
0.241305
0.262528
0.282188
0.303156
0.327752
0.307819
0.286634
0.264126
0.244916
0.229398
0.214523
0.207404
0.202209
0.175996
0.14932
0.122982
0.0969028
0.0794997
0.0721753
0.069785
0.0623487
0.0520086
0.0618381
0.0717874
0.0818388
0.0922901
0.101675
0.106526
0.111533
0.114293
0.114598
0.114905
0.115214
0.115515
0.109901
0.103753
0.100819
0.0992099
0.104662
0.113034
0.12181
0.130043
0.137428
0.139929
0.143502
0.144851
0.147617
0.15313
0.159514
0.167143
0.174047
0.180694
0.182601
0.179346
0.170076
0.154586
0.140807
0.132047
0.124168
0.120336
0.125171
0.135955
0.148587
0.161223
0.173856
0.18534
0.196015
0.206606
0.218718
0.23346
0.25046
0.268563
0.281822
0.286755
0.284901
0.28001
0.269416
0.254537
0.236972
0.218037
0.197983
0.177934
0.158681
0.139318
0.120891
0.102425
0.0813265
0.0604977
0.0435471
0.0289167
0.0182514
0.00768018
0.00185938
0
0
0
0
0
0
0
0
0
0
0
0
0
0
0
0
0
0
0
0
0.0272415
0.0545942
0.0806473
0.10566
0.130051
0.158877
0.181717
0.193094
0.197506
0.199452
0.198285
0.198659
0.19992
0.199845
0.201035
0.201852
0.200753
0.175077
0.149675
0.125013
0.0999695
0.0750032
0.0496555
0.0303367
0.0138943
0.00483277
0
0
0
0
0
0
0
0
0
0
0
0
0
0
0
0
0
0
0
0