272 | 0
288 | 0
304 | 0
320 | 0
336 | 0
352 | 0
368 | 0
384 | 0
400 | 0
416 | 0
432 | 0
448 | 0
464 | 0
480 | 0
496 | 0
512 | 0
528 | 0
544 | 0
560 | 0
576 | 0
592 | 0
608 | 0
624 | 0
640 | 0
656 | 0
672 | 0
688 | 0
704 | 0
720 | 0
736 | 0
752 | 0
768 | 0
784 | 0
800 | 0
816 | 0
832 | 0
848 | 0
864 | 0
880 | 0
896 | 0
912 | 0
928 | 0
944 | 0
960 | 0.000985545
976 | 0.00891789
992 | 0.0237607
1008 | 0.0452644
1024 | 0.0713471
1040 | 0.102924
1056 | 0.147869
1072 | 0.199027
1088 | 0.255883
1104 | 0.317987
1120 | 0.38361
1136 | 0.441358
1152 | 0.484676
1168 | 0.520902
1184 | 0.553421
1200 | 0.588401
1216 | 0.622622
1232 | 0.652991
1248 | 0.67652
1264 | 0.690409
1280 | 0.702029
1296 | 0.705472
1312 | 0.698877
1328 | 0.68521
1344 | 0.665773
1360 | 0.645897
1376 | 0.631333
1392 | 0.622701
1408 | 0.622223
1424 | 0.632864
1440 | 0.643704
1456 | 0.652109
1472 | 0.651475
1488 | 0.644894
1504 | 0.639644
1520 | 0.639073
1536 | 0.639299
1552 | 0.63153
1568 | 0.62146
1584 | 0.608257
1600 | 0.590338
1616 | 0.570278
1632 | 0.546067
1648 | 0.509428
1664 | 0.459692
1680 | 0.403365
1696 | 0.338624
1712 | 0.279473
1728 | 0.223819
1744 | 0.18416
1760 | 0.157375
1776 | 0.130357
1792 | 0.102542
1808 | 0.0735812
1824 | 0.0487781
1840 | 0.0289049
1856 | 0.0139616
1872 | 0.00394777
1888 | 0
1904 | 0
1920 | 0
1936 | 0
1952 | 0
1968 | 0
1984 | 0
2000 | 0
2016 | 0
2032 | 0
2048 | 0
2064 | 0
2080 | 0
2096 | 0
2112 | 0
2128 | 0
2144 | 0
2160 | 0
2176 | 0
2192 | 0
2208 | 0
2224 | 0
2240 | 0
2256 | 0
2272 | 0
2288 | 0
2304 | 0
2320 | 0
2336 | 0
2352 | 0
2368 | 0.00131071
2384 | 0.00851404
2400 | 0.0225784
2416 | 0.0444346
2432 | 0.0749635
2448 | 0.114127
2464 | 0.186324
2480 | 0.257222
2496 | 0.303328
2512 | 0.34067
2528 | 0.358945
2544 | 0.369602
2560 | 0.373054
2576 | 0.372517
2592 | 0.37569
2608 | 0.378163
2624 | 0.378163
2640 | 0.376642
2656 | 0.365866
2672 | 0.345845
2688 | 0.317363
2704 | 0.283363
2720 | 0.244843
2736 | 0.179568
2752 | 0.10977
2768 | 0.0725645
2784 | 0.0439239
2800 | 0.0228372
2816 | 0.00862539
2832 | 0.000993295
2848 | 0
2864 | 0
2880 | 0
2896 | 0
2912 | 0
2928 | 0
2944 | 0
2960 | 0
2976 | 0
2992 | 0
3008 | 0
3024 | 0
3040 | 0
3056 | 0
3072 | 0
3088 | 0
3104 | 0
3120 | 0
3136 | 0
3152 | 0
3168 | 0
3184 | 0
3200 | 0
3216 | 0
3232 | 0
3248 | 0
3264 | 0
3280 | 0
3296 | 0
3312 | 0
3328 | 0
3344 | 0
3360 | 0
3376 | 0
Valeur de l'integrale : 492.307
