0.0933128
0.0958058
0.0980768
0.0984228
0.0949758
0.0922445
0.0835006
0.0752421
0.067192
0.0597051
0.0529801
0.0475648
0.0427849
0.0380655
0.0334069
0.0286447
0.0238253
0.0189419
0.0139953
0.00884354
0.00347343
0
0
0.0191168
0.0375685
0.0564516
0.0730754
0.0871122
0.101256
0.104335
0.106256
0.131451
0.156308
0.180582
0.205149
0.227715
0.247709
0.266035
0.291566
0.31482
0.311107
0.288634
0.26705
0.245746
0.227958
0.213618
0.19986
0.194728
0.18913
0.164681
0.139777
0.115097
0.0963855
0.0861133
0.0801978
0.0774568
0.0697659
0.0593015
0.0682491
0.0774577
0.0872535
0.0961401
0.100754
0.105508
0.108613
0.108405
0.10868
0.108956
0.109166
0.108671
0.108179
0.10648
0.10442
0.10892
0.115973
0.124133
0.131875
0.139499
0.140963
0.140239
0.141768
0.143046
0.145666
0.151778
0.159017
0.165504
0.170733
0.176836
0.176949
0.169456
0.160876
0.150161
0.141932
0.133685
0.129754
0.129224
0.13648
0.146638
0.15854
0.17044
0.182339
0.193898
0.203106
0.213037
0.226681
0.240963
0.254001
0.266323
0.274745
0.278811
0.273096
0.266556
0.256194
0.241846
0.224048
0.205181
0.18631
0.168237
0.150709
0.13292
0.11583
0.0970508
0.0773927
0.0587215
0.0420153
0.0277192
0.0173806
0.00726879
0.00176114
0
0
0
0
0
0
0
0
0
0
0
0
0
0
0
0
0
0
0
0.0256735
0.0518319
0.0771437
0.101806
0.125092
0.147869
0.168938
0.186014
0.189251
0.190051
0.187855
0.187152
0.188608
0.189587
0.190676
0.190286
0.189009
0.1882
0.165049
0.141949
0.119242
0.0959158
0.0723784
0.0481952
0.0293363
0.0127513
0.00444242
0
0
0
0
0
0
0
0
0
0
0
0
0
0
0
0
0
0
0