0.0922166
0.0945603
0.0950186
0.0918021
0.0892479
0.0864043
0.0783051
0.0703836
0.0630007
0.0561033
0.0504058
0.0456161
0.0410745
0.0366587
0.0321511
0.0274683
0.0228065
0.0181193
0.0133758
0.0084443
0.003367
0
0.0179783
0.0351266
0.0526894
0.0677782
0.0806927
0.093668
0.0976562
0.100356
0.124411
0.148705
0.171841
0.194496
0.215594
0.234474
0.251631
0.275479
0.303237
0.299431
0.292776
0.27006
0.249569
0.229736
0.213197
0.199868
0.188063
0.182569
0.17764
0.154733
0.131303
0.113409
0.101647
0.0931037
0.0870538
0.0837802
0.0757031
0.0656252
0.073874
0.0828434
0.0911836
0.0955762
0.100101
0.103034
0.103282
0.103094
0.103342
0.103532
0.103034
0.107118
0.110473
0.109603
0.113409
0.119475
0.126307
0.133497
0.140691
0.142725
0.141196
0.138786
0.140233
0.141447
0.144757
0.151644
0.157847
0.162816
0.167629
0.17181
0.167799
0.160808
0.156347
0.15078
0.142942
0.138463
0.137736
0.13969
0.146548
0.156151
0.167398
0.178645
0.190627
0.200804
0.20943
0.22083
0.234076
0.244756
0.252678
0.260486
0.267897
0.267897
0.260725
0.254196
0.244081
0.229391
0.211574
0.193757
0.176725
0.160262
0.144157
0.12768
0.110109
0.0925868
0.0752327
0.0567649
0.0403843
0.0264811
0.0165099
0.00691003
0.00167245
0
0
0
0
0
0
0
0
0
0
0
0
0
0
0
0
0
0
0.0241274
0.0490284
0.0734743
0.0976196
0.120769
0.142521
0.157838
0.173684
0.182714
0.182557
0.179493
0.177833
0.178205
0.179384
0.181315
0.180979
0.178831
0.177841
0.178015
0.157003
0.135765
0.114656
0.092734
0.0703637
0.0466945
0.0270675
0.011782
0.00411042
0
0
0
0
0
0
0
0
0
0
0
0
0
0
0
0
0
0