304 | 0.0922166
320 | 0.0945603
336 | 0.0950186
352 | 0.0918021
368 | 0.0892479
384 | 0.0864043
400 | 0.0783051
416 | 0.0703836
432 | 0.0630007
448 | 0.0561033
464 | 0.0504058
480 | 0.0456161
496 | 0.0410745
512 | 0.0366587
528 | 0.0321511
544 | 0.0274683
560 | 0.0228065
576 | 0.0181193
592 | 0.0133758
608 | 0.0084443
624 | 0.003367
640 | 0
656 | 0.0179783
672 | 0.0351266
688 | 0.0526894
704 | 0.0677782
720 | 0.0806927
736 | 0.093668
752 | 0.0976562
768 | 0.100356
784 | 0.124411
800 | 0.148705
816 | 0.171841
832 | 0.194496
848 | 0.215594
864 | 0.234474
880 | 0.251631
896 | 0.275479
912 | 0.303237
928 | 0.299431
944 | 0.292776
960 | 0.270929
976 | 0.257428
992 | 0.25069
1008 | 0.253148
1024 | 0.264609
1040 | 0.283787
1056 | 0.31694
1072 | 0.354747
1088 | 0.382593
1104 | 0.41471
1120 | 0.456475
1136 | 0.499881
1152 | 0.537813
1168 | 0.572882
1184 | 0.602927
1200 | 0.622906
1216 | 0.634803
1232 | 0.664004
1248 | 0.696336
1264 | 0.726279
1280 | 0.750991
1296 | 0.768329
1312 | 0.777824
1328 | 0.779848
1344 | 0.773768
1360 | 0.766142
1376 | 0.762565
1392 | 0.761284
1408 | 0.765828
1424 | 0.77261
1440 | 0.774127
1456 | 0.77953
1472 | 0.780401
1488 | 0.775187
1504 | 0.768858
1520 | 0.769185
1536 | 0.766261
1552 | 0.757218
1568 | 0.746213
1584 | 0.731736
1600 | 0.715128
1616 | 0.700305
1632 | 0.689457
1648 | 0.675489
1664 | 0.652493
1680 | 0.620789
1696 | 0.580496
1712 | 0.527871
1728 | 0.462843
1744 | 0.404518
1760 | 0.351108
1776 | 0.307954
1792 | 0.278414
1808 | 0.254186
1824 | 0.231377
1840 | 0.212056
1856 | 0.199578
1872 | 0.193132
1888 | 0.191075
1904 | 0.194155
1920 | 0.200804
1936 | 0.20943
1952 | 0.22083
1968 | 0.234076
1984 | 0.244756
2000 | 0.252678
2016 | 0.260486
2032 | 0.267897
2048 | 0.267897
2064 | 0.260725
2080 | 0.254196
2096 | 0.244081
2112 | 0.229391
2128 | 0.211574
2144 | 0.193757
2160 | 0.176725
2176 | 0.160262
2192 | 0.144157
2208 | 0.12768
2224 | 0.110109
2240 | 0.0925868
2256 | 0.0752327
2272 | 0.0567649
2288 | 0.0403843
2304 | 0.0264811
2320 | 0.0165099
2336 | 0.00691003
2352 | 0.00167245
2368 | 0.00116112
2384 | 0.00748337
2400 | 0.0195649
2416 | 0.0381018
2432 | 0.0642927
2448 | 0.0986438
2464 | 0.1633
2480 | 0.228749
2496 | 0.266972
2512 | 0.296792
2528 | 0.323028
2544 | 0.339473
2560 | 0.338657
2576 | 0.334074
2592 | 0.332596
2608 | 0.333228
2624 | 0.333773
2640 | 0.333155
2656 | 0.356707
2672 | 0.380238
2688 | 0.39548
2704 | 0.404386
2720 | 0.404723
2736 | 0.396666
2752 | 0.377595
2768 | 0.333573
2784 | 0.279769
2800 | 0.246908
2816 | 0.218533
2832 | 0.198195
2848 | 0.185957
2864 | 0.180281
2880 | 0.181315
2896 | 0.180979
2912 | 0.178831
2928 | 0.177841
2944 | 0.178015
2960 | 0.157003
2976 | 0.135765
2992 | 0.114656
3008 | 0.092734
3024 | 0.0703637
3040 | 0.0466945
3056 | 0.0270675
3072 | 0.011782
3088 | 0.00411042
3104 | 0
3120 | 0
3136 | 0
3152 | 0
3168 | 0
3184 | 0
3200 | 0
3216 | 0
3232 | 0
3248 | 0
3264 | 0
3280 | 0
3296 | 0
3312 | 0
3328 | 0
3344 | 0
3360 | 0
3376 | 0
Valeur de l'integrale : 821.119
