0
0
0
0
0.0879121
0.175824
0.175824
0.175824
0.161974
0.132505
0.112084
0.104811
0.103309
0.103226
0.0982914
0.0905874
0.0836191
0.08
0.08
0.0677083
0.027234
0
0
0
0
0
0
0
0
0
0
0
0
0
0
0
0
0
0
0.218007
0.340792
0.314432
0.2841
0.232258
0.203226
0.126016
0
0.248
0.406452
0.412903
0.413236
0.400328
0.373815
0.352571
0.429256
0.565025
0.259861
0
0
0
0
0
0
0
0
0
0
0
0.0468723
0.134777
0.206036
0.222512
0.199338
0.174268
0.161311
0.16
0.166667
0.166128
0.12191
0.0873422
0.0727141
0.0275756
0
0
0
0
0.0418711
0.114524
0.150788
0.210083
0.292192
0.332955
0.318725
0.305732
0.247395
0.17
0.13
0.115
0.115
0.121092
0.137519
0.141457
0.125234
0.115942
0.100625
0.0446964
0.00777328
0.0475
0.118319
0.161345
0.19
0.251336
0.303158
0.32
0.32005
0.32005
0.32
0.33166
0.33166
0.32
0.350325
0.389798
0.356154
0.272146
0.195
0.155
0.115
0.0547053
0.0142096
0
0
0
0
0
0
0
0
0
0
0
0
0
0
0
0
0
0
0
0
0
0
0
0
0
0
0
0
0
0
0
0
0
0
0
0.200161
0.406452
0.412903
0.435374
0.461781
0.463139
0.401254
0.293981
0.190323
0.1
0.0355125
0
0
0
0
0
0
0
0
0
0
0
0
0
0
0
0
0
0
0
0
0
0
0
0
0
0
0
0
0
0
0
0
0
0
0