0.0912873
0.0918421
0.0888336
0.0864398
0.0837696
0.081187
0.0733931
0.0661144
0.0593017
0.0534608
0.0484201
0.0438707
0.0396239
0.0353425
0.0308903
0.0263524
0.0218696
0.0173653
0.0128088
0.00820189
0.00326371
0.0168878
0.0331402
0.0494429
0.0634988
0.0751544
0.0871384
0.0905797
0.094162
0.117908
0.141204
0.163965
0.185618
0.205011
0.222602
0.238707
0.261074
0.287102
0.288934
0.282413
0.274901
0.253347
0.234215
0.215685
0.200231
0.18872
0.176698
0.17184
0.167466
0.145836
0.128687
0.117438
0.107592
0.0990193
0.0926302
0.0886768
0.0808466
0.0712017
0.0792151
0.0868175
0.0909107
0.0952211
0.098
0.0982245
0.0984501
0.098279
0.0984501
0.098
0.101869
0.109357
0.113222
0.117965
0.123322
0.12917
0.135061
0.141751
0.143674
0.14285
0.139764
0.137491
0.138865
0.140784
0.144925
0.150867
0.155681
0.16027
0.163337
0.163383
0.159748
0.156523
0.156649
0.151272
0.147023
0.145638
0.147285
0.149068
0.155571
0.164673
0.175335
0.186679
0.19738
0.206994
0.217033
0.228095
0.237979
0.243985
0.247837
0.254736
0.258119
0.256332
0.249268
0.242812
0.23213
0.217292
0.200415
0.184316
0.168795
0.153672
0.138764
0.121721
0.105328
0.0901262
0.0728461
0.0546734
0.0386886
0.0252352
0.0157453
0.00658385
0.00159014
0
0
0
0
0
0
0
0
0
0
0
0
0
0
0
0
0
0.022792
0.0462438
0.0697264
0.0932131
0.116053
0.137841
0.152415
0.162886
0.17126
0.176597
0.172794
0.170321
0.169736
0.169949
0.171962
0.172525
0.170587
0.168801
0.168719
0.169794
0.150528
0.130826
0.111041
0.0902835
0.0682863
0.04327
0.0251245
0.0109497
0.00382459
0
0
0
0
0
0
0
0
0
0
0
0
0
0
0
0
0