320 | 0
336 | 0
352 | 0
368 | 0
384 | 0
400 | 0
416 | 0
432 | 0
448 | 0
464 | 0
480 | 0
496 | 0
512 | 0
528 | 0
544 | 0
560 | 0
576 | 0
592 | 0
608 | 0
624 | 0
640 | 0
656 | 0
672 | 0
688 | 0
704 | 0
720 | 0
736 | 0
752 | 0
768 | 0
784 | 0
800 | 0
816 | 0
832 | 0
848 | 0
864 | 0
880 | 0
896 | 0
912 | 0
928 | 0
944 | 0
960 | 0.000824704
976 | 0.00743006
992 | 0.0197877
1008 | 0.0377358
1024 | 0.0611719
1040 | 0.0904507
1056 | 0.13005
1072 | 0.171324
1088 | 0.216031
1104 | 0.268781
1120 | 0.325565
1136 | 0.378074
1152 | 0.422761
1168 | 0.464482
1184 | 0.501483
1200 | 0.531489
1216 | 0.553017
1232 | 0.568783
1248 | 0.586623
1264 | 0.605333
1280 | 0.628638
1296 | 0.645487
1312 | 0.65625
1328 | 0.662479
1344 | 0.664143
1360 | 0.662846
1376 | 0.664143
1392 | 0.667946
1408 | 0.672472
1424 | 0.677837
1440 | 0.678809
1456 | 0.676592
1472 | 0.668491
1488 | 0.654452
1504 | 0.639792
1520 | 0.629263
1536 | 0.620183
1552 | 0.611394
1568 | 0.599969
1584 | 0.587561
1600 | 0.568238
1616 | 0.549171
1632 | 0.532196
1648 | 0.512928
1664 | 0.490264
1680 | 0.463609
1696 | 0.429259
1712 | 0.388641
1728 | 0.3411
1744 | 0.28602
1760 | 0.236776
1776 | 0.189625
1792 | 0.156274
1808 | 0.133101
1824 | 0.110349
1840 | 0.0869184
1856 | 0.0621018
1872 | 0.0411683
1888 | 0.0243954
1904 | 0.0118265
1920 | 0.00334405
1936 | 0
1952 | 0
1968 | 0
1984 | 0
2000 | 0
2016 | 0
2032 | 0
2048 | 0
2064 | 0
2080 | 0
2096 | 0
2112 | 0
2128 | 0
2144 | 0
2160 | 0
2176 | 0
2192 | 0
2208 | 0
2224 | 0
2240 | 0
2256 | 0
2272 | 0
2288 | 0
2304 | 0
2320 | 0
2336 | 0
2352 | 0
2368 | 0.00109322
2384 | 0.00707775
2400 | 0.0184768
2416 | 0.0357456
2432 | 0.0598551
2448 | 0.0915841
2464 | 0.152466
2480 | 0.214868
2496 | 0.251903
2512 | 0.281569
2528 | 0.302365
2544 | 0.3193
2560 | 0.326712
2576 | 0.320542
2592 | 0.317284
2608 | 0.315979
2624 | 0.31475
2640 | 0.31475
2656 | 0.314171
2672 | 0.31366
2688 | 0.31237
2704 | 0.30558
2720 | 0.291296
2736 | 0.269795
2752 | 0.241449
2768 | 0.207927
2784 | 0.151209
2800 | 0.0917419
2816 | 0.0609098
2832 | 0.0370449
2848 | 0.0194348
2864 | 0.00739277
2880 | 0.000859808
2896 | 0
2912 | 0
2928 | 0
2944 | 0
2960 | 0
2976 | 0
2992 | 0
3008 | 0
3024 | 0
3040 | 0
3056 | 0
3072 | 0
3088 | 0
3104 | 0
3120 | 0
3136 | 0
3152 | 0
3168 | 0
3184 | 0
3200 | 0
3216 | 0
3232 | 0
3248 | 0
3264 | 0
3280 | 0
3296 | 0
3312 | 0
3328 | 0
3344 | 0
3360 | 0
3376 | 0
Valeur de l'integrale : 492.775
