0
0
0
0.0586081
0.117216
0.175824
0.175824
0.166342
0.144361
0.122429
0.109029
0.104277
0.103281
0.099883
0.0944417
0.0867601
0.0823769
0.08
0.0719178
0.0458402
0.0186524
0
0
0
0
0
0
0
0
0
0
0
0
0
0
0
0
0
0.156953
0.257477
0.330152
0.295451
0.258203
0.221505
0.157107
0.0909091
0.181818
0.311111
0.408602
0.413125
0.404568
0.387851
0.365744
0.400911
0.484848
0.339315
0.152823
0
0
0
0
0
0
0
0
0
0
0.0318538
0.0913753
0.161798
0.208158
0.20955
0.185395
0.169238
0.160871
0.164384
0.163967
0.139209
0.110997
0.077395
0.0493279
0.0183908
0
0
0
0.0292471
0.0791916
0.129123
0.185967
0.245343
0.30568
0.322423
0.31528
0.265703
0.211585
0.151667
0.125
0.115
0.118991
0.129093
0.136617
0.1322
0.121626
0.105991
0.0686933
0.03456
0.0324267
0.0821858
0.132896
0.181858
0.22016
0.274773
0.308907
0.320033
0.320033
0.320033
0.32768
0.32768
0.32768
0.339598
0.363378
0.366366
0.308916
0.232874
0.18
0.13
0.0873475
0.0380521
0.00958313
0
0
0
0
0
0
0
0
0
0
0
0
0
0
0
0
0
0
0
0
0
0
0
0
0
0
0
0
0
0
0
0
0
0
0.134691
0.271114
0.408602
0.427617
0.444252
0.462233
0.421746
0.347826
0.237283
0.150538
0.0667025
0.023926
0
0
0
0
0
0
0
0
0
0
0
0
0
0
0
0
0
0
0
0
0
0
0
0
0
0
0
0
0
0
0
0
0
0