48 | 0
64 | 0
80 | 0
96 | 0
112 | 0
128 | 0
144 | 0
160 | 0
176 | 0
192 | 0
208 | 0
224 | 0
240 | 0
256 | 0
272 | 0
288 | 0
304 | 0
320 | 0
336 | 0
352 | 0
368 | 0
384 | 0
400 | 0
416 | 0
432 | 0
448 | 0
464 | 0
480 | 0
496 | 0
512 | 0
528 | 0
544 | 0
560 | 0
576 | 0
592 | 0
608 | 0
624 | 0
640 | 0
656 | 0
672 | 0
688 | 0
704 | 0
720 | 0
736 | 0
752 | 0
768 | 0
784 | 0
800 | 0
816 | 0
832 | 0
848 | 0
864 | 0
880 | 0
896 | 0
912 | 0
928 | 0
944 | 0
960 | 0.00511436
976 | 0.0419867
992 | 0.108201
1008 | 0.201365
1024 | 0.295322
1040 | 0.39985
1056 | 0.526118
1072 | 0.654391
1088 | 0.761209
1104 | 0.85343
1120 | 0.919429
1136 | 0.952448
1152 | 0.954057
1168 | 0.916655
1184 | 0.845157
1200 | 0.771153
1216 | 0.706479
1232 | 0.640553
1248 | 0.577911
1264 | 0.516584
1280 | 0.498983
1296 | 0.478449
1312 | 0.464724
1328 | 0.429523
1344 | 0.411239
1360 | 0.441718
1376 | 0.53571
1392 | 0.680544
1408 | 0.817091
1424 | 0.905651
1440 | 0.947443
1456 | 0.936743
1472 | 0.861678
1488 | 0.71777
1504 | 0.563874
1520 | 0.495044
1536 | 0.482264
1552 | 0.459781
1568 | 0.400729
1584 | 0.3225
1600 | 0.2425
1616 | 0.161781
1632 | 0.0847755
1648 | 0.0253681
1664 | 0
1680 | 0
1696 | 0
1712 | 0
1728 | 0
1744 | 0
1760 | 0
1776 | 0
1792 | 0
1808 | 0
1824 | 0
1840 | 0
1856 | 0
1872 | 0
1888 | 0
1904 | 0
1920 | 0
1936 | 0
1952 | 0
1968 | 0
1984 | 0
2000 | 0
2016 | 0
2032 | 0
2048 | 0
2064 | 0
2080 | 0
2096 | 0
2112 | 0
2128 | 0
2144 | 0
2160 | 0
2176 | 0
2192 | 0
2208 | 0
2224 | 0
2240 | 0
2256 | 0
2272 | 0
2288 | 0
2304 | 0
2320 | 0
2336 | 0
2352 | 0
2368 | 0.00754976
2384 | 0.049374
2400 | 0.135423
2416 | 0.280488
2432 | 0.471963
2448 | 0.676414
2464 | 0.861012
2480 | 0.926364
2496 | 0.937838
2512 | 0.85126
2528 | 0.624157
2544 | 0.415323
2560 | 0.253731
2576 | 0.128724
2592 | 0.0494178
2608 | 0.0059453
2624 | 0
2640 | 0
2656 | 0
2672 | 0
2688 | 0
2704 | 0
2720 | 0
2736 | 0
2752 | 0
2768 | 0
2784 | 0
2800 | 0
2816 | 0
2832 | 0
2848 | 0
2864 | 0
2880 | 0
2896 | 0
2912 | 0
2928 | 0
2944 | 0
2960 | 0
2976 | 0
2992 | 0
3008 | 0
3024 | 0
3040 | 0
3056 | 0
3072 | 0
3088 | 0
3104 | 0
3120 | 0
3136 | 0
3152 | 0
3168 | 0
3184 | 0
3200 | 0
3216 | 0
3232 | 0
3248 | 0
3264 | 0
3280 | 0
3296 | 0
3312 | 0
3328 | 0
3344 | 0
3360 | 0
3376 | 0
Valeur de l'integrale : 491.012
