0
0
0.043956
0.0879121
0.131868
0.175824
0.168615
0.151122
0.132488
0.117042
0.107518
0.104012
0.100738
0.0964945
0.0903636
0.0849652
0.0817695
0.0739796
0.0547454
0.0353201
0.0139022
0
0
0
0
0
0
0
0
0
0
0
0
0
0
0
0
0.109929
0.208202
0.272601
0.311537
0.273032
0.243647
0.185252
0.127016
0.1875
0.254032
0.339286
0.409843
0.406669
0.394396
0.379374
0.396453
0.445168
0.340477
0.227353
0.105066
0
0
0
0
0
0
0
0
0
0.0241242
0.0692824
0.120301
0.173529
0.202632
0.195457
0.17832
0.16683
0.163945
0.162933
0.14473
0.126779
0.0981853
0.0591844
0.0373239
0.0137957
0
0
0.0225332
0.0622518
0.0991864
0.161214
0.216323
0.265629
0.305058
0.318888
0.281729
0.233654
0.186559
0.1425
0.1225
0.117968
0.125255
0.130485
0.131089
0.127435
0.112405
0.0808113
0.0550298
0.0461233
0.0620206
0.102348
0.155466
0.207175
0.245567
0.286282
0.311754
0.320025
0.320025
0.325752
0.325726
0.325726
0.340737
0.351467
0.353109
0.327377
0.268347
0.211379
0.155
0.105884
0.0678304
0.0290959
0.00707464
0
0
0
0
0
0
0
0
0
0
0
0
0
0
0
0
0
0
0
0
0
0
0
0
0
0
0
0
0
0
0
0
0
0.104125
0.204774
0.306575
0.42053
0.435977
0.448828
0.431412
0.375669
0.290261
0.19474
0.112949
0.050427
0.0185224
0
0
0
0
0
0
0
0
0
0
0
0
0
0
0
0
0
0
0
0
0
0
0
0
0
0
0
0
0
0
0
0
0