0
0.0351648
0.0703297
0.105495
0.140659
0.170009
0.155491
0.139358
0.125429
0.113991
0.106631
0.101797
0.0977995
0.092673
0.0880815
0.0839234
0.0765501
0.0599677
0.0448658
0.028282
0.0110467
0
0
0
0
0
0
0
0
0
0
0
0
0
0
0
0.0845859
0.161107
0.233241
0.269355
0.28997
0.258337
0.212452
0.158218
0.192012
0.241167
0.291859
0.355369
0.405326
0.398229
0.386819
0.400631
0.429835
0.345112
0.249055
0.166667
0.0795737
0
0
0
0
0
0
0
0
0.0194133
0.0557928
0.095936
0.137157
0.176466
0.193135
0.187162
0.174328
0.1682
0.162874
0.147934
0.133896
0.11372
0.0799144
0.0479112
0.0300188
0.0110117
0
0.0183263
0.0513884
0.0823469
0.131264
0.189746
0.236827
0.273107
0.305701
0.290847
0.251908
0.20876
0.171833
0.137
0.123485
0.12306
0.127063
0.127521
0.127521
0.1185
0.0904799
0.0674172
0.0600951
0.0670799
0.0824796
0.126559
0.18062
0.230734
0.260666
0.293141
0.313427
0.32002
0.324585
0.324585
0.324564
0.336377
0.34999
0.345748
0.325737
0.290161
0.243008
0.184322
0.131114
0.0871963
0.0553295
0.0231596
0.0055142
0
0
0
0
0
0
0
0
0
0
0
0
0
0
0
0
0
0
0
0
0
0
0
0
0
0
0
0
0
0
0
0
0.0848371
0.167902
0.246653
0.334761
0.428463
0.441151
0.427379
0.392233
0.323107
0.244583
0.155123
0.0909386
0.0413954
0.0150646
0
0
0
0
0
0
0
0
0
0
0
0
0
0
0
0
0
0
0
0
0
0
0
0
0
0
0
0
0
0
0
0