96 | 0.029304
112 | 0.0586081
128 | 0.0879121
144 | 0.117216
160 | 0.14246
176 | 0.158547
192 | 0.144347
208 | 0.131721
224 | 0.121088
240 | 0.112043
256 | 0.104256
272 | 0.099116
288 | 0.0943026
304 | 0.0902892
320 | 0.0866231
336 | 0.0791383
352 | 0.0643548
368 | 0.0510507
384 | 0.037523
400 | 0.0235241
416 | 0.00904773
432 | 0
448 | 0
464 | 0
480 | 0
496 | 0
512 | 0
528 | 0
544 | 0
560 | 0
576 | 0
592 | 0
608 | 0
624 | 0
640 | 0
656 | 0.0687389
672 | 0.131387
688 | 0.191095
704 | 0.238141
720 | 0.257875
736 | 0.27465
752 | 0.231043
768 | 0.187403
784 | 0.204715
800 | 0.234491
816 | 0.274194
832 | 0.315234
848 | 0.360798
864 | 0.398533
880 | 0.391559
896 | 0.403042
912 | 0.426373
928 | 0.354084
944 | 0.270236
960 | 0.195214
976 | 0.156653
992 | 0.126893
1008 | 0.110739
1024 | 0.171785
1040 | 0.252668
1056 | 0.361525
1072 | 0.472361
1088 | 0.58304
1104 | 0.692317
1120 | 0.807832
1136 | 0.905647
1152 | 0.982826
1168 | 1.03172
1184 | 1.04884
1200 | 1.03486
1216 | 0.98742
1232 | 0.911423
1248 | 0.842986
1264 | 0.778139
1280 | 0.722905
1296 | 0.668192
1312 | 0.613697
1328 | 0.562002
1344 | 0.514167
1360 | 0.493926
1376 | 0.506828
1392 | 0.55828
1408 | 0.655366
1424 | 0.783855
1440 | 0.896816
1456 | 0.993652
1472 | 1.0439
1488 | 1.05207
1504 | 1.01623
1520 | 0.965523
1536 | 0.8828
1552 | 0.772869
1568 | 0.671777
1584 | 0.591643
1600 | 0.510666
1616 | 0.418901
1632 | 0.337428
1648 | 0.268141
1664 | 0.210392
1680 | 0.166373
1696 | 0.131658
1712 | 0.0986122
1728 | 0.07739
1744 | 0.069545
1760 | 0.0753576
1776 | 0.0831309
1792 | 0.106235
1808 | 0.152011
1824 | 0.204696
1840 | 0.246154
1856 | 0.270686
1872 | 0.29767
1888 | 0.314536
1904 | 0.323812
1920 | 0.323812
1936 | 0.323812
1952 | 0.333532
1968 | 0.344607
1984 | 0.345483
2000 | 0.324693
2016 | 0.295589
2032 | 0.264666
2048 | 0.214262
2064 | 0.159307
2080 | 0.111991
2096 | 0.0739915
2112 | 0.0460809
2128 | 0.0189745
2144 | 0.00451773
2160 | 0
2176 | 0
2192 | 0
2208 | 0
2224 | 0
2240 | 0
2256 | 0
2272 | 0
2288 | 0
2304 | 0
2320 | 0
2336 | 0
2352 | 0
2368 | 0.00393279
2384 | 0.0246749
2400 | 0.0647173
2416 | 0.129729
2432 | 0.226623
2448 | 0.359621
2464 | 0.569936
2480 | 0.738381
2496 | 0.834395
2512 | 0.856054
2528 | 0.800561
2544 | 0.701497
2560 | 0.537781
2576 | 0.337694
2592 | 0.217023
2608 | 0.12958
2624 | 0.0661229
2640 | 0.0247001
2656 | 0.0732279
2672 | 0.142242
2688 | 0.209843
2704 | 0.279332
2720 | 0.35454
2736 | 0.433906
2752 | 0.424789
2768 | 0.395931
2784 | 0.345141
2800 | 0.278813
2816 | 0.202475
2832 | 0.129572
2848 | 0.0774443
2864 | 0.0350208
2880 | 0.0129336
2896 | 0
2912 | 0
2928 | 0
2944 | 0
2960 | 0
2976 | 0
2992 | 0
3008 | 0
3024 | 0
3040 | 0
3056 | 0
3072 | 0
3088 | 0
3104 | 0
3120 | 0
3136 | 0
3152 | 0
3168 | 0
3184 | 0
3200 | 0
3216 | 0
3232 | 0
3248 | 0
3264 | 0
3280 | 0
3296 | 0
3312 | 0
3328 | 0
3344 | 0
3360 | 0
3376 | 0
Valeur de l'integrale : 832.476
