0.539345
0.580848
0.656201
0.711146
0.751962
0.77708
0.78022
0.805338
0.833301
0.848999
0.888246
0.922783
0.936911
0.932202
0.889816
0.834772
0.819074
0.779827
0.74529
0.731162
0.735871
0.75314
0.770801
0.745683
0.697017
0.635793
0.56044
0.485086
0.409733
0.343799
0.293564
0.242785
0.184808
0.141228
0.102105
0.0675843
0.0369343
0.00953829
0.284088
0.292181
0.290708
0.290625
0.289987
0.282304
0.275018
0.274945
0.274945
0.374924
0.478129
0.576084
0.687777
0.804286
0.594688
0.692228
0.734676
0.778459
0.835712
0.884897
0.928471
0.929506
0.872841
0.797488
0.722135
0.646782
0.593407
0.55416
0.508634
0.474097
0.423862
0.351648
0.276295
0.200942
0.125589
0.0706436
0.0282575
0.00313173
0
0
0
0
0
0
0
0
0
0
0
0
0.0192298
0.056601
0.0900141
0.122976
0.154839
0.187951
0.233086
0.278506
0.302766
0.316247
0.319135
0.299016
0.252543
0.186145
0.113475
0.0608611
0.023597
0.00366412
0
0
0
0
0
0.158487
0.314441
0.46461
0.607017
0.758627
0.923274
1.04243
1.02776
0.995499
0.949006
0.895905
0.861067
0.813611
0.756181
0.716935
0.681319
0.653061
0.638932
0.610283
0.587127
0.55259
0.527473
0.505495
0.493439
0.462312
0.425891
0.389266
0.335054
0.272997
0.210266
0.166886
0.120479
0.0755146
0.0324006
0.00881958
0
0
0
0
0.304456
0.304456
0.304963
0.320307
0.327634
0.335386
0.337113
0.33892
0.346763
0.359995
0.360845
0.373388
0.386725
0.39884
0
0
0
0
0
0
0
0
0
0
0
0
0
0
0
0
0
0
0
0
0
0
0
0
0
0
0
0
0
0
0
0
0
0
0
0
0
0
0
0
0
0