128 | 0
144 | 0
160 | 0
176 | 0
192 | 0
208 | 0
224 | 0
240 | 0
256 | 0
272 | 0
288 | 0
304 | 0
320 | 0
336 | 0
352 | 0
368 | 0
384 | 0
400 | 0
416 | 0
432 | 0
448 | 0
464 | 0
480 | 0
496 | 0
512 | 0
528 | 0
544 | 0
560 | 0
576 | 0
592 | 0
608 | 0
624 | 0
640 | 0
656 | 0.00403818
672 | 0.0243953
688 | 0.0595804
704 | 0.107448
720 | 0.174265
736 | 0.257418
752 | 0.349436
768 | 0.460307
784 | 0.583777
800 | 0.700939
816 | 0.798866
832 | 0.868535
848 | 0.866968
864 | 0.801485
880 | 0.742562
896 | 0.653709
912 | 0.53661
928 | 0.402336
944 | 0.263585
960 | 0.178941
976 | 0.111468
992 | 0.0626034
1008 | 0.0263543
1024 | 0.00486188
1040 | 0
1056 | 0
1072 | 0
1088 | 0
1104 | 0
1120 | 0
1136 | 0
1152 | 0
1168 | 0
1184 | 0
1200 | 0
1216 | 0
1232 | 0
1248 | 0
1264 | 0
1280 | 0
1296 | 0
1312 | 0
1328 | 0
1344 | 0
1360 | 0
1376 | 0
1392 | 0
1408 | 0
1424 | 0.00125979
1440 | 0.0120172
1456 | 0.0477302
1472 | 0.110823
1488 | 0.195713
1504 | 0.319421
1520 | 0.463248
1536 | 0.603108
1552 | 0.732688
1568 | 0.80852
1584 | 0.859715
1600 | 0.871947
1616 | 0.849567
1632 | 0.790667
1648 | 0.705284
1664 | 0.599485
1680 | 0.479008
1696 | 0.343355
1712 | 0.198553
1728 | 0.0961999
1744 | 0.0721046
1760 | 0.122213
1776 | 0.19297
1792 | 0.293487
1808 | 0.398172
1824 | 0.514063
1840 | 0.638921
1856 | 0.742637
1872 | 0.809402
1888 | 0.813195
1904 | 0.787162
1920 | 0.710473
1936 | 0.625434
1952 | 0.514046
1968 | 0.390467
1984 | 0.260826
2000 | 0.177593
2016 | 0.115148
2032 | 0.0638639
2048 | 0.0256354
2064 | 0.00312232
2080 | 0
2096 | 0
2112 | 0
2128 | 0
2144 | 0
2160 | 0
2176 | 0
2192 | 0
2208 | 0
2224 | 0
2240 | 0
2256 | 0
2272 | 0
2288 | 0
2304 | 0
2320 | 0
2336 | 0.00330907
2352 | 0.0198923
2368 | 0.05104
2384 | 0.0940368
2400 | 0.157834
2416 | 0.252031
2432 | 0.37993
2448 | 0.519799
2464 | 0.651971
2480 | 0.766378
2496 | 0.818509
2512 | 0.862448
2528 | 0.862106
2544 | 0.811
2560 | 0.743848
2576 | 0.635082
2592 | 0.508436
2608 | 0.374594
2624 | 0.253739
2640 | 0.163943
2656 | 0.0996734
2672 | 0.054866
2688 | 0.021964
2704 | 0.00395257
2720 | 0
2736 | 0
2752 | 0
2768 | 0
2784 | 0
2800 | 0
2816 | 0
2832 | 0
2848 | 0
2864 | 0
2880 | 0
2896 | 0
2912 | 0
2928 | 0
2944 | 0
2960 | 0
2976 | 0
2992 | 0
3008 | 0
3024 | 0
3040 | 0
3056 | 0
3072 | 0
3088 | 0
3104 | 0
3120 | 0
3136 | 0
3152 | 0
3168 | 0
3184 | 0
3200 | 0
3216 | 0
3232 | 0
3248 | 0
3264 | 0
3280 | 0
3296 | 0
3312 | 0
3328 | 0
3344 | 0
3360 | 0
3376 | 0
3392 | 0
Valeur de l'integrale : 568.162
