0.569454
0.605769
0.671703
0.71978
0.755494
0.777472
0.802198
0.826666
0.840402
0.874742
0.904962
0.917325
0.913204
0.898094
0.852421
0.827953
0.814217
0.779876
0.749657
0.737294
0.741415
0.748283
0.75
0.707418
0.653846
0.587912
0.521978
0.456044
0.39011
0.332418
0.267247
0.204787
0.153858
0.118209
0.0863219
0.0576669
0.0317759
0.265637
0.257229
0.252141
0.251043
0.250505
0.244751
0.239256
0.500887
0.24971
0.326182
0.41597
0.500146
0.582709
0.677987
0.797683
0.62686
0.725487
0.765535
0.806526
0.842726
0.875498
0.901427
0.880834
0.82967
0.763736
0.697802
0.631868
0.585165
0.532967
0.482143
0.436813
0.373626
0.307692
0.241758
0.175824
0.10989
0.0618132
0.0246702
0.00260438
0
0
0
0
0
0
0
0
0
0
0
0.0165739
0.048911
0.0815183
0.10958
0.138284
0.168872
0.203788
0.251671
0.28749
0.303151
0.304139
0.287987
0.258778
0.21544
0.15863
0.0973067
0.0524444
0.0208849
0.00313316
0
0
0
0
0.140089
0.284073
0.406904
0.530435
0.647244
0.781932
0.94358
1.03451
1.01628
0.965837
0.912044
0.874327
0.837829
0.805351
0.746823
0.709736
0.659341
0.634615
0.622253
0.597184
0.576923
0.546703
0.524725
0.494915
0.467302
0.434443
0.400878
0.350965
0.293364
0.234627
0.192403
0.146634
0.10588
0.0661029
0.0279142
0.00745503
0
0
0
0.271257
0.270669
0.267705
0.27452
0.279884
0.285521
0.292569
0.596141
0.303599
0.30972
0.318989
0.319582
0.329381
0.339716
0.359995
0
0
0
0
0
0
0
0
0
0
0
0
0
0
0
0
0
0
0
0
0
0
0
0
0
0
0
0
0
0
0
0
0
0
0
0
0
0
0
0
0