0.592872
0.625153
0.683761
0.726496
0.758242
0.797314
0.821505
0.833715
0.86424
0.891102
0.902091
0.898428
0.884997
0.863935
0.844399
0.82265
0.81044
0.779915
0.753053
0.742064
0.738401
0.732296
0.715507
0.667888
0.60928
0.550672
0.492064
0.433455
0.374847
0.304526
0.229893
0.17398
0.131202
0.101616
0.0747652
0.0502877
0.264557
0.242713
0.225678
0.221753
0.220534
0.216016
0.211725
0.440877
0.458667
0.299823
0.368113
0.442605
0.51472
0.58597
0.685164
0.80957
0.662716
0.753158
0.79097
0.815241
0.8388
0.857924
0.862508
0.841721
0.796093
0.737485
0.678877
0.620269
0.562882
0.506716
0.448107
0.39072
0.332112
0.273504
0.214896
0.156288
0.0976801
0.0548363
0.0209561
0.00213134
0
0
0
0
0
0
0
0
0
0
0.0145626
0.0430606
0.0717677
0.100475
0.124928
0.152574
0.18465
0.221829
0.260937
0.288814
0.293921
0.279702
0.256282
0.227134
0.187793
0.138202
0.0850902
0.0469648
0.0181211
0.00273115
0
0
0
0.125617
0.254895
0.372078
0.471832
0.574333
0.678121
0.810862
0.944623
1.02394
0.988773
0.932527
0.89209
0.853228
0.828117
0.791622
0.737103
0.687042
0.642247
0.620269
0.60928
0.586996
0.568987
0.542125
0.512844
0.471258
0.441335
0.410381
0.364159
0.31045
0.255275
0.216211
0.171055
0.130746
0.0942347
0.0580498
0.0241056
0.00645614
0
0
0.244618
0.244108
0.241228
0.243957
0.244282
0.248565
0.253889
0.525411
0.540806
0.274821
0.278876
0.286309
0.286787
0.294653
0.311121
0.318915
0
0
0
0
0
0
0
0
0
0
0
0
0
0
0
0
0
0
0
0
0
0
0
0
0
0
0
0
0
0
0
0
0
0
0
0
0
0
0
0