0.489698
0.252747
0.395604
0.494506
0.604396
0.758242
0.78022
0.78022
0.78022
0.78022
0.78022
0.78022
0.78022
0.956044
0.975962
0.89011
1.05495
1.02198
0.879121
0.747253
0.659341
0.590659
0.78022
0.78022
0.78022
0.78022
0.78022
0.78022
0.714286
0.604396
0.43956
0.351648
0.252747
0.252747
0.252747
0.252747
0.252747
0.0907895
0
0
0
0
0
0
2.81044
0
0
0
0
0
0
2.80274
0
0.669065
0.690647
0.647482
0.627027
0.61194
0.748538
0.934927
1.05495
1.05495
1.05495
0.901099
0.802198
0.703297
0.538462
0.527473
0.527473
0.527473
0.527473
0.527473
0.384615
0.296703
0.175824
0.021978
0
0
0
0
0
0
0
0
0
0
0
0
0
0
0
0
0
0
0.107143
0.214286
0.24
0.24
0.245054
0.285184
0.379822
0.522449
0.406593
0.307692
0.175824
0.0291439
0
0
0
0
0
0
0
0
0
0
0
1.07599
1.13669
1.05755
0.994595
0.940298
0.969697
1.13811
0.956044
0.908654
0.703297
0.604396
0.706044
0.667582
0.747253
0.681319
0.659341
0.505495
0.505495
0.505495
0.505495
0.505495
0.505495
0.505495
0.431672
0.340899
0.305521
0.278675
0.148387
0.0556452
0
0
0
0
0
0
0
0
0
0
2.47302
0
0
0
0
0
0
2.5737
0
0
0
0
0
0
0
0
0
0
0
0
0
0
0
0
0
0
0
0
0
0
0
0
0
0
0
0
0
0
0
0
0
0
0
0
0
0
0
0
0
0
0
0
0
0
0
0