160 | 0
176 | 0
192 | 0
208 | 0
224 | 0
240 | 0
256 | 0
272 | 0
288 | 0
304 | 0
320 | 0
336 | 0
352 | 0
368 | 0
384 | 0
400 | 0
416 | 0
432 | 0
448 | 0
464 | 0
480 | 0
496 | 0
512 | 0
528 | 0
544 | 0
560 | 0
576 | 0
592 | 0
608 | 0
624 | 0
640 | 0
656 | 0.00332688
672 | 0.020289
688 | 0.0499779
704 | 0.0908367
720 | 0.147324
736 | 0.21685
752 | 0.288571
768 | 0.368589
784 | 0.463154
800 | 0.570335
816 | 0.673333
832 | 0.748112
848 | 0.801266
864 | 0.802063
880 | 0.748692
896 | 0.67692
912 | 0.606979
928 | 0.523916
944 | 0.434232
960 | 0.334184
976 | 0.222151
992 | 0.151282
1008 | 0.094194
1024 | 0.0524885
1040 | 0.0219067
1056 | 0.00400315
1072 | 0
1088 | 0
1104 | 0
1120 | 0
1136 | 0
1152 | 0
1168 | 0
1184 | 0
1200 | 0
1216 | 0
1232 | 0
1248 | 0
1264 | 0
1280 | 0
1296 | 0
1312 | 0
1328 | 0
1344 | 0
1360 | 0
1376 | 0
1392 | 0
1408 | 0
1424 | 0.00111385
1440 | 0.0106543
1456 | 0.0414808
1472 | 0.092049
1488 | 0.155762
1504 | 0.24982
1520 | 0.362981
1536 | 0.474243
1552 | 0.577071
1568 | 0.671352
1584 | 0.755613
1600 | 0.795204
1616 | 0.813579
1632 | 0.798737
1648 | 0.761834
1664 | 0.701423
1680 | 0.618521
1696 | 0.513895
1712 | 0.39768
1728 | 0.291378
1744 | 0.202063
1760 | 0.152913
1776 | 0.1649
1792 | 0.244561
1808 | 0.334577
1824 | 0.430245
1840 | 0.528514
1856 | 0.622541
1872 | 0.696743
1888 | 0.725616
1904 | 0.72967
1920 | 0.709847
1936 | 0.666697
1952 | 0.586698
1968 | 0.512307
1984 | 0.431726
2000 | 0.332633
2016 | 0.220524
2032 | 0.150072
2048 | 0.0965433
2064 | 0.0530861
2080 | 0.0211075
2096 | 0.00254404
2112 | 0
2128 | 0
2144 | 0
2160 | 0
2176 | 0
2192 | 0
2208 | 0
2224 | 0
2240 | 0
2256 | 0
2272 | 0
2288 | 0
2304 | 0
2320 | 0
2336 | 0.00281575
2352 | 0.0170745
2368 | 0.0438264
2384 | 0.080118
2400 | 0.130252
2416 | 0.201227
2432 | 0.299279
2448 | 0.410023
2464 | 0.518717
2480 | 0.624036
2496 | 0.719012
2512 | 0.785717
2528 | 0.788027
2544 | 0.780097
2560 | 0.7625
2576 | 0.700979
2592 | 0.61146
2608 | 0.511518
2624 | 0.411513
2640 | 0.308535
2656 | 0.21055
2672 | 0.135141
2688 | 0.0816044
2704 | 0.044669
2720 | 0.0178757
2736 | 0.00327478
2752 | 0
2768 | 0
2784 | 0
2800 | 0
2816 | 0
2832 | 0
2848 | 0
2864 | 0
2880 | 0
2896 | 0
2912 | 0
2928 | 0
2944 | 0
2960 | 0
2976 | 0
2992 | 0
3008 | 0
3024 | 0
3040 | 0
3056 | 0
3072 | 0
3088 | 0
3104 | 0
3120 | 0
3136 | 0
3152 | 0
3168 | 0
3184 | 0
3200 | 0
3216 | 0
3232 | 0
3248 | 0
3264 | 0
3280 | 0
3296 | 0
3312 | 0
3328 | 0
3344 | 0
3360 | 0
3376 | 0
3392 | 0
Valeur de l'integrale : 576.245
