0.611607
0.640659
0.693407
0.731868
0.778022
0.815179
0.828365
0.855838
0.880014
0.889904
0.886607
0.874519
0.855563
0.855563
0.837981
0.818407
0.807418
0.779945
0.755769
0.739286
0.725
0.703022
0.679121
0.626374
0.573626
0.520879
0.468132
0.415385
0.345323
0.266074
0.198503
0.150617
0.114335
0.0891078
0.0659376
0.263644
0.243487
0.215245
0.201022
0.197605
0.193356
0.189875
0.393708
0.407834
0.481985
0.341541
0.396938
0.461603
0.524428
0.600465
0.703976
0.828531
0.69303
0.776542
0.799867
0.814141
0.826833
0.828341
0.830063
0.810404
0.769231
0.716484
0.663736
0.596703
0.536264
0.473626
0.405495
0.351648
0.298901
0.246154
0.193407
0.140659
0.0877554
0.0473715
0.0174863
0.00176192
0
0
0
0
0
0
0
0
0
0.0129866
0.0384603
0.0641004
0.0897406
0.115636
0.139144
0.168041
0.20207
0.231639
0.263576
0.281864
0.273857
0.253732
0.23006
0.202341
0.166436
0.122328
0.0769407
0.0412462
0.0159739
0.00237824
0
0
0.113855
0.231315
0.337808
0.435568
0.516998
0.608293
0.710875
0.821432
0.941844
0.999095
0.957721
0.913416
0.872263
0.843414
0.813901
0.778439
0.713942
0.668887
0.628571
0.608791
0.598901
0.578846
0.562637
0.529408
0.488912
0.447009
0.418301
0.375277
0.324988
0.272997
0.236653
0.193857
0.153951
0.117735
0.0839562
0.0509652
0.0212115
0.0056933
0
0.229291
0.222321
0.219903
0.221774
0.21978
0.220079
0.224243
0.462185
0.481949
0.494671
0.250262
0.253573
0.259703
0.260096
0.272899
0.279955
0.28625
0
0
0
0
0
0
0
0
0
0
0
0
0
0
0
0
0
0
0
0
0
0
0
0
0
0
0
0
0
0
0
0
0
0
0
0
0
0
0