176 | 0
192 | 0
208 | 0
224 | 0
240 | 0
256 | 0
272 | 0
288 | 0
304 | 0
320 | 0
336 | 0
352 | 0
368 | 0
384 | 0
400 | 0
416 | 0
432 | 0
448 | 0
464 | 0
480 | 0
496 | 0
512 | 0
528 | 0
544 | 0
560 | 0
576 | 0
592 | 0
608 | 0
624 | 0
640 | 0
656 | 0.00305759
672 | 0.018714
688 | 0.0462508
704 | 0.0843189
720 | 0.136753
736 | 0.201327
752 | 0.268666
768 | 0.342979
784 | 0.424174
800 | 0.51767
816 | 0.612763
832 | 0.688671
848 | 0.746086
864 | 0.758288
880 | 0.747521
896 | 0.690013
912 | 0.616488
928 | 0.552057
944 | 0.481715
960 | 0.4053
976 | 0.311501
992 | 0.206217
1008 | 0.140429
1024 | 0.0874204
1040 | 0.0485651
1056 | 0.020202
1072 | 0.00367831
1088 | 0
1104 | 0
1120 | 0
1136 | 0
1152 | 0
1168 | 0
1184 | 0
1200 | 0
1216 | 0
1232 | 0
1248 | 0
1264 | 0
1280 | 0
1296 | 0
1312 | 0
1328 | 0
1344 | 0
1360 | 0
1376 | 0
1392 | 0
1408 | 0
1424 | 0.00105287
1440 | 0.0100874
1456 | 0.0393673
1472 | 0.0874702
1488 | 0.145316
1504 | 0.228437
1520 | 0.328056
1536 | 0.428468
1552 | 0.521371
1568 | 0.606551
1584 | 0.68338
1600 | 0.748557
1616 | 0.772661
1632 | 0.777785
1648 | 0.759921
1664 | 0.723423
1680 | 0.663952
1696 | 0.578284
1712 | 0.474165
1728 | 0.375843
1744 | 0.290365
1760 | 0.222583
1776 | 0.193135
1792 | 0.229803
1808 | 0.309833
1824 | 0.399668
1840 | 0.492953
1856 | 0.577553
1872 | 0.639991
1888 | 0.676312
1904 | 0.691636
1920 | 0.684782
1936 | 0.656463
1952 | 0.60859
1968 | 0.540943
1984 | 0.479342
2000 | 0.403919
2016 | 0.310059
2032 | 0.204709
2048 | 0.13928
2064 | 0.089327
2080 | 0.0489552
2096 | 0.0193947
2112 | 0.00232842
2128 | 0
2144 | 0
2160 | 0
2176 | 0
2192 | 0
2208 | 0
2224 | 0
2240 | 0
2256 | 0
2272 | 0
2288 | 0
2304 | 0
2320 | 0
2336 | 0.00262042
2352 | 0.0159451
2368 | 0.0409338
2384 | 0.0750044
2400 | 0.122205
2416 | 0.187146
2432 | 0.273609
2448 | 0.37185
2464 | 0.46994
2480 | 0.566114
2496 | 0.654343
2512 | 0.723278
2528 | 0.763928
2544 | 0.746501
2560 | 0.743364
2576 | 0.704619
2592 | 0.640268
2608 | 0.557884
2624 | 0.470522
2640 | 0.381268
2656 | 0.284859
2672 | 0.193463
2688 | 0.124034
2704 | 0.0748161
2720 | 0.040871
2736 | 0.0167005
2752 | 0.00298346
2768 | 0
2784 | 0
2800 | 0
2816 | 0
2832 | 0
2848 | 0
2864 | 0
2880 | 0
2896 | 0
2912 | 0
2928 | 0
2944 | 0
2960 | 0
2976 | 0
2992 | 0
3008 | 0
3024 | 0
3040 | 0
3056 | 0
3072 | 0
3088 | 0
3104 | 0
3120 | 0
3136 | 0
3152 | 0
3168 | 0
3184 | 0
3200 | 0
3216 | 0
3232 | 0
3248 | 0
3264 | 0
3280 | 0
3296 | 0
3312 | 0
3328 | 0
3344 | 0
3360 | 0
3376 | 0
3392 | 0
Valeur de l'integrale : 580.415
