0.626936
0.653347
0.701299
0.752248
0.796016
0.82199
0.848963
0.870942
0.879933
0.876936
0.865947
0.848714
0.848714
0.848714
0.83273
0.814935
0.804945
0.77997
0.751998
0.727023
0.699051
0.671079
0.64036
0.592408
0.544456
0.496504
0.448551
0.384701
0.305561
0.232815
0.174005
0.132758
0.101311
0.0793416
0.262862
0.244149
0.217832
0.193363
0.180974
0.175502
0.172143
0.355656
0.367144
0.433897
0.502804
0.371048
0.418423
0.475206
0.54248
0.622749
0.727798
0.844771
0.718995
0.785499
0.800041
0.805515
0.803433
0.802841
0.803347
0.784763
0.747253
0.699301
0.638362
0.569431
0.503497
0.432567
0.368631
0.31968
0.271728
0.223776
0.175824
0.127665
0.0768538
0.0401651
0.0146804
0.00149799
0
0
0
0
0
0
0
0
0.011737
0.034748
0.0579133
0.0810786
0.104452
0.12965
0.154174
0.184752
0.212009
0.235473
0.258888
0.265424
0.251873
0.23148
0.208666
0.182427
0.149323
0.111522
0.0682649
0.0367062
0.0140487
0.00210609
0
0.104125
0.211729
0.309516
0.3992
0.480825
0.552303
0.642384
0.726665
0.827352
0.924736
0.970712
0.938909
0.894287
0.862119
0.829676
0.800255
0.753703
0.694992
0.654033
0.617383
0.599401
0.59041
0.572178
0.548909
0.505422
0.46426
0.425004
0.384773
0.33751
0.288375
0.254397
0.213747
0.175669
0.139703
0.105995
0.0746638
0.0454217
0.0189378
0.00516409
0.207806
0.209588
0.202065
0.203621
0.201613
0.199993
0.200796
0.412541
0.428216
0.444966
0.454527
0.229693
0.232479
0.237622
0.242997
0.248621
0.254465
0.259654
0
0
0
0
0
0
0
0
0
0
0
0
0
0
0
0
0
0
0
0
0
0
0
0
0
0
0
0
0
0
0
0
0
0
0
0
0
0