0.639709
0.663919
0.722528
0.770891
0.803858
0.841403
0.863381
0.871623
0.868876
0.858803
0.843006
0.843006
0.843006
0.843006
0.828354
0.812042
0.802885
0.774496
0.739698
0.703068
0.670101
0.636218
0.608059
0.564103
0.520147
0.476191
0.417541
0.343992
0.270343
0.206233
0.154858
0.118684
0.0909509
0.262185
0.244724
0.220085
0.197068
0.175293
0.162259
0.157846
0.324363
0.333836
0.394534
0.45719
0.515929
0.393528
0.43443
0.495308
0.566256
0.648905
0.748592
0.858837
0.731185
0.786619
0.793313
0.786235
0.782721
0.781325
0.780966
0.763383
0.728938
0.673077
0.60989
0.53663
0.46337
0.39652
0.337912
0.29304
0.249084
0.205128
0.160933
0.11308
0.0660407
0.0341653
0.0126216
0.00130283
0
0
0
0
0
0
0
0.010834
0.0317347
0.0528154
0.0739416
0.0952407
0.118055
0.144269
0.170168
0.19465
0.216443
0.23261
0.245796
0.246923
0.232545
0.212782
0.190913
0.165969
0.137405
0.0998204
0.0612496
0.0325612
0.0125376
0.00197515
0.0961855
0.195231
0.285596
0.368652
0.444002
0.516478
0.586732
0.660754
0.737678
0.819467
0.9033
0.952956
0.920038
0.883671
0.848549
0.816367
0.776341
0.733078
0.679201
0.641655
0.608059
0.591575
0.583333
0.558659
0.524533
0.48057
0.441732
0.392979
0.348407
0.301845
0.269944
0.231251
0.194861
0.160328
0.126656
0.0951668
0.0672234
0.0409659
0.017327
0.19477
0.191491
0.191491
0.188234
0.186498
0.184837
0.18394
0.372528
0.385262
0.398767
0.412217
0.420345
0.212249
0.214626
0.223269
0.223559
0.22831
0.233229
0.237622
0
0
0
0
0
0
0
0
0
0
0
0
0
0
0
0
0
0
0
0
0
0
0
0
0
0
0
0
0
0
0
0
0
0
0
0
0