0.650518
0.686391
0.742022
0.780061
0.823172
0.855294
0.864592
0.862056
0.852758
0.838176
0.838176
0.838176
0.838176
0.838176
0.824651
0.809594
0.796069
0.761412
0.71661
0.676036
0.637997
0.60672
0.580727
0.540152
0.499577
0.445345
0.376665
0.307211
0.241627
0.185066
0.139508
0.107309
0.261593
0.245226
0.222065
0.200339
0.179701
0.158196
0.147051
0.298861
0.306116
0.361719
0.419163
0.473017
0.525154
0.410604
0.455683
0.519755
0.593296
0.672075
0.766901
0.861488
0.73564
0.781381
0.776741
0.768811
0.764901
0.762929
0.761944
0.745284
0.702451
0.644125
0.5765
0.497041
0.427726
0.366019
0.311919
0.270499
0.229924
0.189089
0.143916
0.098282
0.0568131
0.0296614
0.0110693
0.00115265
0
0
0
0
0
0
0.0102365
0.0295173
0.0486064
0.0679595
0.0875225
0.108363
0.132057
0.159681
0.179918
0.199478
0.214644
0.222132
0.230657
0.230303
0.215942
0.196878
0.175838
0.15423
0.124245
0.0902063
0.0547432
0.0292573
0.0118022
0.0920229
0.181567
0.265148
0.342447
0.412641
0.479604
0.550773
0.606588
0.674469
0.735716
0.806616
0.890928
0.935014
0.908803
0.870046
0.835339
0.793838
0.756017
0.715618
0.665839
0.631181
0.600169
0.584953
0.569849
0.53501
0.499208
0.457695
0.409931
0.357977
0.313741
0.283678
0.246773
0.211942
0.178752
0.146125
0.114459
0.0863458
0.0611315
0.0377537
0.19111
0.180694
0.176271
0.179025
0.173507
0.172052
0.171041
0.343342
0.35014
0.36126
0.372263
0.383904
0.390944
0.197267
0.202847
0.206751
0.207
0.211068
0.215298
0.219701
0
0
0
0
0
0
0
0
0
0
0
0
0
0
0
0
0
0
0
0
0
0
0
0
0
0
0
0
0
0
0
0
0
0
0
0