208 | 0
224 | 0
240 | 0
256 | 0
272 | 0
288 | 0
304 | 0
320 | 0
336 | 0
352 | 0
368 | 0
384 | 0
400 | 0
416 | 0
432 | 0
448 | 0
464 | 0
480 | 0
496 | 0
512 | 0
528 | 0
544 | 0
560 | 0
576 | 0
592 | 0
608 | 0
624 | 0
640 | 0
656 | 0.00263158
672 | 0.016199
688 | 0.0402478
704 | 0.0737373
720 | 0.119591
736 | 0.176114
752 | 0.236095
768 | 0.302687
784 | 0.374839
800 | 0.451401
816 | 0.523448
832 | 0.580704
848 | 0.635197
864 | 0.663862
880 | 0.674034
896 | 0.665059
912 | 0.637404
928 | 0.582613
944 | 0.52723
960 | 0.483015
976 | 0.427491
992 | 0.359044
1008 | 0.274268
1024 | 0.180346
1040 | 0.122808
1056 | 0.0764282
1072 | 0.0422491
1088 | 0.0174814
1104 | 0.00316471
1120 | 0
1136 | 0
1152 | 0
1168 | 0
1184 | 0
1200 | 0
1216 | 0
1232 | 0
1248 | 0
1264 | 0
1280 | 0
1296 | 0
1312 | 0
1328 | 0
1344 | 0
1360 | 0
1376 | 0
1392 | 0
1408 | 0
1424 | 0.00094896
1440 | 0.00911704
1456 | 0.0357268
1472 | 0.079682
1488 | 0.13268
1504 | 0.205529
1520 | 0.286114
1536 | 0.363969
1552 | 0.437584
1568 | 0.508406
1584 | 0.572619
1600 | 0.626373
1616 | 0.669118
1632 | 0.70265
1648 | 0.710891
1664 | 0.711344
1680 | 0.692605
1696 | 0.653232
1712 | 0.58872
1728 | 0.513006
1744 | 0.437144
1760 | 0.371311
1776 | 0.319822
1792 | 0.297425
1808 | 0.304487
1824 | 0.353137
1840 | 0.434483
1856 | 0.512119
1872 | 0.562893
1888 | 0.587311
1904 | 0.60521
1920 | 0.61739
1936 | 0.612259
1952 | 0.590015
1968 | 0.562772
1984 | 0.533079
2000 | 0.481777
2016 | 0.426302
2032 | 0.357826
2048 | 0.273003
2064 | 0.17903
2080 | 0.121767
2096 | 0.0777098
2112 | 0.0423623
2128 | 0.0166866
2144 | 0.00199094
2160 | 0
2176 | 0
2192 | 0
2208 | 0
2224 | 0
2240 | 0
2256 | 0
2272 | 0
2288 | 0
2304 | 0
2320 | 0
2336 | 0.00230116
2352 | 0.0140822
2368 | 0.0361605
2384 | 0.0665138
2400 | 0.108765
2416 | 0.167168
2432 | 0.243082
2448 | 0.323537
2464 | 0.400466
2480 | 0.47861
2496 | 0.551974
2512 | 0.610876
2528 | 0.65374
2544 | 0.678386
2560 | 0.697839
2576 | 0.668759
2592 | 0.639941
2608 | 0.599826
2624 | 0.549597
2640 | 0.486408
2656 | 0.412033
2672 | 0.331449
2688 | 0.245768
2704 | 0.1664
2720 | 0.106524
2736 | 0.0652799
2752 | 0.0355612
2768 | 0.0142266
2784 | 0.00253281
2800 | 0
2816 | 0
2832 | 0
2848 | 0
2864 | 0
2880 | 0
2896 | 0
2912 | 0
2928 | 0
2944 | 0
2960 | 0
2976 | 0
2992 | 0
3008 | 0
3024 | 0
3040 | 0
3056 | 0
3072 | 0
3088 | 0
3104 | 0
3120 | 0
3136 | 0
3152 | 0
3168 | 0
3184 | 0
3200 | 0
3216 | 0
3232 | 0
3248 | 0
3264 | 0
3280 | 0
3296 | 0
3312 | 0
3328 | 0
3344 | 0
3360 | 0
3376 | 0
3392 | 0
Valeur de l'integrale : 588.909
