224 | 0.672341
240 | 0.707074
256 | 0.7526
272 | 0.799696
288 | 0.837372
304 | 0.856996
320 | 0.856211
336 | 0.847576
352 | 0.834036
368 | 0.834036
384 | 0.834036
400 | 0.834036
416 | 0.834036
432 | 0.834036
448 | 0.821478
464 | 0.802787
480 | 0.782378
496 | 0.738422
512 | 0.690542
528 | 0.645801
544 | 0.610479
560 | 0.581436
576 | 0.5573
592 | 0.519623
608 | 0.46919
624 | 0.404786
640 | 0.339107
656 | 0.279164
672 | 0.233567
688 | 0.205634
704 | 0.19631
720 | 0.37944
736 | 0.411405
752 | 0.44642
768 | 0.48914
784 | 0.53829
800 | 0.591169
816 | 0.640474
832 | 0.822412
848 | 0.871158
864 | 0.948858
880 | 1.01947
896 | 1.06974
912 | 1.10118
928 | 1.12168
944 | 0.977512
960 | 0.980448
976 | 1.00543
992 | 1.02258
1008 | 1.03241
1024 | 1.03327
1040 | 1.02769
1056 | 0.849289
1072 | 0.838919
1088 | 0.801191
1104 | 0.769965
1120 | 0.752364
1136 | 0.747018
1152 | 0.745577
1168 | 0.719585
1184 | 0.673469
1200 | 0.610675
1216 | 0.536892
1232 | 0.461538
1248 | 0.397174
1264 | 0.339874
1280 | 0.289639
1296 | 0.251177
1312 | 0.213229
1328 | 0.17048
1344 | 0.126312
1360 | 0.0853831
1376 | 0.0497474
1392 | 0.0262066
1408 | 0.00985694
1424 | 0.00193785
1440 | 0.00869867
1456 | 0.0341478
1472 | 0.0762858
1488 | 0.127199
1504 | 0.197412
1520 | 0.285088
1536 | 0.373677
1552 | 0.454793
1568 | 0.533875
1584 | 0.610654
1600 | 0.678995
1616 | 0.738647
1632 | 0.792778
1648 | 0.844649
1664 | 0.867713
1680 | 0.880715
1696 | 0.865354
1712 | 0.82741
1728 | 0.779172
1744 | 0.714065
1760 | 0.636924
1776 | 0.566505
1792 | 0.520887
1808 | 0.483554
1824 | 0.472813
1840 | 0.494178
1856 | 0.534151
1872 | 0.56041
1888 | 0.653134
1904 | 0.743374
1920 | 0.826679
1936 | 0.901315
1952 | 0.955011
1968 | 1.00057
1984 | 1.0473
2000 | 1.07738
2016 | 1.0792
2032 | 1.07993
2048 | 1.06714
2064 | 1.05855
2080 | 1.04621
2096 | 1.03847
2112 | 0.967878
2128 | 0.896443
2144 | 0.829412
2160 | 0.77621
2176 | 0.73853
2192 | 0.700646
2208 | 0.654386
2224 | 0.622204
2240 | 0.593407
2256 | 0.572287
2272 | 0.546682
2288 | 0.510207
2304 | 0.475782
2320 | 0.42617
2336 | 0.37745
2352 | 0.337629
2368 | 0.330066
2384 | 0.323584
2400 | 0.330338
2416 | 0.354006
2432 | 0.39489
2448 | 0.441146
2464 | 0.483928
2480 | 0.527027
2496 | 0.569643
2512 | 0.763768
2528 | 0.78392
2544 | 0.797459
2560 | 0.820282
2576 | 0.820764
2592 | 0.783174
2608 | 0.755288
2624 | 0.883212
2640 | 0.843247
2656 | 0.788911
2672 | 0.726437
2688 | 0.659771
2704 | 0.589204
2720 | 0.52091
2736 | 0.288399
2752 | 0.249982
2768 | 0.225622
2784 | 0.20597
2800 | 0.198629
2816 | 0.200481
2832 | 0.20624
2848 | 0
2864 | 0
2880 | 0
2896 | 0
2912 | 0
2928 | 0
2944 | 0
2960 | 0
2976 | 0
2992 | 0
3008 | 0
3024 | 0
3040 | 0
3056 | 0
3072 | 0
3088 | 0
3104 | 0
3120 | 0
3136 | 0
3152 | 0
3168 | 0
3184 | 0
3200 | 0
3216 | 0
3232 | 0
3248 | 0
3264 | 0
3280 | 0
3296 | 0
3312 | 0
3328 | 0
3344 | 0
3360 | 0
3376 | 0
3392 | 0
Valeur de l'integrale : 1636.8
