224 | 0
240 | 0
256 | 0
272 | 0
288 | 0
304 | 0
320 | 0
336 | 0
352 | 0
368 | 0
384 | 0
400 | 0
416 | 0
432 | 0
448 | 0
464 | 0
480 | 0
496 | 0
512 | 0
528 | 0
544 | 0
560 | 0
576 | 0
592 | 0
608 | 0
624 | 0
640 | 0
656 | 0.00246019
672 | 0.015179
688 | 0.0377951
704 | 0.0693836
720 | 0.11253
736 | 0.165736
752 | 0.222602
768 | 0.285894
784 | 0.354657
800 | 0.42809
816 | 0.496337
832 | 0.542971
848 | 0.587857
864 | 0.614869
880 | 0.632497
896 | 0.633049
912 | 0.616354
928 | 0.590083
944 | 0.545216
960 | 0.500136
976 | 0.458371
992 | 0.405077
1008 | 0.339661
1024 | 0.258802
1040 | 0.1697
1056 | 0.115558
1072 | 0.0719074
1088 | 0.0396696
1104 | 0.0163785
1120 | 0.00295818
1136 | 0
1152 | 0
1168 | 0
1184 | 0
1200 | 0
1216 | 0
1232 | 0
1248 | 0
1264 | 0
1280 | 0
1296 | 0
1312 | 0
1328 | 0
1344 | 0
1360 | 0
1376 | 0
1392 | 0
1408 | 0
1424 | 0.000904334
1440 | 0.00869867
1456 | 0.0341478
1472 | 0.0762858
1488 | 0.127199
1504 | 0.197412
1520 | 0.27524
1536 | 0.345646
1552 | 0.409326
1568 | 0.470926
1584 | 0.529693
1600 | 0.578853
1616 | 0.616897
1632 | 0.646109
1648 | 0.675389
1664 | 0.682734
1680 | 0.682206
1696 | 0.65956
1712 | 0.617716
1728 | 0.562342
1744 | 0.498314
1760 | 0.435373
1776 | 0.383415
1792 | 0.356031
1808 | 0.342558
1824 | 0.359583
1840 | 0.413013
1856 | 0.484664
1872 | 0.532777
1888 | 0.556751
1904 | 0.570539
1920 | 0.578682
1936 | 0.581551
1952 | 0.569594
1968 | 0.552701
1984 | 0.533827
2000 | 0.506086
2016 | 0.457196
2032 | 0.403953
2048 | 0.338511
2064 | 0.25761
2080 | 0.168464
2096 | 0.114564
2112 | 0.0729652
2128 | 0.0396898
2144 | 0.0155977
2160 | 0.00185641
2176 | 0
2192 | 0
2208 | 0
2224 | 0
2240 | 0
2256 | 0
2272 | 0
2288 | 0
2304 | 0
2320 | 0
2336 | 0.00216903
2352 | 0.013305
2368 | 0.0341683
2384 | 0.0629507
2400 | 0.103096
2416 | 0.158697
2432 | 0.2312
2448 | 0.308437
2464 | 0.379524
2480 | 0.448005
2496 | 0.512966
2512 | 0.566263
2528 | 0.605605
2544 | 0.630069
2560 | 0.654629
2576 | 0.655111
2592 | 0.622238
2608 | 0.595251
2624 | 0.562447
2640 | 0.519012
2656 | 0.45871
2672 | 0.387067
2688 | 0.310753
2704 | 0.229973
2720 | 0.155522
2736 | 0.101127
2752 | 0.0608624
2768 | 0.0331117
2784 | 0.0132455
2800 | 0.00235529
2816 | 0
2832 | 0
2848 | 0
2864 | 0
2880 | 0
2896 | 0
2912 | 0
2928 | 0
2944 | 0
2960 | 0
2976 | 0
2992 | 0
3008 | 0
3024 | 0
3040 | 0
3056 | 0
3072 | 0
3088 | 0
3104 | 0
3120 | 0
3136 | 0
3152 | 0
3168 | 0
3184 | 0
3200 | 0
3216 | 0
3232 | 0
3248 | 0
3264 | 0
3280 | 0
3296 | 0
3312 | 0
3328 | 0
3344 | 0
3360 | 0
3376 | 0
3392 | 0
Valeur de l'integrale : 593.165
