0.672341
0.707074
0.7526
0.799696
0.837372
0.856996
0.856211
0.847576
0.834036
0.834036
0.834036
0.834036
0.834036
0.834036
0.821478
0.802787
0.782378
0.738422
0.690542
0.645801
0.610479
0.581436
0.5573
0.519623
0.46919
0.404786
0.339107
0.276704
0.218388
0.167839
0.126926
0.26691
0.245669
0.223818
0.203246
0.183633
0.163079
0.144137
0.279441
0.283301
0.333989
0.386976
0.436695
0.484823
0.531597
0.432296
0.480311
0.54706
0.617501
0.692744
0.774468
0.857988
0.733731
0.767012
0.761521
0.753586
0.749406
0.747018
0.745577
0.719585
0.673469
0.610675
0.536892
0.461538
0.397174
0.339874
0.289639
0.251177
0.213229
0.17048
0.126312
0.0853831
0.0497474
0.0262066
0.00985694
0.00103352
0
0
0
0
0
0.00984742
0.0280312
0.0454675
0.0629493
0.0809614
0.100142
0.12175
0.146669
0.16926
0.184979
0.198509
0.205794
0.209694
0.21683
0.215751
0.201551
0.18309
0.164856
0.140996
0.11323
0.0811652
0.0494864
0.0276328
0.0963834
0.172835
0.247997
0.319764
0.385417
0.44787
0.513473
0.571294
0.622
0.67598
0.728628
0.800945
0.877746
0.923908
0.894913
0.856753
0.813814
0.774354
0.73853
0.700646
0.654386
0.622204
0.593407
0.572287
0.546682
0.510207
0.475782
0.42617
0.375281
0.324324
0.295898
0.260633
0.227242
0.195309
0.16369
0.132709
0.104404
0.0790214
0.0566768
0.197505
0.178315
0.167389
0.165653
0.165653
0.160936
0.160037
0.320765
0.324235
0.330201
0.33937
0.349018
0.359231
0.365388
0.187272
0.18912
0.19251
0.192725
0.196274
0.200481
0.20624
0
0
0
0
0
0
0
0
0
0
0
0
0
0
0
0
0
0
0
0
0
0
0
0
0
0
0
0
0
0
0
0
0
0
0