0.692582
0.719277
0.772756
0.814515
0.840156
0.849679
0.843086
0.830449
0.830449
0.830449
0.830449
0.830449
0.830449
0.830449
0.814332
0.78956
0.759524
0.712637
0.661355
0.619597
0.58663
0.559524
0.536996
0.489865
0.429243
0.366973
0.307492
0.251668
0.199227
0.153546
0.276535
0.251567
0.225382
0.205848
0.187164
0.167482
0.149271
0.270133
0.265792
0.310877
0.359427
0.405554
0.450245
0.493586
0.544863
0.456865
0.507509
0.571714
0.639294
0.703416
0.775949
0.849366
0.722845
0.753634
0.748054
0.740167
0.73581
0.733122
0.722026
0.691457
0.640293
0.571429
0.501099
0.430769
0.370696
0.317216
0.27033
0.234153
0.193603
0.150905
0.110683
0.0753329
0.0442447
0.0234726
0.00888395
0.000964291
0
0
0
0
0.00949297
0.0270556
0.0433438
0.0591706
0.0754009
0.0930807
0.112936
0.135619
0.155961
0.174431
0.18463
0.191009
0.195074
0.198203
0.204543
0.202929
0.188868
0.172875
0.152239
0.129693
0.102699
0.0737714
0.0468783
0.106835
0.172979
0.23636
0.300536
0.361609
0.420075
0.481135
0.534437
0.587554
0.625946
0.672414
0.727471
0.793827
0.870474
0.91036
0.881358
0.835908
0.794926
0.757336
0.723325
0.687666
0.64446
0.614423
0.580923
0.550369
0.522215
0.487058
0.444298
0.391899
0.341847
0.306843
0.273083
0.241026
0.210268
0.179618
0.149332
0.12155
0.0959738
0.0736061
0.204671
0.185187
0.166086
0.158007
0.154139
0.154157
0.150376
0.301337
0.304027
0.307065
0.311818
0.319944
0.328505
0.337537
0.348178
0.175511
0.177134
0.180103
0.180316
0.183885
0.189212
0.194093
0
0
0
0
0
0
0
0
0
0
0
0
0
0
0
0
0
0
0
0
0
0
0
0
0
0
0
0
0
0
0
0
0
0