0.704928
0.740256
0.788333
0.818553
0.834349
0.837783
0.827309
0.827309
0.827309
0.827309
0.827309
0.827309
0.827309
0.823188
0.80121
0.767685
0.734032
0.683894
0.635817
0.596669
0.565762
0.54035
0.507962
0.450708
0.391528
0.334732
0.281226
0.230786
0.183157
0.293849
0.261477
0.231859
0.20819
0.190352
0.171473
0.153942
0.269349
0.257559
0.292958
0.336213
0.378603
0.420271
0.460648
0.508125
0.563069
0.483853
0.532249
0.594086
0.651718
0.708229
0.772267
0.832953
0.712529
0.741672
0.736051
0.728252
0.723784
0.712376
0.695974
0.659299
0.601648
0.535714
0.46978
0.403846
0.347527
0.29739
0.253152
0.213913
0.172657
0.133244
0.0983172
0.0673995
0.0398382
0.0212552
0.00831385
0.000892434
0
0
0
0.00916315
0.026161
0.0419406
0.056593
0.0711668
0.0870425
0.105312
0.126117
0.1446
0.161199
0.174481
0.178206
0.181739
0.185092
0.187887
0.193575
0.191464
0.179347
0.160959
0.141258
0.118688
0.093961
0.070073
0.120962
0.179174
0.233642
0.28707
0.341248
0.395575
0.45263
0.502278
0.551362
0.592876
0.624948
0.67401
0.724553
0.791467
0.860489
0.897083
0.860907
0.817398
0.778218
0.742344
0.709983
0.676304
0.635774
0.601189
0.559551
0.526963
0.499218
0.45623
0.410202
0.358721
0.324335
0.284328
0.253509
0.223851
0.194128
0.164536
0.13729
0.112122
0.0896922
0.212316
0.192704
0.173301
0.157382
0.147739
0.144138
0.14444
0.28415
0.286518
0.288881
0.291105
0.295342
0.302622
0.31027
0.322798
0.327761
0.16514
0.166576
0.16922
0.169805
0.17436
0.178937
0.181746
0
0
0
0
0
0
0
0
0
0
0
0
0
0
0
0
0
0
0
0
0
0
0
0
0
0
0
0
0
0
0
0
0