272 | 0
288 | 0
304 | 0
320 | 0
336 | 0
352 | 0
368 | 0
384 | 0
400 | 0
416 | 0
432 | 0
448 | 0
464 | 0
480 | 0
496 | 0
512 | 0
528 | 0
544 | 0
560 | 0
576 | 0
592 | 0
608 | 0
624 | 0
640 | 0
656 | 0.00205808
672 | 0.0127674
688 | 0.0319533
704 | 0.0589431
720 | 0.0955974
736 | 0.140838
752 | 0.190021
768 | 0.2451
784 | 0.305339
800 | 0.370666
816 | 0.432033
832 | 0.471604
848 | 0.502917
864 | 0.515593
880 | 0.521411
896 | 0.525478
912 | 0.526342
928 | 0.525921
944 | 0.522637
960 | 0.517512
976 | 0.505338
992 | 0.473786
1008 | 0.435262
1024 | 0.397526
1040 | 0.350022
1056 | 0.292319
1072 | 0.221354
1088 | 0.144171
1104 | 0.0981709
1120 | 0.0610703
1136 | 0.0335283
1152 | 0.013772
1168 | 0.00247386
1184 | 0
1200 | 0
1216 | 0
1232 | 0
1248 | 0
1264 | 0
1280 | 0
1296 | 0
1312 | 0
1328 | 0
1344 | 0
1360 | 0
1376 | 0
1392 | 0
1408 | 0
1424 | 0.000792528
1440 | 0.00764606
1456 | 0.0301504
1472 | 0.0676374
1488 | 0.113173
1504 | 0.176501
1520 | 0.247515
1536 | 0.31226
1552 | 0.365936
1568 | 0.410564
1584 | 0.446584
1600 | 0.476363
1616 | 0.500376
1632 | 0.519193
1648 | 0.538406
1664 | 0.559096
1680 | 0.581439
1696 | 0.602229
1712 | 0.601853
1728 | 0.598665
1744 | 0.586086
1760 | 0.567625
1776 | 0.539346
1792 | 0.514346
1808 | 0.487728
1824 | 0.472317
1840 | 0.470387
1856 | 0.477627
1872 | 0.480598
1888 | 0.48384
1904 | 0.49529
1920 | 0.500826
1936 | 0.498672
1952 | 0.490096
1968 | 0.486872
1984 | 0.491259
2000 | 0.490035
2016 | 0.481221
2032 | 0.464531
2048 | 0.439345
2064 | 0.396505
2080 | 0.349056
2096 | 0.291334
2112 | 0.220338
2128 | 0.143123
2144 | 0.0972984
2160 | 0.0616693
2176 | 0.0333734
2192 | 0.013044
2208 | 0.00154351
2224 | 0
2240 | 0
2256 | 0
2272 | 0
2288 | 0
2304 | 0
2320 | 0
2336 | 0.00185029
2352 | 0.011415
2368 | 0.029322
2384 | 0.0542348
2400 | 0.0891558
2416 | 0.137756
2432 | 0.201634
2448 | 0.270554
2464 | 0.334686
2480 | 0.394112
2496 | 0.443717
2512 | 0.477847
2528 | 0.500859
2544 | 0.517017
2560 | 0.536198
2576 | 0.543822
2592 | 0.545499
2608 | 0.545219
2624 | 0.542509
2640 | 0.523768
2656 | 0.507756
2672 | 0.481694
2688 | 0.442913
2704 | 0.389692
2720 | 0.327426
2736 | 0.265125
2752 | 0.195367
2768 | 0.13178
2784 | 0.0842004
2800 | 0.0505975
2816 | 0.027508
2832 | 0.0111098
2848 | 0.00198717
2864 | 0
2880 | 0
2896 | 0
2912 | 0
2928 | 0
2944 | 0
2960 | 0
2976 | 0
2992 | 0
3008 | 0
3024 | 0
3040 | 0
3056 | 0
3072 | 0
3088 | 0
3104 | 0
3120 | 0
3136 | 0
3152 | 0
3168 | 0
3184 | 0
3200 | 0
3216 | 0
3232 | 0
3248 | 0
3264 | 0
3280 | 0
3296 | 0
3312 | 0
3328 | 0
3344 | 0
3360 | 0
3376 | 0
3392 | 0
Valeur de l'integrale : 605.497
