0.725517
0.756828
0.793673
0.814358
0.824055
0.823247
0.824539
0.824539
0.824539
0.824539
0.824539
0.824539
0.820661
0.810318
0.779937
0.743213
0.705721
0.658533
0.613284
0.576438
0.54735
0.512814
0.469699
0.413328
0.359003
0.307653
0.259094
0.213105
0.314937
0.278649
0.241992
0.215014
0.193244
0.175107
0.158209
0.268632
0.257352
0.28406
0.318057
0.355681
0.394083
0.43183
0.476028
0.526761
0.584307
0.508511
0.554849
0.60767
0.658535
0.708
0.76099
0.817634
0.703248
0.730911
0.725288
0.717601
0.705274
0.689022
0.665953
0.621885
0.566257
0.504202
0.442146
0.380091
0.327085
0.279603
0.232523
0.192034
0.153488
0.119078
0.0884367
0.0609778
0.0362298
0.0199463
0.00771849
0.000830543
0
0
0.00885548
0.0253237
0.0406478
0.0548807
0.0682586
0.0824115
0.0987537
0.117859
0.134782
0.149833
0.161687
0.168793
0.170111
0.173045
0.176064
0.178591
0.183651
0.182753
0.168102
0.150427
0.130381
0.109405
0.0895467
0.139198
0.189172
0.236823
0.282395
0.326702
0.37448
0.427361
0.473769
0.519598
0.557936
0.593382
0.628537
0.673719
0.725608
0.786154
0.850403
0.877411
0.842566
0.800853
0.763334
0.729037
0.698181
0.666277
0.621855
0.579326
0.536595
0.504751
0.468904
0.422809
0.377118
0.341213
0.301636
0.264867
0.23624
0.207401
0.178495
0.151791
0.127045
0.105055
0.221625
0.20056
0.181061
0.164772
0.147778
0.138737
0.135608
0.27353
0.270936
0.273027
0.274712
0.276695
0.280519
0.287079
0.297772
0.305174
0.309606
0.155927
0.157224
0.15993
0.161651
0.165598
0.168391
0.169528
0
0
0
0
0
0
0
0
0
0
0
0
0
0
0
0
0
0
0
0
0
0
0
0
0
0
0
0
0
0
0
0