288 | 0
304 | 0
320 | 0
336 | 0
352 | 0
368 | 0
384 | 0
400 | 0
416 | 0
432 | 0
448 | 0
464 | 0
480 | 0
496 | 0
512 | 0
528 | 0
544 | 0
560 | 0
576 | 0
592 | 0
608 | 0
624 | 0
640 | 0
656 | 0.00195174
672 | 0.0121252
688 | 0.0303877
704 | 0.0561278
720 | 0.0910314
736 | 0.134122
752 | 0.181182
768 | 0.233972
784 | 0.291812
800 | 0.354802
816 | 0.414148
832 | 0.452082
848 | 0.482128
864 | 0.494735
880 | 0.49985
896 | 0.498785
912 | 0.496347
928 | 0.496466
944 | 0.499492
960 | 0.501198
976 | 0.49655
992 | 0.484422
1008 | 0.454176
1024 | 0.417222
1040 | 0.380682
1056 | 0.334851
1072 | 0.279341
1088 | 0.211168
1104 | 0.137286
1120 | 0.0934825
1136 | 0.0581491
1152 | 0.031883
1168 | 0.0130782
1184 | 0.00234583
1200 | 0
1216 | 0
1232 | 0
1248 | 0
1264 | 0
1280 | 0
1296 | 0
1312 | 0
1328 | 0
1344 | 0
1360 | 0
1376 | 0
1392 | 0
1408 | 0
1424 | 0.000761159
1440 | 0.00734961
1456 | 0.029018
1472 | 0.0651744
1488 | 0.10916
1504 | 0.170481
1520 | 0.239474
1536 | 0.302575
1552 | 0.354994
1568 | 0.398711
1584 | 0.433884
1600 | 0.45788
1616 | 0.474764
1632 | 0.487774
1648 | 0.504173
1664 | 0.522271
1680 | 0.541716
1696 | 0.560293
1712 | 0.577073
1728 | 0.581498
1744 | 0.58411
1760 | 0.577924
1776 | 0.566509
1792 | 0.554281
1808 | 0.531943
1824 | 0.513966
1840 | 0.505962
1856 | 0.505181
1872 | 0.495252
1888 | 0.480922
1904 | 0.476553
1920 | 0.480194
1936 | 0.478563
1952 | 0.470702
1968 | 0.465327
1984 | 0.467096
2000 | 0.471736
2016 | 0.470287
2032 | 0.461549
2048 | 0.445264
2064 | 0.420846
2080 | 0.379704
2096 | 0.333929
2112 | 0.278401
2128 | 0.2102
2144 | 0.136289
2160 | 0.0926443
2176 | 0.0586431
2192 | 0.0316922
2208 | 0.0123689
2224 | 0.0014614
2240 | 0
2256 | 0
2272 | 0
2288 | 0
2304 | 0
2320 | 0
2336 | 0.00176389
2352 | 0.0108989
2368 | 0.0279983
2384 | 0.0518422
2400 | 0.0853106
2416 | 0.131952
2432 | 0.19339
2448 | 0.259914
2464 | 0.322005
2480 | 0.379707
2496 | 0.427907
2512 | 0.461136
2528 | 0.480733
2544 | 0.491182
2560 | 0.506191
2576 | 0.512593
2592 | 0.514124
2608 | 0.51508
2624 | 0.517929
2640 | 0.518182
2656 | 0.500388
2672 | 0.484155
2688 | 0.459129
2704 | 0.422021
2720 | 0.371069
2736 | 0.315187
2752 | 0.251716
2768 | 0.185252
2784 | 0.124863
2800 | 0.0797594
2816 | 0.0480065
2832 | 0.0262603
2848 | 0.0105903
2864 | 0.00187831
2880 | 0
2896 | 0
2912 | 0
2928 | 0
2944 | 0
2960 | 0
2976 | 0
2992 | 0
3008 | 0
3024 | 0
3040 | 0
3056 | 0
3072 | 0
3088 | 0
3104 | 0
3120 | 0
3136 | 0
3152 | 0
3168 | 0
3184 | 0
3200 | 0
3216 | 0
3232 | 0
3248 | 0
3264 | 0
3280 | 0
3296 | 0
3312 | 0
3328 | 0
3344 | 0
3360 | 0
3376 | 0
3392 | 0
Valeur de l'integrale : 609.376
