0.741987
0.763622
0.791094
0.805746
0.811088
0.820856
0.822077
0.822077
0.822077
0.822077
0.822077
0.818414
0.808646
0.789721
0.756143
0.715965
0.680556
0.635989
0.593254
0.558455
0.520935
0.47629
0.432813
0.380767
0.331422
0.284628
0.240192
0.33716
0.299424
0.25885
0.225209
0.200262
0.17843
0.162122
0.267974
0.257162
0.282793
0.308659
0.337613
0.371625
0.406449
0.447745
0.494852
0.548156
0.603786
0.531127
0.5692
0.615913
0.660475
0.700473
0.750245
0.803778
0.694854
0.72118
0.715581
0.700827
0.68413
0.661722
0.630814
0.587402
0.534799
0.47619
0.417582
0.358974
0.308607
0.258055
0.209972
0.171754
0.137922
0.107634
0.0803607
0.0556734
0.0340852
0.0185715
0.0072027
0.000779195
0
0.0085678
0.0245383
0.0394323
0.0532963
0.0663174
0.0792139
0.093699
0.110727
0.126212
0.139964
0.15064
0.156866
0.161513
0.16247
0.165129
0.167876
0.170111
0.176038
0.172347
0.158037
0.139844
0.121059
0.104662
0.153347
0.203336
0.243818
0.283415
0.320732
0.359198
0.405497
0.448372
0.491295
0.527108
0.559863
0.598126
0.630191
0.676906
0.723642
0.78032
0.833935
0.859621
0.826025
0.785974
0.749991
0.717146
0.687666
0.651186
0.599521
0.555864
0.514674
0.475445
0.436035
0.39025
0.359544
0.318386
0.28188
0.247584
0.219589
0.191356
0.165192
0.140878
0.119323
0.231553
0.209847
0.189048
0.172649
0.155295
0.139292
0.131001
0.257641
0.261264
0.258842
0.260337
0.261842
0.263644
0.267113
0.276347
0.282711
0.289375
0.293357
0.147703
0.149173
0.152676
0.154092
0.156526
0.157851
0.157683
0
0
0
0
0
0
0
0
0
0
0
0
0
0
0
0
0
0
0
0
0
0
0
0
0
0
0
0
0
0
0