0.749205
0.76276
0.78416
0.794426
0.809464
0.818717
0.819874
0.819874
0.819874
0.819874
0.816404
0.80715
0.789221
0.766664
0.729649
0.691585
0.658039
0.615818
0.575333
0.532819
0.48575
0.440773
0.400391
0.352914
0.307776
0.264809
0.357358
0.321308
0.279094
0.241678
0.210413
0.185539
0.165725
0.267369
0.256986
0.281625
0.306529
0.327989
0.353804
0.384531
0.422677
0.466588
0.516217
0.567884
0.621718
0.545832
0.578473
0.619465
0.655407
0.693118
0.740445
0.791185
0.687224
0.712337
0.7001
0.681445
0.659119
0.62941
0.598173
0.556542
0.506651
0.451128
0.395604
0.339762
0.286047
0.23426
0.188831
0.155105
0.125223
0.0981972
0.0736363
0.0525007
0.031821
0.0173741
0.00677265
0.000724851
0.00829822
0.0238002
0.0382874
0.0518009
0.0645149
0.0770719
0.0901962
0.105211
0.118782
0.131315
0.141007
0.146513
0.15056
0.15461
0.155472
0.157905
0.160361
0.163558
0.166858
0.162925
0.147802
0.130652
0.116244
0.162922
0.213084
0.254944
0.28819
0.320235
0.352295
0.38949
0.426299
0.465965
0.499508
0.530143
0.565685
0.600932
0.63495
0.677089
0.720909
0.768232
0.818967
0.843455
0.811032
0.772522
0.737961
0.706456
0.672291
0.627817
0.575569
0.533427
0.485939
0.443546
0.40391
0.372849
0.336506
0.298396
0.264231
0.230819
0.203244
0.177615
0.153734
0.132609
0.24081
0.219655
0.198259
0.180684
0.163244
0.146861
0.131948
0.246552
0.246731
0.25
0.247408
0.248751
0.250125
0.251768
0.257798
0.263328
0.2691
0.275131
0.278756
0.140575
0.142842
0.145916
0.146207
0.147378
0.147532
0.146491
0
0
0
0
0
0
0
0
0
0
0
0
0
0
0
0
0
0
0
0
0
0
0
0
0
0
0
0
0
0