0.371223
0.324176
0.445055
0.549451
0.681319
0.769231
0.78022
0.78022
0.78022
0.78022
0.78022
0.78022
0.868132
0.966003
0.933036
0.972527
1.03846
0.950549
0.813187
0.703297
0.625
0.68544
0.78022
0.78022
0.78022
0.78022
0.78022
0.747253
0.659341
0.521978
0.395604
0.302198
0.252747
0.252747
0.252747
0.252747
0.170027
0.0403155
0
0
0
0
0
1.11196
1.38243
0
0
0
0
0
1.0059
1.38057
0.399142
0.679856
0.669065
0.637264
0.619615
0.675776
0.831414
0.993923
1.05495
1.05495
0.978022
0.851648
0.752747
0.620879
0.532967
0.527473
0.527473
0.527473
0.527473
0.456044
0.340659
0.236264
0.0989011
0.010989
0
0
0
0
0
0
0
0
0
0
0
0
0
0
0
0
0
0.0576317
0.160714
0.226415
0.24
0.242501
0.2636
0.325769
0.439863
0.464798
0.357143
0.241758
0.0979697
0.013544
0
0
0
0
0
0
0
0
0
0
0.640696
1.10634
1.09712
1.0261
0.967919
0.954037
1.04458
1.04862
0.932349
0.805975
0.653846
0.65522
0.686813
0.707418
0.714286
0.67033
0.582418
0.505495
0.505495
0.505495
0.505495
0.505495
0.505495
0.465675
0.380952
0.322242
0.291914
0.213479
0.102016
0.0278226
0
0
0
0
0
0
0
0
0
1.16822
1.22795
0
0
0
0
0
1.21225
1.36646
0
0
0
0
0
0
0
0
0
0
0
0
0
0
0
0
0
0
0
0
0
0
0
0
0
0
0
0
0
0
0
0
0
0
0
0
0
0
0
0
0
0
0
0
0
0
0