32 | 0
48 | 0
64 | 0
80 | 0
96 | 0
112 | 0
128 | 0
144 | 0
160 | 0
176 | 0
192 | 0
208 | 0
224 | 0
240 | 0
256 | 0
272 | 0
288 | 0
304 | 0
320 | 0
336 | 0
352 | 0
368 | 0
384 | 0
400 | 0
416 | 0
432 | 0
448 | 0
464 | 0
480 | 0
496 | 0
512 | 0
528 | 0
544 | 0
560 | 0
576 | 0
592 | 0
608 | 0
624 | 0
640 | 0
656 | 0.0125772
672 | 0.0789829
688 | 0.190647
704 | 0.305755
720 | 0.508696
736 | 0.805405
752 | 0.776824
768 | 0.766187
784 | 0.875195
800 | 0.939132
816 | 0.953796
832 | 0.941986
848 | 0.815115
864 | 0.51073
880 | 0.31295
896 | 0.197842
912 | 0.0850585
928 | 0.0151237
944 | 0
960 | 0
976 | 0
992 | 0
1008 | 0
1024 | 0
1040 | 0
1056 | 0
1072 | 0
1088 | 0
1104 | 0
1120 | 0
1136 | 0
1152 | 0
1168 | 0
1184 | 0
1200 | 0
1216 | 0
1232 | 0
1248 | 0
1264 | 0
1280 | 0
1296 | 0
1312 | 0
1328 | 0
1344 | 0
1360 | 0
1376 | 0
1392 | 0
1408 | 0
1424 | 0.004375
1440 | 0.0508943
1456 | 0.224106
1472 | 0.436003
1488 | 0.644406
1504 | 0.831613
1520 | 0.938016
1536 | 0.966378
1552 | 0.965802
1568 | 0.9225
1584 | 0.840859
1600 | 0.739145
1616 | 0.569035
1632 | 0.274341
1648 | 0.0273411
1664 | 0
1680 | 0
1696 | 0
1712 | 0.010158
1728 | 0.0849521
1744 | 0.214649
1760 | 0.345528
1776 | 0.477601
1792 | 0.706783
1808 | 0.856152
1824 | 0.875084
1840 | 0.939132
1856 | 0.953796
1872 | 0.930323
1888 | 0.646854
1904 | 0.428058
1920 | 0.31295
1936 | 0.19712
1952 | 0.0797434
1968 | 0.00993789
1984 | 0
2000 | 0
2016 | 0
2032 | 0
2048 | 0
2064 | 0
2080 | 0
2096 | 0
2112 | 0
2128 | 0
2144 | 0
2160 | 0
2176 | 0
2192 | 0
2208 | 0
2224 | 0
2240 | 0
2256 | 0
2272 | 0
2288 | 0
2304 | 0
2320 | 0
2336 | 0.0110887
2352 | 0.0707661
2368 | 0.212905
2384 | 0.366478
2400 | 0.447386
2416 | 0.637931
2432 | 0.840923
2448 | 0.941943
2464 | 0.957926
2480 | 0.960894
2496 | 0.955871
2512 | 0.864911
2528 | 0.650145
2544 | 0.427455
2560 | 0.310714
2576 | 0.196429
2592 | 0.0762712
2608 | 0.0135357
2624 | 0
2640 | 0
2656 | 0
2672 | 0
2688 | 0
2704 | 0
2720 | 0
2736 | 0
2752 | 0
2768 | 0
2784 | 0
2800 | 0
2816 | 0
2832 | 0
2848 | 0
2864 | 0
2880 | 0
2896 | 0
2912 | 0
2928 | 0
2944 | 0
2960 | 0
2976 | 0
2992 | 0
3008 | 0
3024 | 0
3040 | 0
3056 | 0
3072 | 0
3088 | 0
3104 | 0
3120 | 0
3136 | 0
3152 | 0
3168 | 0
3184 | 0
3200 | 0
3216 | 0
3232 | 0
3248 | 0
3264 | 0
3280 | 0
3296 | 0
3312 | 0
3328 | 0
3344 | 0
3360 | 0
3376 | 0
3392 | 0
Valeur de l'integrale : 552.627
