0.749107
0.757589
0.774485
0.793716
0.808001
0.816793
0.817891
0.817891
0.817891
0.814595
0.805804
0.788771
0.767342
0.740968
0.705804
0.669643
0.637775
0.597665
0.550096
0.498599
0.451266
0.409301
0.372442
0.328859
0.28728
0.375794
0.341287
0.300421
0.261349
0.226446
0.195554
0.172833
0.26681
0.256824
0.280544
0.304555
0.32528
0.344101
0.367036
0.400909
0.441421
0.487795
0.536012
0.586134
0.632397
0.555631
0.58325
0.616301
0.650304
0.686364
0.731472
0.779691
0.68026
0.69803
0.682073
0.658306
0.62924
0.599148
0.568745
0.528762
0.481319
0.428571
0.375489
0.31614
0.260909
0.211723
0.171299
0.141397
0.114665
0.0902816
0.069591
0.0491351
0.0298389
0.0163711
0.00631537
0.00871551
0.0231052
0.0372071
0.0503871
0.0628078
0.0750773
0.087844
0.10138
0.113019
0.123789
0.132532
0.137443
0.140997
0.144543
0.148259
0.149053
0.151239
0.154525
0.155605
0.158465
0.153236
0.138812
0.125859
0.169323
0.218024
0.261446
0.297013
0.323402
0.350677
0.381748
0.41002
0.443861
0.474702
0.503419
0.53679
0.569587
0.606615
0.636761
0.676381
0.712125
0.757162
0.805304
0.828701
0.797379
0.760302
0.727059
0.691111
0.648869
0.602832
0.552629
0.504551
0.454639
0.412222
0.386645
0.349928
0.316217
0.280438
0.247015
0.214264
0.189163
0.165715
0.145011
0.249461
0.228834
0.207906
0.189806
0.171287
0.154824
0.139517
0.241444
0.236661
0.236661
0.239318
0.236921
0.238152
0.239411
0.243476
0.246432
0.25148
0.256739
0.262248
0.266028
0.13494
0.136908
0.138826
0.138194
0.138344
0.137689
0.137208
0
0
0
0
0
0
0
0
0
0
0
0
0
0
0
0
0
0
0
0
0
0
0
0
0
0
0
0
0