320 | 0
336 | 0
352 | 0
368 | 0
384 | 0
400 | 0
416 | 0
432 | 0
448 | 0
464 | 0
480 | 0
496 | 0
512 | 0
528 | 0
544 | 0
560 | 0
576 | 0
592 | 0
608 | 0
624 | 0
640 | 0
656 | 0.00176894
672 | 0.0110169
688 | 0.0276756
704 | 0.0512337
720 | 0.0830938
736 | 0.122443
752 | 0.165761
768 | 0.214494
784 | 0.268062
800 | 0.326826
816 | 0.38248
832 | 0.417518
848 | 0.445313
864 | 0.457702
880 | 0.46316
896 | 0.462079
912 | 0.455112
928 | 0.448323
944 | 0.448559
960 | 0.45561
976 | 0.462866
992 | 0.464367
1008 | 0.459339
1024 | 0.447388
1040 | 0.419454
1056 | 0.385285
1072 | 0.350942
1088 | 0.308141
1104 | 0.25656
1120 | 0.193373
1136 | 0.125318
1152 | 0.0853319
1168 | 0.0530719
1184 | 0.0290335
1200 | 0.0118812
1216 | 0.00212581
1232 | 0
1248 | 0
1264 | 0
1280 | 0
1296 | 0
1312 | 0
1328 | 0
1344 | 0
1360 | 0
1376 | 0
1392 | 0
1408 | 0
1424 | 0.000705325
1440 | 0.00682071
1456 | 0.0269907
1472 | 0.0607502
1488 | 0.101933
1504 | 0.159595
1520 | 0.224864
1536 | 0.284903
1552 | 0.334961
1568 | 0.376947
1584 | 0.410922
1600 | 0.43397
1616 | 0.445097
1632 | 0.4466
1648 | 0.451471
1664 | 0.461917
1680 | 0.476597
1696 | 0.490916
1712 | 0.504327
1728 | 0.522951
1744 | 0.547333
1760 | 0.562011
1776 | 0.575151
1792 | 0.588171
1808 | 0.591208
1824 | 0.586304
1840 | 0.577097
1856 | 0.56747
1872 | 0.548399
1888 | 0.51834
1904 | 0.487647
1920 | 0.461683
1936 | 0.444738
1952 | 0.436181
1968 | 0.431562
1984 | 0.431025
2000 | 0.431025
2016 | 0.433083
2032 | 0.437002
2048 | 0.435209
2064 | 0.426666
2080 | 0.411158
2096 | 0.388157
2112 | 0.350039
2128 | 0.307294
2144 | 0.255699
2160 | 0.192488
2176 | 0.124409
2192 | 0.0845552
2208 | 0.0534021
2224 | 0.0287914
2240 | 0.0112088
2256 | 0.0013101
2272 | 0
2288 | 0
2304 | 0
2320 | 0
2336 | 0.00161323
2352 | 0.00999516
2368 | 0.0256797
2384 | 0.0476389
2400 | 0.0785362
2416 | 0.121697
2432 | 0.178772
2448 | 0.24096
2464 | 0.299323
2480 | 0.353841
2496 | 0.399443
2512 | 0.43099
2528 | 0.44986
2544 | 0.457696
2560 | 0.464497
2576 | 0.46349
2592 | 0.461804
2608 | 0.461891
2624 | 0.465177
2640 | 0.471028
2656 | 0.475753
2672 | 0.474654
2688 | 0.458011
2704 | 0.442898
2720 | 0.419797
2736 | 0.389739
2752 | 0.342339
2768 | 0.286825
2784 | 0.228591
2800 | 0.167887
2816 | 0.113231
2832 | 0.0728673
2848 | 0.0440594
2864 | 0.023878
2880 | 0.00949773
2896 | 0.00166013
2912 | 0
2928 | 0
2944 | 0
2960 | 0
2976 | 0
2992 | 0
3008 | 0
3024 | 0
3040 | 0
3056 | 0
3072 | 0
3088 | 0
3104 | 0
3120 | 0
3136 | 0
3152 | 0
3168 | 0
3184 | 0
3200 | 0
3216 | 0
3232 | 0
3248 | 0
3264 | 0
3280 | 0
3296 | 0
3312 | 0
3328 | 0
3344 | 0
3360 | 0
3376 | 0
3392 | 0
Valeur de l'integrale : 616.758
