64 | 0
80 | 0
96 | 0
112 | 0
128 | 0
144 | 0
160 | 0
176 | 0
192 | 0
208 | 0
224 | 0
240 | 0
256 | 0
272 | 0
288 | 0
304 | 0
320 | 0
336 | 0
352 | 0
368 | 0
384 | 0
400 | 0
416 | 0
432 | 0
448 | 0
464 | 0
480 | 0
496 | 0
512 | 0
528 | 0
544 | 0
560 | 0
576 | 0
592 | 0
608 | 0
624 | 0
640 | 0
656 | 0.0070549
672 | 0.0412941
688 | 0.102369
704 | 0.19242
720 | 0.334646
736 | 0.5054
752 | 0.643629
768 | 0.781857
784 | 0.830511
800 | 0.856514
816 | 0.917483
832 | 0.940432
848 | 0.903545
864 | 0.735762
880 | 0.513761
896 | 0.340509
912 | 0.199055
928 | 0.107354
944 | 0.0446334
960 | 0.00851503
976 | 0
992 | 0
1008 | 0
1024 | 0
1040 | 0
1056 | 0
1072 | 0
1088 | 0
1104 | 0
1120 | 0
1136 | 0
1152 | 0
1168 | 0
1184 | 0
1200 | 0
1216 | 0
1232 | 0
1248 | 0
1264 | 0
1280 | 0
1296 | 0
1312 | 0
1328 | 0
1344 | 0
1360 | 0
1376 | 0
1392 | 0
1408 | 0
1424 | 0.0021875
1440 | 0.0233443
1456 | 0.0996016
1472 | 0.242036
1488 | 0.440827
1504 | 0.638752
1520 | 0.809163
1536 | 0.907164
1552 | 0.952034
1568 | 0.945681
1584 | 0.905473
1600 | 0.835119
1616 | 0.724862
1632 | 0.564975
1648 | 0.361602
1664 | 0.149594
1680 | 0.0137033
1696 | 0
1712 | 0.00557621
1728 | 0.0470994
1744 | 0.11771
1760 | 0.216494
1776 | 0.346442
1792 | 0.519494
1808 | 0.665477
1824 | 0.79941
1840 | 0.902238
1856 | 0.917449
1872 | 0.935092
1888 | 0.825718
1904 | 0.669546
1920 | 0.465355
1936 | 0.312641
1952 | 0.197458
1968 | 0.108159
1984 | 0.0448974
2000 | 0.00572492
2016 | 0
2032 | 0
2048 | 0
2064 | 0
2080 | 0
2096 | 0
2112 | 0
2128 | 0
2144 | 0
2160 | 0
2176 | 0
2192 | 0
2208 | 0
2224 | 0
2240 | 0
2256 | 0
2272 | 0
2288 | 0
2304 | 0
2320 | 0
2336 | 0.00558659
2352 | 0.0353973
2368 | 0.100973
2384 | 0.197324
2400 | 0.336229
2416 | 0.514736
2432 | 0.651568
2448 | 0.803963
2464 | 0.904794
2480 | 0.95172
2496 | 0.956934
2512 | 0.917593
2528 | 0.816526
2544 | 0.645558
2560 | 0.480411
2576 | 0.315138
2592 | 0.187579
2608 | 0.101112
2624 | 0.0398188
2640 | 0.0074149
2656 | 0
2672 | 0
2688 | 0
2704 | 0
2720 | 0
2736 | 0
2752 | 0
2768 | 0
2784 | 0
2800 | 0
2816 | 0
2832 | 0
2848 | 0
2864 | 0
2880 | 0
2896 | 0
2912 | 0
2928 | 0
2944 | 0
2960 | 0
2976 | 0
2992 | 0
3008 | 0
3024 | 0
3040 | 0
3056 | 0
3072 | 0
3088 | 0
3104 | 0
3120 | 0
3136 | 0
3152 | 0
3168 | 0
3184 | 0
3200 | 0
3216 | 0
3232 | 0
3248 | 0
3264 | 0
3280 | 0
3296 | 0
3312 | 0
3328 | 0
3344 | 0
3360 | 0
3376 | 0
3392 | 0
Valeur de l'integrale : 555.123
