0.44739
0.501099
0.606593
0.683517
0.740659
0.775824
0.78022
0.78022
0.78022
0.815385
0.854533
0.876511
0.931456
0.979808
0.964423
0.918681
0.872527
0.77967
0.731319
0.711538
0.718132
0.742308
0.78022
0.78022
0.767033
0.731868
0.663736
0.578022
0.472528
0.38022
0.30989
0.272527
0.252747
0.219227
0.159415
0.102969
0.0546909
0.0137725
0
0
0.395439
0.424834
0.424834
0.424834
0.423471
0
0
0.366831
0.392142
0.536332
0.71018
0.88792
0.563294
0.649511
0.662864
0.697744
0.766373
0.852777
0.957318
0.999727
0.973626
0.903297
0.8
0.694506
0.61978
0.564835
0.52967
0.527473
0.498901
0.452747
0.382418
0.281319
0.175824
0.0989011
0.0395604
0.0043956
0
0
0
0
0
0
0
0
0
0
0
0
0
0
0.026399
0.0745245
0.120105
0.161471
0.206921
0.242869
0.269493
0.306734
0.340046
0.367594
0.360305
0.282164
0.169869
0.0893112
0.0340349
0.00508259
0
0
0
0
0
0
0
0.213546
0.440358
0.673988
0.911372
1.04177
1.02198
1.01393
0.994244
0.979391
0.938362
0.863984
0.775687
0.717995
0.685714
0.681319
0.692308
0.652198
0.61978
0.571429
0.536264
0.505495
0.505495
0.505495
0.488777
0.447036
0.400653
0.3561
0.290854
0.222259
0.156755
0.104738
0.0453771
0.0126815
0
0
0
0
0
0
0.413534
0.433378
0.4469
0.480643
0.480811
0
0
0.478552
0.483262
0.509354
0.534707
0.558149
0
0
0
0
0
0
0
0
0
0
0
0
0
0
0
0
0
0
0
0
0
0
0
0
0
0
0
0
0
0
0
0
0
0
0
0
0
0
0
0
0
0
0
0