80 | 0
96 | 0
112 | 0
128 | 0
144 | 0
160 | 0
176 | 0
192 | 0
208 | 0
224 | 0
240 | 0
256 | 0
272 | 0
288 | 0
304 | 0
320 | 0
336 | 0
352 | 0
368 | 0
384 | 0
400 | 0
416 | 0
432 | 0
448 | 0
464 | 0
480 | 0
496 | 0
512 | 0
528 | 0
544 | 0
560 | 0
576 | 0
592 | 0
608 | 0
624 | 0
640 | 0
656 | 0.00594466
672 | 0.0350299
688 | 0.0842037
704 | 0.154912
720 | 0.268168
736 | 0.419435
752 | 0.552326
768 | 0.685216
784 | 0.815482
800 | 0.859454
816 | 0.878513
832 | 0.917167
848 | 0.908385
864 | 0.7896
880 | 0.629142
896 | 0.427563
912 | 0.274144
928 | 0.160384
944 | 0.0884691
960 | 0.0378947
976 | 0.00716846
992 | 0
1008 | 0
1024 | 0
1040 | 0
1056 | 0
1072 | 0
1088 | 0
1104 | 0
1120 | 0
1136 | 0
1152 | 0
1168 | 0
1184 | 0
1200 | 0
1216 | 0
1232 | 0
1248 | 0
1264 | 0
1280 | 0
1296 | 0
1312 | 0
1328 | 0
1344 | 0
1360 | 0
1376 | 0
1392 | 0
1408 | 0
1424 | 0.00175571
1440 | 0.0183718
1456 | 0.077613
1472 | 0.186583
1488 | 0.336916
1504 | 0.549867
1520 | 0.718892
1536 | 0.846164
1552 | 0.918241
1568 | 0.938668
1584 | 0.918034
1600 | 0.86541
1616 | 0.77823
1632 | 0.646138
1648 | 0.488631
1664 | 0.303726
1680 | 0.121883
1696 | 0.010688
1712 | 0.00455005
1728 | 0.0389549
1744 | 0.0985222
1760 | 0.178738
1776 | 0.282924
1792 | 0.443282
1808 | 0.588259
1824 | 0.723636
1840 | 0.836111
1856 | 0.914819
1872 | 0.912962
1888 | 0.845886
1904 | 0.735123
1920 | 0.584191
1936 | 0.395655
1952 | 0.255527
1968 | 0.162723
1984 | 0.0918296
2000 | 0.0377973
2016 | 0.00473765
2032 | 0
2048 | 0
2064 | 0
2080 | 0
2096 | 0
2112 | 0
2128 | 0
2144 | 0
2160 | 0
2176 | 0
2192 | 0
2208 | 0
2224 | 0
2240 | 0
2256 | 0
2272 | 0
2288 | 0
2304 | 0
2320 | 0
2336 | 0.00458181
2352 | 0.0284787
2368 | 0.0790787
2384 | 0.153439
2400 | 0.264657
2416 | 0.422727
2432 | 0.611584
2448 | 0.723689
2464 | 0.839342
2480 | 0.916823
2496 | 0.951421
2512 | 0.925639
2528 | 0.849106
2544 | 0.71894
2560 | 0.582365
2576 | 0.403532
2592 | 0.254042
2608 | 0.149544
2624 | 0.082311
2640 | 0.0332133
2656 | 0.00611224
2672 | 0
2688 | 0
2704 | 0
2720 | 0
2736 | 0
2752 | 0
2768 | 0
2784 | 0
2800 | 0
2816 | 0
2832 | 0
2848 | 0
2864 | 0
2880 | 0
2896 | 0
2912 | 0
2928 | 0
2944 | 0
2960 | 0
2976 | 0
2992 | 0
3008 | 0
3024 | 0
3040 | 0
3056 | 0
3072 | 0
3088 | 0
3104 | 0
3120 | 0
3136 | 0
3152 | 0
3168 | 0
3184 | 0
3200 | 0
3216 | 0
3232 | 0
3248 | 0
3264 | 0
3280 | 0
3296 | 0
3312 | 0
3328 | 0
3344 | 0
3360 | 0
3376 | 0
3392 | 0
Valeur de l'integrale : 557.78
