0
0
0
0
0
0
0
0
0
0
0.0414993
0.0851602
0.127696
0.167508
0.189596
0.201517
0.219048
0.215521
0.204615
0.165937
0.128148
0.103494
0.0850789
0.0629699
0.0316355
0
0
0
0
0
0
0
0
0
0
0
0
0
0
0
0
0
0
0
0
0
0
0
0
0.351393
0.363684
0.488262
0.619612
0.750854
0.852498
0.923099
0.556715
0.530504
0.418401
0.317124
0.200876
0.112922
0.0439869
0
0
0
0
0
0
0
0
0
0
0
0
0
0
0
0
0
0
0
0
0
0
0
0
0
0
0
0
0
0
0
0
0
0
0
0
0
0
0
0
0
0
0
0
0
0
0.281129
0.264474
0.251601
0.252051
0.257635
0.264169
0.271043
0
0
0
0
0
0
0
0
0.108099
0.215095
0.325194
0.455306
0.600616
0.758181
0.865167
0.86168
0.848483
0.782405
0.657656
0.52041
0.380529
0.267894
0.173987
0.0905061
0.0353713
0.00823904
0
0.0130599
0.0371391
0.0609089
0.0839305
0.178188
0.262985
0.331966
0.394381
0.387556
0.361357
0.335158
0.230048
0.139729
0.0649962
0
0
0
0
0
0
0
0
0
0
0.183161
0.189129
0.185958
0.183022
0.186161
0.189471
0.1906
0
0
0
0
0
0
0
0
0
0
0
0
0
0
0
0
0
0
0
0
0
0
0
0
0
0
0
0
0
0
0
0
0