0
0
0
0
0
0
0
0
0
0.0368247
0.0745984
0.110454
0.145302
0.166618
0.180117
0.198651
0.221086
0.216524
0.177354
0.142213
0.110249
0.0894157
0.0762411
0.0564121
0.0282824
0
0
0
0
0
0
0
0
0
0
0
0
0
0
0
0
0
0
0
0
0
0
0
0.320887
0.321205
0.416151
0.524974
0.634208
0.723584
0.799398
0.841174
0.483354
0.464226
0.369664
0.260974
0.167407
0.103004
0.0405347
0
0
0
0
0
0
0
0
0
0
0
0
0
0
0
0
0
0
0
0
0
0
0
0
0
0
0
0
0
0
0
0
0
0
0
0
0
0
0
0
0
0
0
0
0
0.255434
0.24161
0.229348
0.224051
0.224526
0.228976
0.234122
0.239505
0
0
0
0
0
0
0
0.0961538
0.191746
0.288929
0.394394
0.507284
0.631025
0.755982
0.839117
0.83403
0.799881
0.715399
0.587917
0.448302
0.322156
0.22357
0.146623
0.0759494
0.0304848
0.00728297
0.0117534
0.0331234
0.0536036
0.0740037
0.155119
0.231851
0.298005
0.353774
0.349635
0.333026
0.310513
0.288001
0.198383
0.120973
0.0566363
0
0
0
0
0
0
0
0
0
0.16054
0.164761
0.163811
0.159912
0.160063
0.162503
0.16502
0.165876
0
0
0
0
0
0
0
0
0
0
0
0
0
0
0
0
0
0
0
0
0
0
0
0
0
0
0
0
0
0
0
0