0
0
0
0
0
0
0
0
0.0334946
0.0670678
0.0984633
0.12826
0.147391
0.161073
0.180147
0.203113
0.221299
0.190119
0.154518
0.124424
0.0967874
0.0810867
0.0691149
0.0510967
0.0255721
0
0
0
0
0
0
0
0
0
0
0
0
0
0
0
0
0
0
0
0
0
0
0.295763
0.295524
0.37186
0.455415
0.548811
0.625933
0.694827
0.742329
0.740538
0.427716
0.41483
0.310213
0.221717
0.154315
0.0958722
0.0374055
0
0
0
0
0
0
0
0
0
0
0
0
0
0
0
0
0
0
0
0
0
0
0
0
0
0
0
0
0
0
0
0
0
0
0
0
0
0
0
0
0
0
0
0
0.238923
0.222384
0.211954
0.206232
0.202035
0.202444
0.206054
0.210212
0.214542
0
0
0
0
0
0
0.0865857
0.172988
0.260655
0.354076
0.444952
0.540394
0.639532
0.742828
0.817756
0.794512
0.740672
0.648282
0.516228
0.386662
0.274119
0.191831
0.125217
0.0663897
0.0272558
0.0171503
0.0302779
0.0485106
0.0661767
0.13861
0.204772
0.266243
0.321217
0.318348
0.307137
0.291948
0.272212
0.252477
0.17438
0.106918
0.0509884
0
0
0
0
0
0
0
0
0.145014
0.146226
0.145209
0.143257
0.142103
0.142256
0.144181
0.146159
0.147178
0
0
0
0
0
0
0
0
0
0
0
0
0
0
0
0
0
0
0
0
0
0
0
0
0
0
0
0
0
0
0