0
0
0
0
0
0
0
0
0
0
0
0
0
0
0
0
0.262132
0.328132
0.265992
0.245989
0.16143
0.123159
0.180361
0.233799
0.222813
0
0
0
0
0
0
0
0
0
0
0
0
0
0
0
0
0
0
0
0
0
0
0
0
0
0
0
0
0
0
3.27576
0
0.891552
0.797922
0.726272
0.571191
0.510501
0.335864
0
0
0
0
0
0
0
0
0
0
0
0
0
0
0
0
0
0
0
0
0
0
0
0
0
0
0
0
0
0
0
0
0
0
0
0
0
0
0
0
0
0
0
0
0
0
0
0
0
0
0
0
1.71875
0
0
0
0
0
0
0
0
0
0
0
0
0
0
0.726562
0.765795
0.891199
1.07095
1.01446
0.944444
0.735372
0.610998
0.609756
0.434451
0.23628
0.0792812
0
0
0
0
0
0
0
0.0831979
0.142857
0.16
0.16
0.719109
0.662577
0.576687
0.529141
0
0
0
0
0
0
0
0
0
0
0
0
0
0
0
0
1.67774
0
0
0
0
0
0
0
0
0
0
0
0
0
0
0
0
0
0
0
0
0
0
0
0
0
0
0
0
0
0
0
0
0
0
0
0
0
0
0