0
0
0
0
0
0
0
0.0310594
0.061581
0.0896521
0.115991
0.132112
0.144615
0.16322
0.186397
0.205364
0.196823
0.167465
0.136892
0.110642
0.0886167
0.0742241
0.0632131
0.0466967
0.0233334
0
0
0
0
0
0
0
0
0
0
0
0
0
0
0
0
0
0
0
0
0
0.270829
0.274082
0.344576
0.41145
0.483683
0.5514
0.612208
0.655785
0.662837
0.662317
0.385431
0.353029
0.267236
0.205943
0.144728
0.0892825
0.0325598
0
0
0
0
0
0
0
0
0
0
0
0
0
0
0
0
0
0
0
0
0
0
0
0
0
0
0
0
0
0
0
0
0
0
0
0
0
0
0
0
0
0
0
0.220106
0.209764
0.197013
0.192059
0.187432
0.183977
0.184316
0.187304
0.190734
0.194271
0
0
0
0
0
0.0787495
0.157574
0.237445
0.322052
0.402823
0.478446
0.554169
0.637311
0.731738
0.785099
0.744272
0.68
0.578042
0.452716
0.334171
0.238548
0.166187
0.110742
0.0599217
0.033969
0.0336794
0.0448101
0.0605692
0.125277
0.184904
0.237919
0.290086
0.29174
0.283703
0.273851
0.259891
0.242322
0.224754
0.155906
0.0971927
0.0463181
0
0
0
0
0
0
0
0.132354
0.133233
0.130618
0.128825
0.128797
0.127891
0.128015
0.129572
0.131445
0.133848
0
0
0
0
0
0
0
0
0
0
0
0
0
0
0
0
0
0
0
0
0
0
0
0
0
0
0
0
0
0