0
0
0
0
0
0
0.029189
0.0575023
0.0830893
0.106746
0.120816
0.131182
0.148229
0.170752
0.190252
0.184118
0.175316
0.149635
0.122928
0.102102
0.0817654
0.0684384
0.0582398
0.0429907
0.0214069
0
0
0
0
0
0
0
0
0
0
0
0
0
0
0
0
0
0
0
0
0.246902
0.252537
0.321494
0.383878
0.441436
0.492727
0.547054
0.585379
0.592964
0.599467
0.601738
0.33151
0.307255
0.249626
0.194238
0.13574
0.0788362
0.0288255
0
0
0
0
0
0
0
0
0
0
0
0
0
0
0
0
0
0
0
0
0
0
0
0
0
0
0
0
0
0
0
0
0
0
0
0
0
0
0
0
0
0
0.204036
0.195118
0.187043
0.179709
0.175652
0.171789
0.168883
0.169168
0.171682
0.174542
0.177071
0
0
0
0
0.0722139
0.144681
0.21803
0.295367
0.368852
0.435914
0.494648
0.558043
0.635318
0.708869
0.742011
0.691317
0.615024
0.513971
0.396928
0.294228
0.209061
0.148424
0.100755
0.0625158
0.0473225
0.0469514
0.0564143
0.115548
0.16855
0.216709
0.261751
0.26583
0.262377
0.255858
0.247074
0.234177
0.218347
0.202931
0.14287
0.0890069
0.0418918
0
0
0
0
0
0
0.120173
0.122471
0.120152
0.117209
0.117011
0.117011
0.116263
0.116366
0.117874
0.120708
0.123094
0
0
0
0
0
0
0
0
0
0
0
0
0
0
0
0
0
0
0
0
0
0
0
0
0
0
0
0
0