176 | 0
192 | 0
208 | 0
224 | 0
240 | 0.00243331
256 | 0.0151535
272 | 0.0369673
288 | 0.0678995
304 | 0.105525
320 | 0.149649
336 | 0.201278
352 | 0.260798
368 | 0.328371
384 | 0.407743
400 | 0.490884
416 | 0.571406
432 | 0.640405
448 | 0.710712
464 | 0.759489
480 | 0.79634
496 | 0.809648
512 | 0.793401
528 | 0.754733
544 | 0.70138
560 | 0.634701
576 | 0.550395
592 | 0.458829
608 | 0.359145
624 | 0.256583
640 | 0.151965
656 | 0.0794401
672 | 0.0325193
688 | 0.00927758
704 | 0.0011201
720 | 0
736 | 0
752 | 0
768 | 0
784 | 0
800 | 0
816 | 0
832 | 0
848 | 0
864 | 0
880 | 0
896 | 0
912 | 0
928 | 0
944 | 0
960 | 0
976 | 0.0015446
992 | 0.0140754
1008 | 0.0388084
1024 | 0.0841569
1040 | 0.151909
1056 | 0.233965
1072 | 0.349412
1088 | 0.449207
1104 | 0.509372
1120 | 0.570849
1136 | 0.628437
1152 | 0.644924
1168 | 0.642748
1184 | 0.615216
1200 | 0.562717
1216 | 0.494702
1232 | 0.421479
1248 | 0.321676
1264 | 0.21238
1280 | 0.147571
1296 | 0.0955158
1312 | 0.0566999
1328 | 0.0303205
1344 | 0.0129266
1360 | 0.0108948
1376 | 0.0277085
1392 | 0.0544011
1408 | 0.0986174
1424 | 0.168163
1440 | 0.232744
1456 | 0.300914
1472 | 0.382258
1488 | 0.478828
1504 | 0.572574
1520 | 0.663456
1536 | 0.74253
1552 | 0.805729
1568 | 0.847149
1584 | 0.864541
1600 | 0.858021
1616 | 0.83849
1632 | 0.806955
1648 | 0.750326
1664 | 0.664671
1680 | 0.564314
1696 | 0.458413
1712 | 0.342213
1728 | 0.236266
1744 | 0.139106
1760 | 0.0733977
1776 | 0.042228
1792 | 0.0253643
1808 | 0.0130688
1824 | 0.00253185
1840 | 0
1856 | 0
1872 | 0
1888 | 0
1904 | 0
1920 | 0
1936 | 0
1952 | 0.000859766
1968 | 0.00848917
1984 | 0.0276252
2000 | 0.0669607
2016 | 0.132063
2032 | 0.229384
2048 | 0.336352
2064 | 0.441067
2080 | 0.516908
2096 | 0.572338
2112 | 0.617337
2128 | 0.647817
2144 | 0.658987
2160 | 0.652018
2176 | 0.628964
2192 | 0.58058
2208 | 0.502863
2224 | 0.416596
2240 | 0.328773
2256 | 0.275542
2272 | 0.256997
2288 | 0.268944
2304 | 0.328057
2320 | 0.422787
2336 | 0.523267
2352 | 0.617019
2368 | 0.693948
2384 | 0.755585
2400 | 0.816292
2416 | 0.870488
2432 | 0.909873
2448 | 0.921801
2464 | 0.912704
2480 | 0.879594
2496 | 0.827367
2512 | 0.758017
2528 | 0.676237
2544 | 0.594892
2560 | 0.53472
2576 | 0.470071
2592 | 0.400241
2608 | 0.34434
2624 | 0.302847
2640 | 0.282364
2656 | 0.288254
2672 | 0.326392
2688 | 0.386891
2704 | 0.453947
2720 | 0.53606
2736 | 0.616093
2752 | 0.687464
2768 | 0.744226
2784 | 0.779889
2800 | 0.807554
2816 | 0.843116
2832 | 0.876489
2848 | 0.898916
2864 | 0.906694
2880 | 0.903625
2896 | 0.883521
2912 | 0.852773
2928 | 0.818319
2944 | 0.802695
2960 | 0.814021
2976 | 0.83276
2992 | 0.832995
3008 | 0.823601
3024 | 0.823121
3040 | 0.821093
3056 | 0.826215
3072 | 0.828771
3088 | 0.771346
3104 | 0.709176
3120 | 0.623314
3136 | 0.52245
3152 | 0.405744
3168 | 0.320251
3184 | 0.249427
3200 | 0.141505
3216 | 0.0947471
3232 | 0.0564017
3248 | 0.0285217
3264 | 0.0110043
3280 | 0.00139697
3296 | 0
3312 | 0
3328 | 0
3344 | 0
3360 | 0
3376 | 0
3392 | 0
3408 | 0
Valeur de l'integrale : 1223.29
