0
0
0
0
0.02608
0.0515182
0.0742263
0.0943536
0.105449
0.113124
0.126144
0.144596
0.162595
0.160033
0.155246
0.149747
0.143926
0.126158
0.106571
0.0885428
0.0708259
0.0592036
0.0502183
0.0365402
0.0179565
0
0
0
0
0
0
0
0
0
0
0
0
0
0
0
0
0
0
0.203885
0.211775
0.274945
0.335948
0.391146
0.428587
0.458842
0.481764
0.48696
0.492773
0.500519
0.48304
0.462535
0.27372
0.27386
0.223819
0.164976
0.109515
0.0638864
0.0234502
0
0
0
0
0
0
0
0
0
0
0
0
0
0
0
0
0
0
0
0
0
0
0
0
0
0
0
0
0
0
0
0
0
0
0
0
0
0
0
0
0.178063
0.171212
0.164962
0.161475
0.158191
0.152982
0.150044
0.147216
0.145077
0.145276
0.146819
0.146698
0.145211
0
0
0.0619026
0.124326
0.187387
0.253378
0.31567
0.371672
0.419072
0.462122
0.508026
0.553724
0.597398
0.636824
0.64349
0.57743
0.497782
0.410111
0.31573
0.236094
0.173413
0.130814
0.103676
0.0799581
0.0675649
0.106734
0.147243
0.185668
0.221874
0.223299
0.221308
0.220799
0.218411
0.213876
0.20666
0.195827
0.184985
0.173717
0.120866
0.0744258
0.0352788
0
0
0
0
0.101159
0.102954
0.102582
0.101438
0.100176
0.0990343
0.0989099
0.0989099
0.0985312
0.0996396
0.101905
0.104157
0.103482
0
0
0
0
0
0
0
0
0
0
0
0
0
0
0
0
0
0
0
0
0
0
0
0
0
0
0