224 | 0
240 | 0.00203923
256 | 0.0127493
272 | 0.0561208
288 | 0.106822
304 | 0.160554
320 | 0.21635
336 | 0.267305
352 | 0.319572
368 | 0.381206
384 | 0.458194
400 | 0.541239
416 | 0.612774
432 | 0.685959
448 | 0.75272
464 | 0.80966
480 | 0.843667
496 | 0.850732
512 | 0.82403
528 | 0.790078
544 | 0.748557
560 | 0.704243
576 | 0.649173
592 | 0.585439
608 | 0.509311
624 | 0.42725
640 | 0.356097
656 | 0.278438
672 | 0.200819
688 | 0.120957
704 | 0.0644438
720 | 0.0266949
736 | 0.00769152
752 | 0.000946273
768 | 0
784 | 0
800 | 0
816 | 0
832 | 0
848 | 0
864 | 0
880 | 0
896 | 0.187151
912 | 0.193342
928 | 0.252822
944 | 0.311766
960 | 0.366843
976 | 0.407773
992 | 0.446722
1008 | 0.479481
1024 | 0.510412
1040 | 0.566375
1056 | 0.636681
1072 | 0.722684
1088 | 0.804367
1104 | 0.866757
1120 | 0.737347
1136 | 0.770511
1152 | 0.718048
1168 | 0.665741
1184 | 0.612395
1200 | 0.563166
1216 | 0.511664
1232 | 0.468452
1248 | 0.43592
1264 | 0.390253
1280 | 0.331867
1296 | 0.248482
1312 | 0.16075
1328 | 0.112527
1344 | 0.073901
1360 | 0.050685
1376 | 0.0450301
1392 | 0.0517501
1408 | 0.0789813
1424 | 0.134176
1440 | 0.188308
1456 | 0.242167
1472 | 0.304382
1488 | 0.378622
1504 | 0.453259
1520 | 0.522411
1536 | 0.590308
1552 | 0.654347
1568 | 0.714711
1584 | 0.758881
1600 | 0.7861
1616 | 0.796691
1632 | 0.788634
1648 | 0.76036
1664 | 0.721437
1680 | 0.676682
1696 | 0.617017
1712 | 0.5386
1728 | 0.459119
1744 | 0.369278
1760 | 0.272816
1776 | 0.181662
1792 | 0.103383
1808 | 0.05226
1824 | 0.0292322
1840 | 0.0176101
1856 | 0.177002
1872 | 0.163166
1888 | 0.155768
1904 | 0.152655
1920 | 0.149717
1936 | 0.146902
1952 | 0.143124
1968 | 0.146867
1984 | 0.159497
2000 | 0.187503
2016 | 0.23645
2032 | 0.31043
2048 | 0.39164
2064 | 0.471756
2080 | 0.401801
2096 | 0.509327
2112 | 0.611554
2128 | 0.695931
2144 | 0.77121
2160 | 0.8372
2176 | 0.899112
2192 | 0.947406
2208 | 0.982547
2224 | 1.00881
2240 | 1.01448
2256 | 1.00078
2272 | 0.989978
2288 | 0.979856
2304 | 0.979523
2320 | 0.937463
2336 | 0.901092
2352 | 0.875203
2368 | 0.854835
2384 | 0.841152
2400 | 0.849603
2416 | 0.882022
2432 | 0.916312
2448 | 0.935227
2464 | 0.982046
2480 | 1.01209
2496 | 1.01729
2512 | 1.00514
2528 | 0.946025
2544 | 0.876868
2560 | 0.814692
2576 | 0.758278
2592 | 0.713534
2608 | 0.682968
2624 | 0.644093
2640 | 0.593001
2656 | 0.550373
2672 | 0.524343
2688 | 0.485807
2704 | 0.467154
2720 | 0.477071
2736 | 0.506601
2752 | 0.572577
2768 | 0.634693
2784 | 0.771941
2800 | 0.810879
2816 | 0.85456
2832 | 0.897226
2848 | 0.932877
2864 | 0.957251
2880 | 0.969564
2896 | 0.969958
2912 | 0.958769
2928 | 0.943746
2944 | 0.932417
2960 | 0.929533
2976 | 0.92839
2992 | 0.929325
3008 | 0.838058
3024 | 0.851604
3040 | 0.849648
3056 | 0.84027
3072 | 0.821782
3088 | 0.757933
3104 | 0.694083
3120 | 0.63101
3136 | 0.574811
3152 | 0.524056
3168 | 0.462896
3184 | 0.395062
3200 | 0.315889
3216 | 0.263193
3232 | 0.211689
3248 | 0.120233
3264 | 0.079944
3280 | 0.047743
3296 | 0.0242589
3312 | 0.00935512
3328 | 0.00118718
3344 | 0
3360 | 0
3376 | 0
3392 | 0
3408 | 0
Valeur de l'integrale : 1587.93
