224 | 0
240 | 0.00203923
256 | 0.0127493
272 | 0.0313596
288 | 0.0578392
304 | 0.0898262
320 | 0.126276
336 | 0.16704
352 | 0.212623
368 | 0.262646
384 | 0.322951
400 | 0.390062
416 | 0.463791
432 | 0.540441
448 | 0.611171
464 | 0.672648
480 | 0.708836
496 | 0.732495
512 | 0.724076
528 | 0.707046
544 | 0.682177
560 | 0.648881
576 | 0.602728
592 | 0.551628
608 | 0.492694
624 | 0.42725
640 | 0.356097
656 | 0.278438
672 | 0.200819
688 | 0.120957
704 | 0.0644438
720 | 0.0266949
736 | 0.00769152
752 | 0.000946273
768 | 0
784 | 0
800 | 0
816 | 0
832 | 0
848 | 0
864 | 0
880 | 0
896 | 0
912 | 0
928 | 0
944 | 0
960 | 0
976 | 0.00127429
992 | 0.0112056
1008 | 0.0298115
1024 | 0.0634374
1040 | 0.114507
1056 | 0.178246
1072 | 0.277844
1088 | 0.373388
1104 | 0.429949
1120 | 0.476616
1136 | 0.510467
1152 | 0.5151
1168 | 0.515654
1184 | 0.512528
1200 | 0.504805
1216 | 0.490166
1232 | 0.468452
1248 | 0.43592
1264 | 0.390253
1280 | 0.331867
1296 | 0.248482
1312 | 0.16075
1328 | 0.112527
1344 | 0.073901
1360 | 0.050685
1376 | 0.0450301
1392 | 0.0517501
1408 | 0.0789813
1424 | 0.134176
1440 | 0.188308
1456 | 0.242167
1472 | 0.304382
1488 | 0.378622
1504 | 0.453259
1520 | 0.522411
1536 | 0.590308
1552 | 0.654347
1568 | 0.714711
1584 | 0.758881
1600 | 0.7861
1616 | 0.796691
1632 | 0.788634
1648 | 0.76036
1664 | 0.721437
1680 | 0.676682
1696 | 0.617017
1712 | 0.5386
1728 | 0.459119
1744 | 0.369278
1760 | 0.272816
1776 | 0.181662
1792 | 0.103383
1808 | 0.05226
1824 | 0.0292322
1840 | 0.0176101
1856 | 0.00924203
1872 | 0.00181882
1888 | 0
1904 | 0
1920 | 0
1936 | 0
1952 | 0.000724938
1968 | 0.0070179
1984 | 0.0221073
2000 | 0.0519884
2016 | 0.101012
2032 | 0.175268
2048 | 0.257742
2064 | 0.339098
2080 | 0.401801
2096 | 0.452263
2112 | 0.495441
2128 | 0.520861
2144 | 0.534646
2160 | 0.542757
2176 | 0.552934
2192 | 0.557663
2208 | 0.553415
2224 | 0.538788
2240 | 0.510477
2256 | 0.465048
2272 | 0.422261
2288 | 0.386914
2304 | 0.387012
2320 | 0.412853
2336 | 0.449241
2352 | 0.505674
2368 | 0.566599
2384 | 0.622554
2400 | 0.684491
2416 | 0.749979
2432 | 0.807679
2448 | 0.848456
2464 | 0.868659
2480 | 0.868147
2496 | 0.841819
2512 | 0.797133
2528 | 0.738626
2544 | 0.671187
2560 | 0.610701
2576 | 0.55472
2592 | 0.512007
2608 | 0.485309
2624 | 0.452758
2640 | 0.409948
2656 | 0.377729
2672 | 0.364012
2688 | 0.374293
2704 | 0.398035
2720 | 0.444484
2736 | 0.506601
2752 | 0.572577
2768 | 0.634693
2784 | 0.678198
2800 | 0.715596
2816 | 0.759596
2832 | 0.803101
2848 | 0.83891
2864 | 0.864353
2880 | 0.877648
2896 | 0.878149
2912 | 0.866824
2928 | 0.851374
2944 | 0.838862
2960 | 0.834084
2976 | 0.832941
2992 | 0.831256
3008 | 0.838058
3024 | 0.851604
3040 | 0.849648
3056 | 0.84027
3072 | 0.821782
3088 | 0.757933
3104 | 0.694083
3120 | 0.63101
3136 | 0.574811
3152 | 0.524056
3168 | 0.462896
3184 | 0.395062
3200 | 0.315889
3216 | 0.263193
3232 | 0.211689
3248 | 0.120233
3264 | 0.079944
3280 | 0.047743
3296 | 0.0242589
3312 | 0.00935512
3328 | 0.00118718
3344 | 0
3360 | 0
3376 | 0
3392 | 0
3408 | 0
Valeur de l'integrale : 1233.09
