0
0
0
0.0247612
0.0489825
0.070728
0.0900737
0.100265
0.106949
0.11856
0.135243
0.151177
0.148983
0.145518
0.141549
0.137012
0.134831
0.118237
0.0999535
0.0830325
0.0663804
0.0553615
0.046445
0.0338117
0.0166173
0
0
0
0
0
0
0
0
0
0
0
0
0
0
0
0
0
0.187151
0.193342
0.252822
0.311766
0.366843
0.406499
0.435516
0.44967
0.446975
0.451868
0.458435
0.44484
0.430979
0.436808
0.260731
0.260044
0.202948
0.150087
0.0998675
0.0583604
0.021498
0
0
0
0
0
0
0
0
0
0
0
0
0
0
0
0
0
0
0
0
0
0
0
0
0
0
0
0
0
0
0
0
0
0
0
0
0
0
0
0.16776
0.161347
0.155768
0.152655
0.149717
0.146902
0.142399
0.139849
0.13739
0.135515
0.135438
0.135162
0.133898
0.132658
0
0.0570636
0.116113
0.17507
0.236564
0.294443
0.346178
0.389743
0.429132
0.470025
0.504002
0.53573
0.567717
0.592942
0.592511
0.52461
0.451851
0.369529
0.288236
0.218598
0.165112
0.132043
0.108633
0.0867715
0.113387
0.143943
0.175471
0.208004
0.207399
0.205681
0.203991
0.203558
0.201527
0.197659
0.191335
0.183053
0.172644
0.160331
0.111514
0.0691192
0.0325871
0
0
0
0.0937436
0.0952825
0.094964
0.0941252
0.0939674
0.0928987
0.0919158
0.0918086
0.0919447
0.0923723
0.093555
0.0954491
0.0954491
0.0980683
0
0
0
0
0
0
0
0
0
0
0
0
0
0
0
0
0
0
0
0
0
0
0
0
0
0