0
0
0.0235695
0.0466847
0.0675446
0.0862033
0.0961012
0.102117
0.112586
0.127762
0.142172
0.13934
0.136324
0.133417
0.130117
0.128745
0.126873
0.111258
0.0941097
0.0781627
0.0623567
0.0514745
0.0431991
0.0314624
0.015464
0
0
0
0
0
0
0
0
0
0
0
0
0
0
0
0
0.171441
0.17823
0.232036
0.288314
0.342389
0.383273
0.414879
0.428435
0.419216
0.417233
0.422826
0.411284
0.400308
0.408559
0.417156
0.248177
0.236995
0.185638
0.137664
0.0917923
0.0538232
0.0199841
0
0
0
0
0
0
0
0
0
0
0
0
0
0
0
0
0
0
0
0
0
0
0
0
0
0
0
0
0
0
0
0
0
0
0
0
0
0
0.159735
0.152841
0.14756
0.144748
0.142104
0.139566
0.137116
0.133185
0.130952
0.128785
0.126915
0.125456
0.124221
0.123153
0.125159
0.0529082
0.107685
0.164223
0.221826
0.275891
0.323956
0.364251
0.400568
0.438145
0.468217
0.490119
0.512141
0.53258
0.549386
0.543337
0.480643
0.410664
0.339456
0.268208
0.206805
0.162957
0.134377
0.112788
0.129071
0.148383
0.171093
0.197285
0.19523
0.192115
0.190639
0.189187
0.188814
0.187066
0.183996
0.179849
0.171727
0.160307
0.148685
0.104031
0.0641516
0.0300444
0
0
0.0873407
0.0886751
0.0883992
0.0876719
0.0876588
0.087535
0.0866068
0.085752
0.0857772
0.0865592
0.0871194
0.0880852
0.0880852
0.0908243
0.0935314
0
0
0
0
0
0
0
0
0
0
0
0
0
0
0
0
0
0
0
0
0
0
0
0
0