240 | 0.00193478
256 | 0.0121089
272 | 0.0534198
288 | 0.101811
304 | 0.153328
320 | 0.207053
336 | 0.256204
352 | 0.305133
368 | 0.361997
384 | 0.432848
400 | 0.509
416 | 0.573111
432 | 0.642619
448 | 0.709476
464 | 0.770157
480 | 0.812212
496 | 0.827586
512 | 0.817308
528 | 0.781629
544 | 0.74453
560 | 0.703183
576 | 0.654796
592 | 0.603805
608 | 0.544762
624 | 0.473963
640 | 0.397597
656 | 0.331841
672 | 0.261819
688 | 0.189797
704 | 0.113968
720 | 0.0610622
736 | 0.0254343
752 | 0.00736811
768 | 0.000911392
784 | 0
800 | 0
816 | 0
832 | 0
848 | 0
864 | 0
880 | 0
896 | 0.171441
912 | 0.17823
928 | 0.232036
944 | 0.288314
960 | 0.342389
976 | 0.384474
992 | 0.425554
1008 | 0.456839
1024 | 0.478714
1040 | 0.522963
1056 | 0.587227
1072 | 0.668169
1088 | 0.747123
1104 | 0.810702
1120 | 0.869044
1136 | 0.735349
1152 | 0.726626
1168 | 0.672995
1184 | 0.619266
1200 | 0.564663
1216 | 0.519383
1232 | 0.475631
1248 | 0.437776
1264 | 0.407672
1280 | 0.361362
1296 | 0.307431
1312 | 0.229959
1328 | 0.148462
1344 | 0.104307
1360 | 0.0745724
1376 | 0.0609655
1392 | 0.0613863
1408 | 0.0807592
1424 | 0.126347
1440 | 0.175477
1456 | 0.227161
1472 | 0.286877
1488 | 0.357451
1504 | 0.424435
1520 | 0.48884
1536 | 0.552491
1552 | 0.611544
1568 | 0.664395
1584 | 0.712812
1600 | 0.746255
1616 | 0.765641
1632 | 0.769879
1648 | 0.756401
1664 | 0.722395
1680 | 0.682777
1696 | 0.63943
1712 | 0.582035
1728 | 0.514027
1744 | 0.430034
1760 | 0.344942
1776 | 0.252771
1792 | 0.164541
1808 | 0.0924217
1824 | 0.0468594
1840 | 0.0263705
1856 | 0.175709
1872 | 0.161261
1888 | 0.149223
1904 | 0.144748
1920 | 0.142104
1936 | 0.139566
1952 | 0.137814
1968 | 0.139868
1984 | 0.152023
2000 | 0.178191
2016 | 0.221571
2032 | 0.288139
2048 | 0.363335
2064 | 0.437954
2080 | 0.497701
2096 | 0.472237
2112 | 0.567164
2128 | 0.652814
2144 | 0.723165
2160 | 0.784451
2176 | 0.84207
2192 | 0.891509
2208 | 0.932317
2224 | 0.97145
2240 | 0.993881
2256 | 0.995415
2272 | 0.987435
2288 | 0.978726
2304 | 0.975973
2320 | 0.977485
2336 | 0.939426
2352 | 0.906828
2368 | 0.878585
2384 | 0.853119
2400 | 0.854676
2416 | 0.874507
2432 | 0.9021
2448 | 0.926519
2464 | 0.968998
2480 | 0.994527
2496 | 1.00479
2512 | 0.994986
2528 | 0.944908
2544 | 0.882019
2560 | 0.82426
2576 | 0.772804
2592 | 0.726353
2608 | 0.690856
2624 | 0.668005
2640 | 0.633964
2656 | 0.591883
2672 | 0.561982
2688 | 0.544186
2704 | 0.508966
2720 | 0.501357
2736 | 0.515066
2752 | 0.541912
2768 | 0.597244
2784 | 0.729974
2800 | 0.771118
2816 | 0.817434
2832 | 0.862964
2848 | 0.901566
2864 | 0.929429
2880 | 0.94677
2896 | 0.952996
2912 | 0.947951
2928 | 0.936646
2944 | 0.933149
2960 | 0.932192
2976 | 0.931504
2992 | 0.929041
3008 | 0.928754
3024 | 0.84633
3040 | 0.853615
3056 | 0.850926
3072 | 0.833096
3088 | 0.768079
3104 | 0.702915
3120 | 0.638463
3136 | 0.579611
3152 | 0.528068
3168 | 0.482702
3184 | 0.431527
3200 | 0.374555
3216 | 0.3033
3232 | 0.250836
3248 | 0.201665
3264 | 0.114229
3280 | 0.0759955
3296 | 0.0455207
3312 | 0.0232505
3328 | 0.00894881
3344 | 0.00113279
3360 | 0
3376 | 0
3392 | 0
3408 | 0
Valeur de l'integrale : 1590.49
