0
0.0224871
0.0445928
0.0646354
0.0826519
0.0923069
0.0982061
0.107873
0.121814
0.134897
0.131654
0.128205
0.125647
0.123213
0.122638
0.121469
0.119809
0.105058
0.0889059
0.073718
0.0582482
0.0480974
0.0403772
0.0294183
0.0144604
0
0
0
0
0
0
0
0
0
0
0
0
0
0
0
0.156183
0.163925
0.21483
0.266034
0.318402
0.35965
0.392984
0.409513
0.4007
0.392944
0.392351
0.382393
0.372928
0.380893
0.391316
0.398066
0.227099
0.217699
0.171049
0.127153
0.0850872
0.0502668
0.0187484
0
0
0
0
0
0
0
0
0
0
0
0
0
0
0
0
0
0
0
0
0
0
0
0
0
0
0
0
0
0
0
0
0
0
0
0
0
0.153255
0.146152
0.140414
0.137634
0.135228
0.132927
0.130703
0.128553
0.125091
0.123111
0.120993
0.118109
0.115975
0.114919
0.116664
0.165981
0.100365
0.152992
0.208758
0.259521
0.304416
0.341888
0.375569
0.410344
0.437969
0.457002
0.470609
0.483372
0.497176
0.506853
0.501699
0.440514
0.37968
0.317311
0.253016
0.200915
0.162722
0.136352
0.151458
0.161507
0.17404
0.192231
0.185758
0.181628
0.178928
0.177648
0.176386
0.176062
0.174782
0.173658
0.169557
0.160286
0.149451
0.139279
0.0969641
0.0594149
0.0278698
0
0.0817566
0.0829247
0.0826834
0.0820468
0.0820352
0.0820352
0.0819268
0.0811132
0.0804672
0.0810714
0.0819301
0.0823572
0.0817762
0.0841317
0.0869196
0.0864495
0
0
0
0
0
0
0
0
0
0
0
0
0
0
0
0
0
0
0
0
0
0
0
0