256 | 0.0115297
272 | 0.0284795
288 | 0.0526559
304 | 0.0820884
320 | 0.115871
336 | 0.153781
352 | 0.195241
368 | 0.238971
384 | 0.290883
400 | 0.348059
416 | 0.409845
432 | 0.476143
448 | 0.542513
464 | 0.606081
480 | 0.65222
496 | 0.677124
512 | 0.677536
528 | 0.672208
544 | 0.650247
560 | 0.628474
576 | 0.598604
592 | 0.56374
608 | 0.523985
624 | 0.479951
640 | 0.428742
656 | 0.372291
672 | 0.313492
688 | 0.248533
704 | 0.179674
720 | 0.108346
736 | 0.0583527
752 | 0.0244307
768 | 0.00711372
784 | 0.000878306
800 | 0
816 | 0
832 | 0
848 | 0
864 | 0
880 | 0
896 | 0
912 | 0
928 | 0
944 | 0
960 | 0
976 | 0.00112743
992 | 0.0101113
1008 | 0.0271492
1024 | 0.0568698
1040 | 0.099575
1056 | 0.152552
1072 | 0.23884
1088 | 0.323094
1104 | 0.374912
1120 | 0.423896
1136 | 0.463054
1152 | 0.469186
1168 | 0.465223
1184 | 0.457251
1200 | 0.446517
1216 | 0.438329
1232 | 0.434798
1248 | 0.427474
1264 | 0.410941
1280 | 0.379075
1296 | 0.33606
1312 | 0.286327
1328 | 0.213784
1344 | 0.137848
1360 | 0.10287
1376 | 0.0829576
1392 | 0.0753466
1408 | 0.0879222
1424 | 0.124904
1440 | 0.165453
1456 | 0.21268
1472 | 0.270268
1488 | 0.338472
1504 | 0.402451
1520 | 0.459787
1536 | 0.519259
1552 | 0.574518
1568 | 0.623107
1584 | 0.664695
1600 | 0.702528
1616 | 0.728483
1632 | 0.741692
1648 | 0.740582
1664 | 0.721596
1680 | 0.686556
1696 | 0.64805
1712 | 0.606066
1728 | 0.558109
1744 | 0.484776
1760 | 0.404414
1776 | 0.322067
1792 | 0.230954
1808 | 0.148396
1824 | 0.0834296
1840 | 0.0424704
1856 | 0.0240192
1872 | 0.0146152
1888 | 0.00773551
1904 | 0.00155151
1920 | 0
1936 | 0
1952 | 0.000665399
1968 | 0.00645101
1984 | 0.0201283
2000 | 0.04723
2016 | 0.0902391
2032 | 0.153156
2048 | 0.223241
2064 | 0.293753
2080 | 0.347255
2096 | 0.390866
2112 | 0.428247
2128 | 0.455176
2144 | 0.471804
2160 | 0.478384
2176 | 0.486862
2192 | 0.495531
2208 | 0.504356
2224 | 0.513927
2240 | 0.521289
2256 | 0.520098
2272 | 0.512801
2288 | 0.493993
2304 | 0.478111
2320 | 0.467494
2336 | 0.474514
2352 | 0.500966
2368 | 0.527897
2384 | 0.558112
2400 | 0.61187
2416 | 0.676989
2432 | 0.731515
2448 | 0.776568
2464 | 0.807814
2480 | 0.820193
2496 | 0.814567
2512 | 0.791946
2528 | 0.752516
2544 | 0.702846
2560 | 0.653361
2576 | 0.606627
2592 | 0.565611
2608 | 0.528081
2624 | 0.501341
2640 | 0.483523
2656 | 0.461029
2672 | 0.439655
2688 | 0.428481
2704 | 0.423046
2720 | 0.441489
2736 | 0.476102
2752 | 0.520034
2768 | 0.567322
2784 | 0.606501
2800 | 0.648401
2816 | 0.697252
2832 | 0.74592
2848 | 0.787194
2864 | 0.818308
2880 | 0.83937
2896 | 0.851431
2912 | 0.852929
2928 | 0.846753
2944 | 0.84513
2960 | 0.850541
2976 | 0.852055
2992 | 0.847835
3008 | 0.841603
3024 | 0.843284
3040 | 0.848393
3056 | 0.854696
3072 | 0.844039
3088 | 0.782594
3104 | 0.716441
3120 | 0.650818
3136 | 0.590373
3152 | 0.535954
3168 | 0.489114
3184 | 0.45205
3200 | 0.410583
3216 | 0.360949
3232 | 0.289865
3248 | 0.239588
3264 | 0.192547
3280 | 0.108808
3296 | 0.0725706
3312 | 0.0436937
3328 | 0.0223287
3344 | 0.00857633
3360 | 0.00108316
3376 | 0
3392 | 0
3408 | 0
Valeur de l'integrale : 1238.78
