256 | 0.0115297
272 | 0.0509666
288 | 0.0972487
304 | 0.146724
320 | 0.198523
336 | 0.246088
352 | 0.293447
368 | 0.346844
384 | 0.412697
400 | 0.482956
416 | 0.541499
432 | 0.604348
448 | 0.66816
464 | 0.729294
480 | 0.774858
496 | 0.798593
512 | 0.797345
528 | 0.777266
544 | 0.739153
560 | 0.702192
576 | 0.656852
592 | 0.611838
608 | 0.564363
624 | 0.50937
640 | 0.443203
656 | 0.372291
672 | 0.313492
688 | 0.248533
704 | 0.179674
720 | 0.108346
736 | 0.0583527
752 | 0.0244307
768 | 0.00711372
784 | 0.000878306
800 | 0
816 | 0
832 | 0
848 | 0
864 | 0
880 | 0
896 | 0.156183
912 | 0.163925
928 | 0.21483
944 | 0.266034
960 | 0.318402
976 | 0.360777
992 | 0.403095
1008 | 0.436662
1024 | 0.45757
1040 | 0.492519
1056 | 0.544903
1072 | 0.621233
1088 | 0.696022
1104 | 0.755805
1120 | 0.815212
1136 | 0.86112
1152 | 0.696285
1168 | 0.682922
1184 | 0.6283
1200 | 0.57367
1216 | 0.523417
1232 | 0.485065
1248 | 0.446223
1264 | 0.410941
1280 | 0.379075
1296 | 0.33606
1312 | 0.286327
1328 | 0.213784
1344 | 0.137848
1360 | 0.10287
1376 | 0.0829576
1392 | 0.0753466
1408 | 0.0879222
1424 | 0.124904
1440 | 0.165453
1456 | 0.21268
1472 | 0.270268
1488 | 0.338472
1504 | 0.402451
1520 | 0.459787
1536 | 0.519259
1552 | 0.574518
1568 | 0.623107
1584 | 0.664695
1600 | 0.702528
1616 | 0.728483
1632 | 0.741692
1648 | 0.740582
1664 | 0.721596
1680 | 0.686556
1696 | 0.64805
1712 | 0.606066
1728 | 0.558109
1744 | 0.484776
1760 | 0.404414
1776 | 0.322067
1792 | 0.230954
1808 | 0.148396
1824 | 0.0834296
1840 | 0.0424704
1856 | 0.177274
1872 | 0.160767
1888 | 0.14815
1904 | 0.139186
1920 | 0.135228
1936 | 0.132927
1952 | 0.131368
1968 | 0.135004
1984 | 0.145219
2000 | 0.170341
2016 | 0.211232
2032 | 0.271265
2048 | 0.339216
2064 | 0.408672
2080 | 0.463919
2096 | 0.556847
2112 | 0.528612
2128 | 0.608168
2144 | 0.680562
2160 | 0.737905
2176 | 0.791278
2192 | 0.837419
2208 | 0.879925
2224 | 0.924271
2240 | 0.959258
2256 | 0.9771
2272 | 0.98341
2288 | 0.977365
2304 | 0.975287
2320 | 0.974347
2336 | 0.976213
2352 | 0.94148
2368 | 0.907577
2384 | 0.875423
2400 | 0.864886
2416 | 0.877904
2432 | 0.894237
2448 | 0.91292
2464 | 0.959272
2480 | 0.9817
2496 | 0.988607
2512 | 0.984177
2528 | 0.938274
2544 | 0.884474
2560 | 0.832289
2576 | 0.784275
2592 | 0.741997
2608 | 0.704143
2624 | 0.676123
2640 | 0.657181
2656 | 0.630586
2672 | 0.599941
2688 | 0.577932
2704 | 0.562325
2720 | 0.538453
2736 | 0.535517
2752 | 0.547904
2768 | 0.567322
2784 | 0.688258
2800 | 0.731326
2816 | 0.779935
2832 | 0.827967
2848 | 0.869229
2864 | 0.900343
2880 | 0.921297
2896 | 0.932544
2912 | 0.933396
2928 | 0.927824
2944 | 0.92706
2960 | 0.932899
2976 | 0.933832
2992 | 0.931967
3008 | 0.928523
3024 | 0.929733
3040 | 0.848393
3056 | 0.854696
3072 | 0.844039
3088 | 0.782594
3104 | 0.716441
3120 | 0.650818
3136 | 0.590373
3152 | 0.535954
3168 | 0.489114
3184 | 0.45205
3200 | 0.410583
3216 | 0.360949
3232 | 0.289865
3248 | 0.239588
3264 | 0.192547
3280 | 0.108808
3296 | 0.0725706
3312 | 0.0436937
3328 | 0.0223287
3344 | 0.00857633
3360 | 0.00108316
3376 | 0
3392 | 0
3408 | 0
Valeur de l'integrale : 1592.76
