0.0214999
0.0426804
0.0619665
0.0793815
0.0888008
0.0946193
0.104035
0.117088
0.129068
0.125393
0.12167
0.118718
0.116557
0.116486
0.116019
0.114979
0.113491
0.0995061
0.0841238
0.0691427
0.0546477
0.0451362
0.0379014
0.0276237
0.0135962
0
0
0
0
0
0
0
0
0
0
0
0
0
0
0.143173
0.149921
0.198404
0.24741
0.295366
0.336232
0.370506
0.389296
0.384101
0.376632
0.370798
0.357294
0.349018
0.356022
0.365864
0.37447
0.365794
0.20932
0.201309
0.158601
0.118347
0.0797836
0.0473395
0.0176596
0
0
0
0
0
0
0
0
0
0
0
0
0
0
0
0
0
0
0
0
0
0
0
0
0
0
0
0
0
0
0
0
0
0
0
0
0.147197
0.140708
0.134748
0.131397
0.128999
0.126892
0.124864
0.1229
0.120996
0.117917
0.115973
0.112964
0.109669
0.107826
0.109248
0.155431
0.203369
0.143156
0.195136
0.244918
0.28708
0.322113
0.353508
0.385861
0.41142
0.428818
0.440224
0.446205
0.454028
0.462084
0.470432
0.463123
0.409877
0.356607
0.299172
0.243399
0.197806
0.162521
0.171868
0.18117
0.185302
0.19411
0.181453
0.173402
0.169798
0.167436
0.166314
0.165208
0.165139
0.165427
0.164323
0.159057
0.15012
0.140599
0.130325
0.0901697
0.0553296
0.0261146
0.0776839
0.0778746
0.0776618
0.0770999
0.0770897
0.0770897
0.0770897
0.076994
0.0763689
0.076312
0.0769969
0.0777046
0.0768162
0.0783578
0.0807706
0.0807706
0.0839505
0
0
0
0
0
0
0
0
0
0
0
0
0
0
0
0
0
0
0
0
0
0
0