0.0409253
0.0595092
0.07636
0.0855513
0.0912853
0.100495
0.113216
0.124408
0.120341
0.116303
0.113093
0.110571
0.11052
0.110498
0.110084
0.109148
0.107799
0.0943789
0.0791687
0.0651023
0.0514663
0.0425185
0.0357117
0.0260663
0.0129321
0
0
0
0
0
0
0
0
0
0
0
0
0
0.132164
0.137893
0.182193
0.229473
0.275919
0.313505
0.348011
0.368389
0.366261
0.36193
0.356238
0.339332
0.327988
0.334167
0.342857
0.351096
0.345773
0.338363
0.194123
0.187231
0.148098
0.11133
0.0753862
0.0447413
0.0165413
0
0
0
0
0
0
0
0
0
0
0
0
0
0
0
0
0
0
0
0
0
0
0
0
0
0
0
0
0
0
0
0
0
0
0
0.139985
0.135585
0.130107
0.126422
0.123504
0.121391
0.119524
0.117723
0.115975
0.114271
0.111352
0.108575
0.105219
0.102354
0.102819
0.146141
0.1912
0.238338
0.183131
0.22961
0.271541
0.304481
0.333894
0.364134
0.387906
0.403935
0.414209
0.418798
0.421083
0.424583
0.43162
0.436351
0.433296
0.386807
0.336768
0.286232
0.237369
0.195136
0.195047
0.199197
0.202899
0.203941
0.183666
0.16984
0.162587
0.159414
0.157331
0.15634
0.155553
0.156763
0.156934
0.154728
0.149638
0.141761
0.132101
0.12165
0.0842651
0.0520089
0.0989816
0.0741707
0.0732152
0.0727156
0.0727066
0.0727066
0.0727066
0.0727066
0.0727066
0.0726163
0.0726911
0.0732533
0.0727531
0.0737922
0.0754341
0.0754341
0.078585
0.0820122
0
0
0
0
0
0
0
0
0
0
0
0
0
0
0
0
0
0
0
0
0
0