288 | 0.0892504
304 | 0.135087
320 | 0.18341
336 | 0.228078
352 | 0.272767
368 | 0.323122
384 | 0.383569
400 | 0.445402
416 | 0.494967
432 | 0.548241
448 | 0.6014
464 | 0.654463
480 | 0.698292
496 | 0.727521
512 | 0.739341
528 | 0.737021
544 | 0.723041
560 | 0.698932
576 | 0.658199
592 | 0.620124
608 | 0.580374
624 | 0.540869
640 | 0.499151
656 | 0.45133
672 | 0.396362
688 | 0.33732
704 | 0.284899
720 | 0.226168
736 | 0.164793
752 | 0.100168
768 | 0.0544624
784 | 0.0228784
800 | 0.0065703
816 | 0.000791766
832 | 0
848 | 0
864 | 0
880 | 0
896 | 0.132164
912 | 0.137893
928 | 0.182193
944 | 0.229473
960 | 0.275919
976 | 0.314488
992 | 0.356965
1008 | 0.392812
1024 | 0.418243
1040 | 0.453646
1056 | 0.494749
1072 | 0.551277
1088 | 0.612147
1104 | 0.663086
1120 | 0.71426
1136 | 0.759512
1152 | 0.769101
1168 | 0.766856
1184 | 0.616534
1200 | 0.59619
1216 | 0.545496
1232 | 0.502282
1248 | 0.46374
1264 | 0.431745
1280 | 0.393691
1296 | 0.359234
1312 | 0.33172
1328 | 0.29447
1344 | 0.250721
1360 | 0.192243
1376 | 0.138492
1392 | 0.120141
1408 | 0.117948
1424 | 0.137359
1440 | 0.163324
1456 | 0.195377
1472 | 0.240687
1488 | 0.302455
1504 | 0.363404
1520 | 0.417136
1536 | 0.467824
1552 | 0.512985
1568 | 0.555163
1584 | 0.590244
1600 | 0.618469
1616 | 0.643621
1632 | 0.6689
1648 | 0.684053
1664 | 0.686269
1680 | 0.678023
1696 | 0.658251
1712 | 0.624584
1728 | 0.594913
1744 | 0.555194
1760 | 0.503376
1776 | 0.433518
1792 | 0.352657
1808 | 0.272089
1824 | 0.192315
1840 | 0.123717
1856 | 0.209825
1872 | 0.171355
1888 | 0.150498
1904 | 0.139064
1920 | 0.130308
1936 | 0.122759
1952 | 0.120132
1968 | 0.123631
1984 | 0.134636
2000 | 0.15811
2016 | 0.1944
2032 | 0.249368
2048 | 0.307756
2064 | 0.36399
2080 | 0.408865
2096 | 0.490288
2112 | 0.568196
2128 | 0.638519
2144 | 0.597016
2160 | 0.652858
2176 | 0.705825
2192 | 0.745795
2208 | 0.782865
2224 | 0.826003
2240 | 0.867939
2256 | 0.903468
2272 | 0.93662
2288 | 0.958969
2304 | 0.971658
2320 | 0.973053
2336 | 0.972998
2352 | 0.972702
2368 | 0.971507
2384 | 0.933589
2400 | 0.909659
2416 | 0.90318
2432 | 0.903109
2448 | 0.906802
2464 | 0.936422
2480 | 0.958017
2496 | 0.967792
2512 | 0.959366
2528 | 0.918923
2544 | 0.87578
2560 | 0.835893
2576 | 0.800454
2592 | 0.765324
2608 | 0.733086
2624 | 0.70534
2640 | 0.678543
2656 | 0.660734
2672 | 0.656267
2688 | 0.645261
2704 | 0.624635
2720 | 0.614078
2736 | 0.611909
2752 | 0.594497
2768 | 0.586922
2784 | 0.65521
2800 | 0.659779
2816 | 0.704079
2832 | 0.756264
2848 | 0.80194
2864 | 0.838613
2880 | 0.866189
2896 | 0.884668
2912 | 0.894049
2928 | 0.898724
2944 | 0.907715
2960 | 0.919711
2976 | 0.928918
2992 | 0.934683
3008 | 0.933525
3024 | 0.93205
3040 | 0.929039
3056 | 0.92851
3072 | 0.843518
3088 | 0.803804
3104 | 0.750325
3120 | 0.686288
3136 | 0.623381
3152 | 0.565613
3168 | 0.513775
3184 | 0.471311
3200 | 0.440208
3216 | 0.417596
3232 | 0.381499
3248 | 0.332825
3264 | 0.266275
3280 | 0.21989
3296 | 0.17694
3312 | 0.100184
3328 | 0.0671522
3344 | 0.0404676
3360 | 0.0206883
3376 | 0.00791724
3392 | 0.000995906
3408 | 0
Valeur de l'integrale : 1595.36
