0.0572394
0.0735601
0.0825312
0.0881782
0.097189
0.109629
0.12057
0.116279
0.111944
0.108441
0.105675
0.105123
0.105115
0.105102
0.104726
0.103873
0.102514
0.0890401
0.0747649
0.0615079
0.048635
0.0401878
0.0337993
0.0248619
0.0123901
0
0
0
0
0
0
0
0
0
0
0
0
0.122727
0.127652
0.168163
0.211619
0.257024
0.294137
0.325977
0.347312
0.347696
0.346047
0.343058
0.327098
0.31279
0.314839
0.322542
0.329856
0.325749
0.321161
0.314759
0.181
0.175285
0.13968
0.105477
0.0714587
0.0420543
0.0155404
0
0
0
0
0
0
0
0
0
0
0
0
0
0
0
0
0
0
0
0
0
0
0
0
0
0
0
0
0
0
0
0
0
0
0.131948
0.129442
0.125714
0.122328
0.119099
0.116513
0.114631
0.112964
0.111354
0.109783
0.108095
0.104515
0.101401
0.0984675
0.0978317
0.138027
0.180405
0.22476
0.272133
0.216043
0.255175
0.288607
0.316324
0.344724
0.366934
0.381781
0.391122
0.395186
0.39659
0.395636
0.398724
0.402758
0.409773
0.410617
0.366293
0.321657
0.277545
0.232152
0.224551
0.220072
0.219112
0.219888
0.193393
0.172356
0.159624
0.153042
0.150228
0.148376
0.147667
0.148099
0.149116
0.14816
0.146059
0.14183
0.133677
0.123801
0.114058
0.0794351
0.120502
0.0947073
0.069932
0.0688032
0.0687951
0.0687951
0.0687951
0.0687951
0.0688715
0.0692972
0.0693301
0.0693454
0.0688367
0.0700349
0.0711937
0.0707591
0.0735244
0.0768841
0.0799937
0
0
0
0
0
0
0
0
0
0
0
0
0
0
0
0
0
0
0
0
0