0
0
0
0
0
0
0
0
0
0
0
0
0
0
0
0.150549
0.291961
0.293812
0.2556
0.20371
0.142308
0.151495
0.208025
0.228261
0.110869
0
0
0
0
0
0
0
0
0
0
0
0
0
0
0
0
0
0
0
0
0
0
0
0
0
0
0
0
0
1.4413
1.74603
0.473885
0.841402
0.759864
0.64488
0.54043
0.427572
0.170136
0
0
0
0
0
0
0
0
0
0
0
0
0
0
0
0
0
0
0
0
0
0
0
0
0
0
0
0
0
0
0
0
0
0
0
0
0
0
0
0
0
0
0
0
0
0
0
0
0
0
0
0.859375
0.859375
0
0
0
0
0
0
0
0
0
0
0
0
0
0.409043
0.745974
0.823752
0.972842
1.04333
0.981656
0.839715
0.672106
0.610376
0.522104
0.335366
0.159326
0.036846
0
0
0
0
0
0
0.0468264
0.115298
0.150943
0.16
0.415606
0.691307
0.619632
0.552914
0.263761
0
0
0
0
0
0
0
0
0
0
0
0
0
0
0
0.709554
0.829347
0
0
0
0
0
0
0
0
0
0
0
0
0
0
0
0
0
0
0
0
0
0
0
0
0
0
0
0
0
0
0
0
0
0
0
0
0
0