0.0709583
0.0797171
0.0852757
0.0940932
0.106261
0.116998
0.11292
0.108421
0.104642
0.101603
0.100688
0.100221
0.10022
0.100207
0.0998611
0.0989571
0.0969809
0.084273
0.0708252
0.0582897
0.0460989
0.0381401
0.0323123
0.0238739
0.011879
0
0
0
0
0
0
0
0
0
0
0
0.114548
0.118826
0.156139
0.196044
0.238054
0.275158
0.30704
0.326513
0.328859
0.329429
0.328755
0.315952
0.302365
0.300809
0.3045
0.31101
0.307384
0.303815
0.29982
0.294259
0.169812
0.165666
0.132625
0.100224
0.0673724
0.0396335
0.0146529
0
0
0
0
0
0
0
0
0
0
0
0
0
0
0
0
0
0
0
0
0
0
0
0
0
0
0
0
0
0
0
0
0
0.124033
0.122541
0.120416
0.118437
0.115459
0.112585
0.110271
0.108584
0.107087
0.105633
0.10407
0.101641
0.0978508
0.0951162
0.0942749
0.131692
0.170912
0.212646
0.257225
0.299881
0.240606
0.271816
0.300437
0.32726
0.348114
0.361931
0.370473
0.374117
0.375353
0.373938
0.37309
0.373968
0.380009
0.389432
0.389947
0.349992
0.31114
0.269976
0.25832
0.24712
0.23819
0.234648
0.208941
0.181919
0.162359
0.150567
0.144555
0.142042
0.140542
0.140934
0.141256
0.141172
0.140192
0.138827
0.134223
0.125724
0.116483
0.10781
0.14387
0.115523
0.0895259
0.0658958
0.0652829
0.0652829
0.0652829
0.0652829
0.0653518
0.0658047
0.0662983
0.0662801
0.0653747
0.0663984
0.0676901
0.067015
0.0690761
0.0720334
0.0751074
0.0752843
0
0
0
0
0
0
0
0
0
0
0
0
0
0
0
0
0
0
0
0