320 | 0.170436
336 | 0.212524
352 | 0.25481
368 | 0.302538
384 | 0.360006
400 | 0.418874
416 | 0.464445
432 | 0.511087
448 | 0.556461
464 | 0.601382
480 | 0.636174
496 | 0.659857
512 | 0.673093
528 | 0.677611
544 | 0.675894
560 | 0.668829
576 | 0.650481
592 | 0.624092
608 | 0.588832
624 | 0.555232
640 | 0.519847
656 | 0.485173
672 | 0.451638
688 | 0.413369
704 | 0.364083
720 | 0.31047
736 | 0.26423
752 | 0.211282
768 | 0.155086
784 | 0.0944644
800 | 0.0507381
816 | 0.0208612
832 | 0.00592651
848 | 0.000713946
864 | 0
880 | 0
896 | 0.114548
912 | 0.118826
928 | 0.156139
944 | 0.196044
960 | 0.238054
976 | 0.276021
992 | 0.31494
1008 | 0.34816
1024 | 0.375533
1040 | 0.412909
1056 | 0.45658
1072 | 0.513293
1088 | 0.564325
1104 | 0.596894
1120 | 0.634352
1136 | 0.672795
1152 | 0.683713
1168 | 0.688557
1184 | 0.686432
1200 | 0.675139
1216 | 0.540723
1232 | 0.527521
1248 | 0.488504
1264 | 0.452175
1280 | 0.414444
1296 | 0.382456
1312 | 0.348746
1328 | 0.318478
1344 | 0.293654
1360 | 0.265854
1376 | 0.239198
1392 | 0.198773
1408 | 0.165872
1424 | 0.173931
1440 | 0.183979
1456 | 0.199244
1472 | 0.230969
1488 | 0.277893
1504 | 0.328048
1520 | 0.377784
1536 | 0.427258
1552 | 0.470044
1568 | 0.504874
1584 | 0.53169
1600 | 0.555046
1616 | 0.57533
1632 | 0.593457
1648 | 0.609981
1664 | 0.625115
1680 | 0.632587
1696 | 0.632395
1712 | 0.624101
1728 | 0.611144
1744 | 0.578717
1760 | 0.544103
1776 | 0.505037
1792 | 0.449125
1808 | 0.376344
1824 | 0.302042
1840 | 0.232744
1856 | 0.288591
1872 | 0.228617
1888 | 0.180493
1904 | 0.149683
1920 | 0.133555
1936 | 0.123843
1952 | 0.116907
1968 | 0.115257
1984 | 0.124318
2000 | 0.146158
2016 | 0.181687
2032 | 0.233442
2048 | 0.286205
2064 | 0.338251
2080 | 0.374889
2096 | 0.441812
2112 | 0.507906
2128 | 0.569689
2144 | 0.625762
2160 | 0.675901
2176 | 0.625415
2192 | 0.665784
2208 | 0.70442
2224 | 0.742358
2240 | 0.779441
2256 | 0.81489
2272 | 0.854656
2288 | 0.893252
2304 | 0.930535
2320 | 0.957142
2336 | 0.970093
2352 | 0.971798
2368 | 0.969255
2384 | 0.962386
2400 | 0.966147
2416 | 0.950167
2432 | 0.937873
2448 | 0.926273
2464 | 0.940859
2480 | 0.949165
2496 | 0.946623
2512 | 0.939744
2528 | 0.905378
2544 | 0.861558
2560 | 0.82595
2576 | 0.798812
2592 | 0.773965
2608 | 0.752183
2624 | 0.729716
2640 | 0.707219
2656 | 0.688804
2672 | 0.675585
2688 | 0.670845
2704 | 0.672436
2720 | 0.670401
2736 | 0.661902
2752 | 0.655731
2768 | 0.650136
2784 | 0.68811
2800 | 0.669791
2816 | 0.672835
2832 | 0.69036
2848 | 0.732056
2864 | 0.773153
2880 | 0.806082
2896 | 0.830842
2912 | 0.847273
2928 | 0.858565
2944 | 0.874095
2960 | 0.893923
2976 | 0.911332
2992 | 0.922551
3008 | 0.928985
3024 | 0.934508
3040 | 0.933557
3056 | 0.930871
3072 | 0.921112
3088 | 0.876182
3104 | 0.759793
3120 | 0.717019
3136 | 0.664721
3152 | 0.606851
3168 | 0.551875
3184 | 0.505374
3200 | 0.468481
3216 | 0.439482
3232 | 0.412392
3248 | 0.388612
3264 | 0.354495
3280 | 0.308793
3296 | 0.246691
3312 | 0.204649
3328 | 0.165224
3344 | 0.0932381
3360 | 0.0625015
3376 | 0.0376851
3392 | 0.0192724
3408 | 0.00734934
Valeur de l'integrale : 1594.99
