320 | 0.0994777
336 | 0.132807
352 | 0.169534
368 | 0.208445
384 | 0.253745
400 | 0.301876
416 | 0.351525
432 | 0.402666
448 | 0.451819
464 | 0.499779
480 | 0.535486
496 | 0.559636
512 | 0.572873
528 | 0.577404
544 | 0.576033
560 | 0.569872
576 | 0.5535
592 | 0.539819
608 | 0.518007
624 | 0.496942
640 | 0.473749
656 | 0.447033
672 | 0.419325
688 | 0.389495
704 | 0.352204
720 | 0.31047
736 | 0.26423
752 | 0.211282
768 | 0.155086
784 | 0.0944644
800 | 0.0507381
816 | 0.0208612
832 | 0.00592651
848 | 0.000713946
864 | 0
880 | 0
896 | 0
912 | 0
928 | 0
944 | 0
960 | 0
976 | 0.000862565
992 | 0.0079
1008 | 0.0216466
1024 | 0.0466736
1040 | 0.0834797
1056 | 0.127825
1072 | 0.197341
1088 | 0.26196
1104 | 0.296085
1120 | 0.329852
1136 | 0.361785
1152 | 0.376329
1168 | 0.384742
1184 | 0.386612
1200 | 0.38088
1216 | 0.370911
1232 | 0.361855
1248 | 0.355879
1264 | 0.351951
1280 | 0.347071
1296 | 0.342822
1312 | 0.334093
1328 | 0.318478
1344 | 0.293654
1360 | 0.265854
1376 | 0.239198
1392 | 0.198773
1408 | 0.165872
1424 | 0.173931
1440 | 0.183979
1456 | 0.199244
1472 | 0.230969
1488 | 0.277893
1504 | 0.328048
1520 | 0.377784
1536 | 0.427258
1552 | 0.470044
1568 | 0.504874
1584 | 0.53169
1600 | 0.555046
1616 | 0.57533
1632 | 0.593457
1648 | 0.609981
1664 | 0.625115
1680 | 0.632587
1696 | 0.632395
1712 | 0.624101
1728 | 0.611144
1744 | 0.578717
1760 | 0.544103
1776 | 0.505037
1792 | 0.449125
1808 | 0.376344
1824 | 0.302042
1840 | 0.232744
1856 | 0.164558
1872 | 0.106076
1888 | 0.0600766
1904 | 0.031246
1920 | 0.0180956
1936 | 0.0112585
1952 | 0.00663633
1968 | 0.00667298
1984 | 0.0172313
2000 | 0.0405247
2016 | 0.0776174
2032 | 0.131801
2048 | 0.188354
2064 | 0.243134
2080 | 0.280614
2096 | 0.31012
2112 | 0.336994
2128 | 0.357043
2144 | 0.368537
2160 | 0.37602
2176 | 0.384809
2192 | 0.393968
2208 | 0.403983
2224 | 0.415098
2240 | 0.431327
2256 | 0.452959
2272 | 0.484183
2288 | 0.519135
2304 | 0.555182
2320 | 0.583204
2336 | 0.597003
2352 | 0.59783
2368 | 0.589246
2384 | 0.572954
2400 | 0.5762
2416 | 0.600175
2432 | 0.626733
2448 | 0.656297
2464 | 0.682539
2480 | 0.702045
2496 | 0.708433
2512 | 0.705096
2528 | 0.696437
2544 | 0.679639
2560 | 0.663591
2576 | 0.648245
2592 | 0.62941
2608 | 0.610142
2624 | 0.589174
2640 | 0.566285
2656 | 0.547548
2672 | 0.534413
2688 | 0.530653
2704 | 0.533608
2720 | 0.536178
2736 | 0.536178
2752 | 0.539248
2768 | 0.542326
2784 | 0.54424
2800 | 0.554268
2816 | 0.583309
2832 | 0.624465
2848 | 0.666773
2864 | 0.70787
2880 | 0.740799
2896 | 0.765559
2912 | 0.781921
2928 | 0.79276
2944 | 0.807796
2960 | 0.827643
2976 | 0.845957
2992 | 0.856153
3008 | 0.861295
3024 | 0.867493
3040 | 0.864481
3056 | 0.858838
3072 | 0.846004
3088 | 0.800898
3104 | 0.759793
3120 | 0.717019
3136 | 0.664721
3152 | 0.606851
3168 | 0.551875
3184 | 0.505374
3200 | 0.468481
3216 | 0.439482
3232 | 0.412392
3248 | 0.388612
3264 | 0.354495
3280 | 0.308793
3296 | 0.246691
3312 | 0.204649
3328 | 0.165224
3344 | 0.0932381
3360 | 0.0625015
3376 | 0.0376851
3392 | 0.0192724
3408 | 0.00734934
Valeur de l'integrale : 1245.5
