0
0
0
0
0
0
0
0
0
0
0
0
0
0
0.102443
0.207623
0.282665
0.275931
0.223403
0.176884
0.15483
0.180064
0.213124
0.151268
0.0711932
0
0
0
0
0
0
0
0
0
0
0
0
0
0
0
0
0
0
0
0
0
0
0
0
0
0
0
0
0.884813
1.04029
1.45009
0.597039
0.797922
0.6901
0.597792
0.476137
0.292343
0.114407
0
0
0
0
0
0
0
0
0
0
0
0
0
0
0
0
0
0
0
0
0
0
0
0
0
0
0
0
0
0
0
0
0
0
0
0
0
0
0
0
0
0
0
0
0
0
0
0
0
0
0.572917
0.572917
0.573813
0
0
0
0
0
0
0
0
0
0
0
0
0.250863
0.535836
0.789299
0.892414
0.985448
1.01355
0.902883
0.761607
0.651055
0.551695
0.426829
0.252231
0.101838
0.0228033
0
0
0
0
0
0.0310153
0.0848525
0.129804
0.153846
0.325673
0.491356
0.65352
0.589468
0.367857
0.163662
0
0
0
0
0
0
0
0
0
0
0
0
0
0
0.4376
0.49528
0.494322
0
0
0
0
0
0
0
0
0
0
0
0
0
0
0
0
0
0
0
0
0
0
0
0
0
0
0
0
0
0
0
0
0
0
0
0
0