0
0
0
0
0
0
0
0
0
0
0
0
0
0.0755617
0.157449
0.224195
0.272431
0.24477
0.197887
0.17774
0.175442
0.191214
0.158088
0.110081
0.0524303
0
0
0
0
0
0
0
0
0
0
0
0
0
0
0
0
0
0
0
0
0
0
0
0
0
0
0
0.632766
0.715494
1.0046
1.26394
0.635937
0.731183
0.640641
0.534766
0.364535
0.222787
0.0871884
0
0
0
0
0
0
0
0
0
0
0
0
0
0
0
0
0
0
0
0
0
0
0
0
0
0
0
0
0
0
0
0
0
0
0
0
0
0
0
0
0
0
0
0
0
0
0
0
0
0.43144
0.429688
0.430192
0.448138
0
0
0
0
0
0
0
0
0
0
0
0.180906
0.380987
0.618973
0.845314
0.918038
0.976806
0.948972
0.830272
0.722892
0.596383
0.472801
0.342483
0.183589
0.0719635
0.0158865
0
0
0
0
0.0225213
0.0648758
0.104481
0.137202
0.273996
0.400752
0.511385
0.622683
0.441424
0.261232
0.118638
0
0
0
0
0
0
0
0
0
0
0
0
0
0.316351
0.345433
0.352576
0.344967
0
0
0
0
0
0
0
0
0
0
0
0
0
0
0
0
0
0
0
0
0
0
0
0
0
0
0
0
0
0
0
0
0
0
0
0