0
0
0
0
0
0
0
0
0
0
0
0
0.0589207
0.124069
0.18254
0.229314
0.248213
0.218781
0.194384
0.189464
0.185374
0.151355
0.122888
0.086523
0.0415308
0
0
0
0
0
0
0
0
0
0
0
0
0
0
0
0
0
0
0
0
0
0
0
0
0
0
0.492302
0.541179
0.7469
0.959802
1.13255
0.619783
0.679925
0.579875
0.433223
0.296038
0.181605
0.0626614
0
0
0
0
0
0
0
0
0
0
0
0
0
0
0
0
0
0
0
0
0
0
0
0
0
0
0
0
0
0
0
0
0
0
0
0
0
0
0
0
0
0
0
0
0
0
0
0
0.355412
0.344871
0.344073
0.355458
0.367942
0
0
0
0
0
0
0
0
0
0
0.144563
0.295571
0.472011
0.692627
0.872353
0.922162
0.934653
0.883485
0.786272
0.664292
0.52381
0.396516
0.267669
0.139814
0.0539001
0.0121892
0
0
0
0.0179889
0.0513678
0.0851177
0.11598
0.236735
0.340289
0.432814
0.514761
0.498364
0.337925
0.202528
0.0930421
0
0
0
0
0
0
0
0
0
0
0
0
0.253124
0.265198
0.269388
0.269388
0.271551
0
0
0
0
0
0
0
0
0
0
0
0
0
0
0
0
0
0
0
0
0
0
0
0
0
0
0
0
0
0
0
0
0
0
0