0
0
0
0
0
0
0
0
0
0
0
0.048267
0.101018
0.151253
0.195228
0.216402
0.225841
0.212119
0.201347
0.19531
0.152985
0.12293
0.100508
0.0713231
0.0358959
0
0
0
0
0
0
0
0
0
0
0
0
0
0
0
0
0
0
0
0
0
0
0
0
0
0.402871
0.435023
0.590602
0.755607
0.913759
1.01323
0.597478
0.620203
0.485572
0.364836
0.251073
0.139255
0.0489042
0
0
0
0
0
0
0
0
0
0
0
0
0
0
0
0
0
0
0
0
0
0
0
0
0
0
0
0
0
0
0
0
0
0
0
0
0
0
0
0
0
0
0
0
0
0
0
0.312571
0.294511
0.287461
0.294543
0.303064
0.312145
0
0
0
0
0
0
0
0
0
0.123454
0.245876
0.381444
0.549435
0.736034
0.881257
0.89685
0.885104
0.838979
0.727749
0.592021
0.45166
0.324148
0.213908
0.109882
0.0430853
0.00972826
0
0
0.0149751
0.0431097
0.0705195
0.0982564
0.205555
0.297212
0.374742
0.447662
0.432112
0.400783
0.273742
0.165367
0.0765306
0
0
0
0
0
0
0
0
0
0
0
0.213782
0.219281
0.217961
0.217961
0.222428
0.223986
0
0
0
0
0
0
0
0
0
0
0
0
0
0
0
0
0
0
0
0
0
0
0
0
0
0
0
0
0
0
0
0
0
0