144 | 0
160 | 0
176 | 0.00419719
192 | 0.0267857
208 | 0.0689103
224 | 0.130571
240 | 0.226466
256 | 0.35835
272 | 0.500032
288 | 0.621634
304 | 0.71791
320 | 0.790466
336 | 0.852008
352 | 0.889775
368 | 0.902093
384 | 0.910691
400 | 0.913091
416 | 0.903103
432 | 0.899098
448 | 0.900745
464 | 0.911803
480 | 0.915006
496 | 0.92306
512 | 0.932676
528 | 0.92304
544 | 0.906531
560 | 0.908147
576 | 0.911221
592 | 0.911993
608 | 0.909977
624 | 0.898546
640 | 0.893923
656 | 0.899943
672 | 0.917256
688 | 0.932798
704 | 0.937503
720 | 0.925067
736 | 0.919001
752 | 0.9182
768 | 0.930769
784 | 0.936936
800 | 0.935326
816 | 0.925102
832 | 0.915561
848 | 0.917447
864 | 0.930398
880 | 0.936322
896 | 0.935495
912 | 0.936306
928 | 0.93642
944 | 0.940502
960 | 0.951101
976 | 0.961602
992 | 0.964543
1008 | 0.965005
1024 | 0.964375
1040 | 0.966801
1056 | 0.962031
1072 | 0.949324
1088 | 0.926455
1104 | 0.907374
1120 | 0.896027
1136 | 0.891444
1152 | 0.887795
1168 | 0.887061
1184 | 0.887037
1200 | 0.896742
1216 | 0.914432
1232 | 0.938736
1248 | 0.954609
1264 | 0.959842
1280 | 0.961591
1296 | 0.962617
1312 | 0.963589
1328 | 0.964517
1344 | 0.965489
1360 | 0.966832
1376 | 0.962375
1392 | 0.941211
1408 | 0.915969
1424 | 0.901151
1440 | 0.895165
1456 | 0.885854
1472 | 0.867197
1488 | 0.858781
1504 | 0.855602
1520 | 0.858487
1536 | 0.883757
1552 | 0.911483
1568 | 0.923136
1584 | 0.914351
1600 | 0.906038
1616 | 0.914168
1632 | 0.917475
1648 | 0.917103
1664 | 0.923303
1680 | 0.915327
1696 | 0.911396
1712 | 0.912081
1728 | 0.918272
1744 | 0.914859
1760 | 0.894099
1776 | 0.873142
1792 | 0.862316
1808 | 0.864834
1824 | 0.874726
1840 | 0.863873
1856 | 0.838411
1872 | 0.831204
1888 | 0.849223
1904 | 0.874988
1920 | 0.892448
1936 | 0.897375
1952 | 0.892877
1968 | 0.889775
1984 | 0.89756
2000 | 0.909775
2016 | 0.924147
2032 | 0.931489
2048 | 0.937332
2064 | 0.942181
2080 | 0.946334
2096 | 0.949931
2112 | 0.953015
2128 | 0.95069
2144 | 0.938726
2160 | 0.925767
2176 | 0.918994
2192 | 0.906031
2208 | 0.89045
2224 | 0.882799
2240 | 0.882124
2256 | 0.881983
2272 | 0.889414
2288 | 0.913158
2304 | 0.930133
2320 | 0.935669
2336 | 0.945635
2352 | 0.955588
2368 | 0.956152
2384 | 0.954686
2400 | 0.953842
2416 | 0.954772
2432 | 0.956195
2448 | 0.957667
2464 | 0.959476
2480 | 0.961825
2496 | 0.964715
2512 | 0.962359
2528 | 0.952534
2544 | 0.947374
2560 | 0.946905
2576 | 0.945961
2592 | 0.936369
2608 | 0.91779
2624 | 0.889865
2640 | 0.852066
2656 | 0.809117
2672 | 0.757689
2688 | 0.696227
2704 | 0.605965
2720 | 0.508501
2736 | 0.409405
2752 | 0.308363
2768 | 0.205651
2784 | 0.10357
2800 | 0.0253742
2816 | 0
2832 | 0
2848 | 0
2864 | 0
Valeur de l'integrale : 2257.09
