176 | 0.00343407
192 | 0.0219156
208 | 0.0563811
224 | 0.106831
240 | 0.185921
256 | 0.296952
272 | 0.420608
288 | 0.529918
304 | 0.617248
320 | 0.687362
336 | 0.758716
352 | 0.816723
368 | 0.84947
384 | 0.880419
400 | 0.904733
416 | 0.910168
432 | 0.911231
448 | 0.911462
464 | 0.911475
480 | 0.913228
496 | 0.921851
512 | 0.918415
528 | 0.9093
544 | 0.908289
560 | 0.908094
576 | 0.909697
592 | 0.918556
608 | 0.920013
624 | 0.911783
640 | 0.908375
656 | 0.906527
672 | 0.903564
688 | 0.906605
704 | 0.919374
720 | 0.924688
736 | 0.927893
752 | 0.926468
768 | 0.926769
784 | 0.930148
800 | 0.936361
816 | 0.928963
832 | 0.919519
848 | 0.919358
864 | 0.923614
880 | 0.928685
896 | 0.935149
912 | 0.939257
928 | 0.941846
944 | 0.942861
960 | 0.942943
976 | 0.946094
992 | 0.95451
1008 | 0.962884
1024 | 0.964718
1040 | 0.964494
1056 | 0.960059
1072 | 0.952888
1088 | 0.935878
1104 | 0.922017
1120 | 0.914689
1136 | 0.911807
1152 | 0.90941
1168 | 0.906879
1184 | 0.904447
1200 | 0.903657
1216 | 0.902312
1232 | 0.907625
1248 | 0.922919
1264 | 0.944854
1280 | 0.957848
1296 | 0.961795
1312 | 0.963127
1328 | 0.963905
1344 | 0.964651
1360 | 0.965478
1376 | 0.961117
1392 | 0.943646
1408 | 0.925378
1424 | 0.915383
1440 | 0.911341
1456 | 0.904558
1472 | 0.890822
1488 | 0.884589
1504 | 0.882291
1520 | 0.873498
1536 | 0.868285
1552 | 0.876457
1568 | 0.897378
1584 | 0.909715
1600 | 0.908767
1616 | 0.906212
1632 | 0.909782
1648 | 0.921495
1664 | 0.924298
1680 | 0.915835
1696 | 0.919673
1712 | 0.921276
1728 | 0.914944
1744 | 0.899256
1760 | 0.887347
1776 | 0.883445
1792 | 0.882066
1808 | 0.883561
1824 | 0.881713
1840 | 0.871741
1856 | 0.86148
1872 | 0.851651
1888 | 0.845814
1904 | 0.848633
1920 | 0.863572
1936 | 0.8846
1952 | 0.899379
1968 | 0.903701
1984 | 0.89801
2000 | 0.887338
2016 | 0.897888
2032 | 0.921166
2048 | 0.936089
2064 | 0.941593
2080 | 0.945386
2096 | 0.948593
2112 | 0.951388
2128 | 0.948364
2144 | 0.93178
2160 | 0.922026
2176 | 0.925049
2192 | 0.918225
2208 | 0.907093
2224 | 0.901856
2240 | 0.90133
2256 | 0.901128
2272 | 0.899569
2288 | 0.897345
2304 | 0.902221
2320 | 0.920758
2336 | 0.933289
2352 | 0.93557
2368 | 0.943387
2384 | 0.953999
2400 | 0.956842
2416 | 0.957353
2432 | 0.95745
2448 | 0.958174
2464 | 0.959177
2480 | 0.960231
2496 | 0.961506
2512 | 0.958956
2528 | 0.951602
2544 | 0.949287
2560 | 0.950375
2576 | 0.950278
2592 | 0.942667
2608 | 0.927806
2624 | 0.905534
2640 | 0.875382
2656 | 0.835118
2672 | 0.781316
2688 | 0.731757
2704 | 0.678409
2720 | 0.614402
2736 | 0.529858
2752 | 0.441017
2768 | 0.352905
2784 | 0.265845
2800 | 0.176655
2816 | 0.087735
2832 | 0.0212252
2848 | 0
2864 | 0
Valeur de l'integrale : 2263.53
