192 | 0.0200893
208 | 0.0516827
224 | 0.0979281
240 | 0.170645
256 | 0.27352
272 | 0.389661
288 | 0.493512
304 | 0.576809
320 | 0.644314
336 | 0.713233
352 | 0.771923
368 | 0.81262
384 | 0.85286
400 | 0.886219
416 | 0.901798
432 | 0.912258
448 | 0.915403
464 | 0.916168
480 | 0.916179
496 | 0.917709
512 | 0.92012
528 | 0.90795
544 | 0.899226
560 | 0.90632
576 | 0.912645
592 | 0.914605
608 | 0.921238
624 | 0.915927
640 | 0.91349
656 | 0.911884
672 | 0.909374
688 | 0.905967
704 | 0.90774
720 | 0.913155
736 | 0.924177
752 | 0.92944
768 | 0.930316
784 | 0.931968
800 | 0.930689
816 | 0.929257
832 | 0.922057
848 | 0.921199
864 | 0.924539
880 | 0.928493
896 | 0.929348
912 | 0.938051
928 | 0.942096
944 | 0.944355
960 | 0.945237
976 | 0.945308
992 | 0.948134
1008 | 0.95569
1024 | 0.962859
1040 | 0.964451
1056 | 0.960813
1072 | 0.95154
1088 | 0.938697
1104 | 0.926998
1120 | 0.920836
1136 | 0.918434
1152 | 0.916481
1168 | 0.914433
1184 | 0.912269
1200 | 0.909967
1216 | 0.908428
1232 | 0.906398
1248 | 0.913442
1264 | 0.92828
1280 | 0.947528
1296 | 0.958992
1312 | 0.962482
1328 | 0.963672
1344 | 0.964365
1360 | 0.965132
1376 | 0.961018
1392 | 0.944461
1408 | 0.926949
1424 | 0.919172
1440 | 0.916909
1456 | 0.911066
1472 | 0.898942
1488 | 0.893427
1504 | 0.891474
1520 | 0.883752
1536 | 0.879212
1552 | 0.877047
1568 | 0.882664
1584 | 0.893423
1600 | 0.90306
1616 | 0.908629
1632 | 0.909613
1648 | 0.914124
1664 | 0.923611
1680 | 0.920068
1696 | 0.917435
1712 | 0.923008
1728 | 0.919506
1744 | 0.904276
1760 | 0.883422
1776 | 0.877079
1792 | 0.883646
1808 | 0.889559
1824 | 0.889568
1840 | 0.878706
1856 | 0.862336
1872 | 0.859307
1888 | 0.857365
1904 | 0.852992
1920 | 0.855088
1936 | 0.868917
1952 | 0.888401
1968 | 0.902126
1984 | 0.904337
2000 | 0.893648
2016 | 0.893028
2032 | 0.906693
2048 | 0.927386
2064 | 0.940181
2080 | 0.944835
2096 | 0.948041
2112 | 0.95071
2128 | 0.947865
2144 | 0.932169
2160 | 0.921722
2176 | 0.920631
2192 | 0.919773
2208 | 0.912439
2224 | 0.908531
2240 | 0.908058
2256 | 0.907889
2272 | 0.906583
2288 | 0.90463
2304 | 0.902478
2320 | 0.906205
2336 | 0.922284
2352 | 0.93267
2368 | 0.935251
2384 | 0.944277
2400 | 0.954998
2416 | 0.958087
2432 | 0.95861
2448 | 0.958694
2464 | 0.959321
2480 | 0.960193
2496 | 0.961073
2512 | 0.958163
2528 | 0.950351
2544 | 0.948449
2560 | 0.950621
2576 | 0.951338
2592 | 0.944908
2608 | 0.931469
2624 | 0.911245
2640 | 0.883914
2656 | 0.847613
2672 | 0.799364
2688 | 0.74817
2704 | 0.694273
2720 | 0.642275
2736 | 0.580302
2752 | 0.498619
2768 | 0.414751
2784 | 0.332749
2800 | 0.249666
2816 | 0.165059
2832 | 0.0815042
2848 | 0.0196211
2864 | 0
Valeur de l'integrale : 2266.4
