224 | 0.0839384
240 | 0.146561
256 | 0.236239
272 | 0.339677
288 | 0.433893
304 | 0.509986
320 | 0.572592
336 | 0.636875
352 | 0.692291
368 | 0.731357
384 | 0.780318
400 | 0.829263
416 | 0.861536
432 | 0.88879
448 | 0.908716
464 | 0.919718
480 | 0.922694
496 | 0.923322
512 | 0.918695
528 | 0.907544
544 | 0.901765
560 | 0.89768
576 | 0.902889
592 | 0.914823
608 | 0.919334
624 | 0.914071
640 | 0.918428
656 | 0.919464
672 | 0.918057
688 | 0.915511
704 | 0.911906
720 | 0.902381
736 | 0.903632
752 | 0.915925
768 | 0.929199
784 | 0.936348
800 | 0.934707
816 | 0.926558
832 | 0.919065
848 | 0.924025
864 | 0.927488
880 | 0.929994
896 | 0.929632
912 | 0.93233
928 | 0.935802
944 | 0.943191
960 | 0.946399
976 | 0.948189
992 | 0.948883
1008 | 0.948864
1024 | 0.950584
1040 | 0.956452
1056 | 0.959637
1072 | 0.953894
1088 | 0.941011
1104 | 0.930981
1120 | 0.929275
1136 | 0.927934
1152 | 0.92654
1168 | 0.925092
1184 | 0.923578
1200 | 0.921831
1216 | 0.919382
1232 | 0.916307
1248 | 0.916243
1264 | 0.917924
1280 | 0.924659
1296 | 0.936104
1312 | 0.951408
1328 | 0.960684
1344 | 0.963516
1360 | 0.964581
1376 | 0.960998
1392 | 0.946564
1408 | 0.930861
1424 | 0.923108
1440 | 0.922006
1456 | 0.919522
1472 | 0.910871
1488 | 0.906502
1504 | 0.905013
1520 | 0.898811
1536 | 0.895394
1552 | 0.893711
1568 | 0.890785
1584 | 0.880263
1600 | 0.875601
1616 | 0.888937
1632 | 0.906379
1648 | 0.915215
1664 | 0.915962
1680 | 0.913565
1696 | 0.920884
1712 | 0.923841
1728 | 0.919213
1744 | 0.91214
1760 | 0.896148
1776 | 0.880882
1792 | 0.875097
1808 | 0.884795
1824 | 0.895208
1840 | 0.891082
1856 | 0.877213
1872 | 0.86707
1888 | 0.864516
1904 | 0.868751
1920 | 0.867543
1936 | 0.86358
1952 | 0.865581
1968 | 0.877618
1984 | 0.892858
2000 | 0.898854
2016 | 0.903512
2032 | 0.905573
2048 | 0.909097
2064 | 0.91998
2080 | 0.935959
2096 | 0.945906
2112 | 0.949396
2128 | 0.947012
2144 | 0.932834
2160 | 0.923341
2176 | 0.921251
2192 | 0.915869
2208 | 0.91091
2224 | 0.91515
2240 | 0.917662
2256 | 0.918031
2272 | 0.917065
2288 | 0.915628
2304 | 0.913981
2320 | 0.911691
2336 | 0.908256
2352 | 0.908851
2368 | 0.922479
2384 | 0.934017
2400 | 0.939049
2416 | 0.948244
2432 | 0.957514
2448 | 0.960015
2464 | 0.960444
2480 | 0.96051
2496 | 0.960966
2512 | 0.958112
2528 | 0.950427
2544 | 0.947308
2560 | 0.948805
2576 | 0.950721
2592 | 0.946704
2608 | 0.936421
2624 | 0.919956
2640 | 0.897023
2656 | 0.866697
2672 | 0.826995
2688 | 0.785747
2704 | 0.735666
2720 | 0.680972
2736 | 0.629756
2752 | 0.580507
2768 | 0.523606
2784 | 0.450449
2800 | 0.374786
2816 | 0.298845
2832 | 0.222574
2848 | 0.145903
2864 | 0.0713188
Valeur de l'integrale : 2270.13
