240 | 0.136901
256 | 0.221166
272 | 0.319204
288 | 0.409178
304 | 0.482062
320 | 0.542403
336 | 0.604516
352 | 0.658334
368 | 0.695742
384 | 0.743493
400 | 0.793111
416 | 0.832406
432 | 0.866934
448 | 0.894149
464 | 0.91278
480 | 0.922827
496 | 0.925528
512 | 0.921858
528 | 0.910336
544 | 0.899638
560 | 0.900577
576 | 0.90223
592 | 0.907449
608 | 0.917224
624 | 0.916111
640 | 0.915269
656 | 0.920483
672 | 0.920925
688 | 0.919139
704 | 0.915959
720 | 0.907362
736 | 0.90331
752 | 0.906681
768 | 0.919939
784 | 0.933013
800 | 0.93628
816 | 0.92924
832 | 0.921226
848 | 0.92044
864 | 0.927806
880 | 0.931211
896 | 0.930465
912 | 0.932635
928 | 0.935381
944 | 0.938444
960 | 0.945165
976 | 0.948068
992 | 0.949687
1008 | 0.950244
1024 | 0.949695
1040 | 0.951185
1056 | 0.953785
1072 | 0.952919
1088 | 0.942807
1104 | 0.934017
1120 | 0.929772
1136 | 0.931045
1152 | 0.930246
1168 | 0.928993
1184 | 0.927688
1200 | 0.926189
1216 | 0.924098
1232 | 0.921341
1248 | 0.920126
1264 | 0.921324
1280 | 0.922858
1296 | 0.928761
1312 | 0.938982
1328 | 0.952861
1344 | 0.961328
1360 | 0.963994
1376 | 0.960991
1392 | 0.947468
1408 | 0.932781
1424 | 0.925416
1440 | 0.923934
1456 | 0.921122
1472 | 0.914295
1488 | 0.911372
1504 | 0.910147
1520 | 0.904502
1536 | 0.901473
1552 | 0.899998
1568 | 0.89746
1584 | 0.887965
1600 | 0.876132
1616 | 0.876984
1632 | 0.892852
1648 | 0.910128
1664 | 0.917308
1680 | 0.913169
1696 | 0.91494
1712 | 0.923327
1728 | 0.922334
1744 | 0.91094
1760 | 0.899582
1776 | 0.8879
1792 | 0.881219
1808 | 0.881838
1824 | 0.889614
1840 | 0.891849
1856 | 0.882405
1872 | 0.874445
1888 | 0.87058
1904 | 0.868913
1920 | 0.872621
1936 | 0.871559
1952 | 0.867955
1968 | 0.869903
1984 | 0.879389
2000 | 0.889766
2016 | 0.902252
2032 | 0.909717
2048 | 0.912069
2064 | 0.915042
2080 | 0.924696
2096 | 0.939038
2112 | 0.947939
2128 | 0.946512
2144 | 0.933122
2160 | 0.924043
2176 | 0.922025
2192 | 0.916859
2208 | 0.91104
2224 | 0.911888
2240 | 0.918974
2256 | 0.921479
2272 | 0.921083
2288 | 0.919824
2304 | 0.918385
2320 | 0.916391
2336 | 0.913342
2352 | 0.908634
2368 | 0.909696
2384 | 0.924503
2400 | 0.93642
2416 | 0.941669
2432 | 0.950062
2448 | 0.958477
2464 | 0.960739
2480 | 0.961133
2496 | 0.961159
2512 | 0.958293
2528 | 0.951028
2544 | 0.947787
2560 | 0.948651
2576 | 0.949764
2592 | 0.946128
2608 | 0.937316
2624 | 0.922702
2640 | 0.902065
2656 | 0.874149
2672 | 0.837685
2688 | 0.800189
2704 | 0.754852
2720 | 0.705441
2736 | 0.651705
2752 | 0.601857
2768 | 0.555036
2784 | 0.502076
2800 | 0.430885
2816 | 0.357615
2832 | 0.284359
2848 | 0.21112
2864 | 0.137818
Valeur de l'integrale : 2269.99
