272 | 0.284865
288 | 0.36733
304 | 0.434483
320 | 0.490664
336 | 0.548752
352 | 0.599521
368 | 0.633995
384 | 0.679372
400 | 0.726724
416 | 0.766258
432 | 0.807975
448 | 0.848274
464 | 0.880069
480 | 0.903453
496 | 0.919265
512 | 0.924089
528 | 0.916588
544 | 0.906854
560 | 0.901729
576 | 0.902583
592 | 0.908509
608 | 0.909203
624 | 0.907857
640 | 0.915372
656 | 0.919001
672 | 0.918784
688 | 0.922571
704 | 0.921918
720 | 0.915149
736 | 0.911877
752 | 0.910303
768 | 0.910541
784 | 0.916398
800 | 0.925254
816 | 0.928498
832 | 0.926205
848 | 0.924981
864 | 0.925845
880 | 0.927872
896 | 0.931615
912 | 0.934115
928 | 0.93598
944 | 0.938006
960 | 0.940171
976 | 0.942631
992 | 0.948322
1008 | 0.950695
1024 | 0.951542
1040 | 0.951454
1056 | 0.948145
1072 | 0.943128
1088 | 0.93787
1104 | 0.936343
1120 | 0.935095
1136 | 0.934123
1152 | 0.933173
1168 | 0.934662
1184 | 0.934011
1200 | 0.932857
1216 | 0.93126
1232 | 0.929176
1248 | 0.92815
1264 | 0.928065
1280 | 0.928179
1296 | 0.929163
1312 | 0.93032
1328 | 0.935033
1344 | 0.943443
1360 | 0.955199
1376 | 0.958776
1392 | 0.94864
1408 | 0.935977
1424 | 0.929478
1440 | 0.928078
1456 | 0.925057
1472 | 0.918081
1488 | 0.916164
1504 | 0.917204
1520 | 0.913409
1536 | 0.911038
1552 | 0.909864
1568 | 0.907884
1584 | 0.900071
1600 | 0.890417
1616 | 0.884709
1632 | 0.881632
1648 | 0.886406
1664 | 0.900189
1680 | 0.910107
1696 | 0.915756
1712 | 0.917036
1728 | 0.916643
1744 | 0.91482
1760 | 0.903839
1776 | 0.89227
1792 | 0.891446
1808 | 0.892611
1824 | 0.891047
1840 | 0.884109
1856 | 0.879224
1872 | 0.880678
1888 | 0.881857
1904 | 0.880405
1920 | 0.877439
1936 | 0.875751
1952 | 0.87921
1968 | 0.878375
1984 | 0.873668
2000 | 0.870358
2016 | 0.882033
2032 | 0.9002
2048 | 0.9136
2064 | 0.919961
2080 | 0.921737
2096 | 0.923969
2112 | 0.93178
2128 | 0.939414
2144 | 0.932823
2160 | 0.92526
2176 | 0.923388
2192 | 0.918607
2208 | 0.913227
2224 | 0.913029
2240 | 0.915758
2256 | 0.919377
2272 | 0.924908
2288 | 0.926102
2304 | 0.925362
2320 | 0.923796
2336 | 0.921423
2352 | 0.917742
2368 | 0.91409
2384 | 0.911945
2400 | 0.915973
2416 | 0.930634
2432 | 0.941393
2448 | 0.945836
2464 | 0.952876
2480 | 0.95998
2496 | 0.961851
2512 | 0.959324
2528 | 0.95239
2544 | 0.949225
2560 | 0.949621
2576 | 0.949879
2592 | 0.945368
2608 | 0.936594
2624 | 0.92434
2640 | 0.907849
2656 | 0.885132
2672 | 0.854724
2688 | 0.823168
2704 | 0.785087
2720 | 0.744087
2736 | 0.699819
2752 | 0.651933
2768 | 0.601288
2784 | 0.557092
2800 | 0.514608
2816 | 0.464163
2832 | 0.396449
2848 | 0.327597
2864 | 0.259101
Valeur de l'integrale : 2264.41
