96 | 0
112 | 0
128 | 0
144 | 0
160 | 0
176 | 0.00629579
192 | 0.0401786
208 | 0.103365
224 | 0.195856
240 | 0.336561
256 | 0.519452
272 | 0.692663
288 | 0.811431
304 | 0.883452
320 | 0.914278
336 | 0.934392
352 | 0.929167
368 | 0.904199
384 | 0.889649
400 | 0.888881
416 | 0.888881
432 | 0.888121
448 | 0.900506
464 | 0.927272
480 | 0.939352
496 | 0.942289
512 | 0.947055
528 | 0.926049
544 | 0.897911
560 | 0.881972
576 | 0.880706
592 | 0.880706
608 | 0.890399
624 | 0.90517
640 | 0.927698
656 | 0.937576
672 | 0.935334
688 | 0.930537
704 | 0.925934
720 | 0.922475
736 | 0.919649
752 | 0.918676
768 | 0.924468
784 | 0.933338
800 | 0.934627
816 | 0.934366
832 | 0.923736
848 | 0.922897
864 | 0.924589
880 | 0.924651
896 | 0.924826
912 | 0.94121
928 | 0.957775
944 | 0.962378
960 | 0.963192
976 | 0.963255
992 | 0.967959
1008 | 0.968651
1024 | 0.967757
1040 | 0.966604
1056 | 0.958128
1072 | 0.936573
1088 | 0.894549
1104 | 0.853769
1120 | 0.829227
1136 | 0.827635
1152 | 0.849844
1168 | 0.886483
1184 | 0.929833
1200 | 0.953591
1216 | 0.958883
1232 | 0.958421
1248 | 0.958679
1264 | 0.960312
1280 | 0.961939
1296 | 0.963589
1312 | 0.965572
1328 | 0.967745
1344 | 0.968676
1360 | 0.968944
1376 | 0.960201
1392 | 0.925313
1408 | 0.88254
1424 | 0.85522
1440 | 0.841299
1456 | 0.822154
1472 | 0.814595
1488 | 0.855959
1504 | 0.900519
1520 | 0.909601
1536 | 0.910485
1552 | 0.919137
1568 | 0.936749
1584 | 0.927419
1600 | 0.905719
1616 | 0.907469
1632 | 0.908535
1648 | 0.907643
1664 | 0.906381
1680 | 0.910971
1696 | 0.930328
1712 | 0.93752
1728 | 0.929738
1744 | 0.900954
1760 | 0.859324
1776 | 0.838767
1792 | 0.82792
1808 | 0.82792
1824 | 0.839476
1840 | 0.854735
1856 | 0.865132
1872 | 0.876189
1888 | 0.881506
1904 | 0.874725
1920 | 0.869478
1936 | 0.883595
1952 | 0.915699
1968 | 0.93579
1984 | 0.93546
2000 | 0.918025
2016 | 0.919736
2032 | 0.928519
2048 | 0.936682
2064 | 0.943171
2080 | 0.950186
2096 | 0.963929
2112 | 0.967828
2128 | 0.960632
2144 | 0.928641
2160 | 0.90238
2176 | 0.889633
2192 | 0.866833
2208 | 0.837543
2224 | 0.839247
2240 | 0.883509
2256 | 0.914011
2272 | 0.924618
2288 | 0.94196
2304 | 0.959547
2320 | 0.962452
2336 | 0.960045
2352 | 0.954242
2368 | 0.949056
2384 | 0.947434
2400 | 0.948745
2416 | 0.952415
2432 | 0.957069
2448 | 0.962357
2464 | 0.966143
2480 | 0.967968
2496 | 0.96862
2512 | 0.962053
2528 | 0.945165
2544 | 0.935847
2560 | 0.934985
2576 | 0.933278
2592 | 0.918142
2608 | 0.898196
2624 | 0.875773
2640 | 0.831489
2656 | 0.755194
2672 | 0.65114
2688 | 0.543113
2704 | 0.419511
2720 | 0.287137
2736 | 0.147511
2752 | 0.0365465
2768 | 0
2784 | 0
2800 | 0
2816 | 0
2832 | 0
2848 | 0
2864 | 0
Valeur de l'integrale : 2245.81
