0
0
0
0
0
0
0
0
0
0
0
0
0
0
0
0
0
0.0878669
0.199596
0.327315
0.44875
0.561163
0.666667
0.67663
0.544386
0.396427
0.267281
0.156064
0.0657264
0
0.0602567
0.11158
0.164878
0.203636
0.242899
0.283909
0.296912
0.223747
0.16699
0.115676
0.0758639
0.035515
0
0
0
0
0
0
0
0
0
0
0
0
0
0
0
0
0
0.0646302
0.128897
0.191717
0.251643
0.257663
0.262461
0.275581
0.365917
0.462697
0.406106
0.358397
0.392143
0.414594
0.398641
0.180426
0
0
0
0
0
0
0
0
0
0
0
0
0
0
0
0
0
0
0
0
0
0
0
0
0
0
0
0
0
0
0
0
0
0
0
0
0
0
0
0
0
0
0
0
0
0
0
0
0
0
0
0
0
0
0
0
0
0
0
0
0
0
0
0
0
0
0
0
0
0
0
0
0
0
0
0
0
0
0