0
0
0
0
0
0
0
0
0
0
0
0
0
0
0
0
0.0760697
0.171851
0.280233
0.393041
0.4896
0.567789
0.567005
0.558795
0.453091
0.340741
0.232445
0.13585
0.0564082
0.053212
0.0961077
0.141435
0.1775
0.212272
0.246305
0.250545
0.255703
0.194205
0.14959
0.100649
0.0638776
0.0301352
0
0
0
0
0
0
0
0
0
0
0
0
0
0
0
0
0.0568037
0.114727
0.171871
0.221756
0.224425
0.226004
0.235405
0.377099
0.462386
0.41961
0.373298
0.329
0.338335
0.339393
0.319303
0.147511
0
0
0
0
0
0
0
0
0
0
0
0
0
0
0
0
0
0
0
0
0
0
0
0
0
0
0
0
0
0
0
0
0
0
0
0
0
0
0
0
0
0
0
0
0
0
0
0
0
0
0
0
0
0
0
0
0
0
0
0
0
0
0
0
0
0
0
0
0
0
0
0
0
0
0
0
0
0