0
0
0
0
0
0
0
0
0
0
0
0
0
0
0
0.0661449
0.150837
0.244642
0.341594
0.434524
0.502666
0.493859
0.481857
0.475915
0.395531
0.300175
0.204853
0.118116
0.0993767
0.086017
0.123828
0.154629
0.187675
0.218324
0.220797
0.220552
0.225862
0.176373
0.132479
0.0863875
0.0551622
0.0261709
0
0
0
0
0
0
0
0
0
0
0
0
0
0
0
0.0505315
0.102403
0.154948
0.201171
0.200516
0.200021
0.205651
0.326179
0.460239
0.425135
0.390237
0.347043
0.290541
0.286526
0.280133
0.266302
0.124752
0
0
0
0
0
0
0
0
0
0
0
0
0
0
0
0
0
0
0
0
0
0
0
0
0
0
0
0
0
0
0
0
0
0
0
0
0
0
0
0
0
0
0
0
0
0
0
0
0
0
0
0
0
0
0
0
0
0
0
0
0
0
0
0
0
0
0
0
0
0
0
0
0
0
0
0
0