0
0
0
0
0
0
0
0
0
0
0
0
0
0
0.0591895
0.132703
0.217019
0.301659
0.382344
0.451228
0.443844
0.427987
0.418944
0.421647
0.352455
0.26729
0.180076
0.152012
0.125401
0.112029
0.136979
0.165566
0.195266
0.198044
0.197168
0.197989
0.207334
0.158351
0.115664
0.0756658
0.0485395
0.0231291
0
0
0
0
0
0
0
0
0
0
0
0
0
0
0.045501
0.092246
0.139871
0.183226
0.183659
0.180806
0.183912
0.287635
0.40283
0.427573
0.399144
0.36623
0.311667
0.251759
0.243108
0.23849
0.228392
0.108078
0
0
0
0
0
0
0
0
0
0
0
0
0
0
0
0
0
0
0
0
0
0
0
0
0
0
0
0
0
0
0
0
0
0
0
0
0
0
0
0
0
0
0
0
0
0
0
0
0
0
0
0
0
0
0
0
0
0
0
0
0
0
0
0
0
0
0
0
0
0
0
0
0
0
0
0