176 | 0.0235008
192 | 0.0925848
208 | 0.201997
224 | 0.325059
240 | 0.441374
256 | 0.548346
272 | 0.632237
288 | 0.695961
304 | 0.744682
320 | 0.786128
336 | 0.8223
352 | 0.844486
368 | 0.861456
384 | 0.868611
400 | 0.863434
416 | 0.844312
432 | 0.814153
448 | 0.790037
464 | 0.781047
480 | 0.790939
496 | 0.810843
512 | 0.830466
528 | 0.84663
544 | 0.848047
560 | 0.854441
576 | 0.870441
592 | 0.889039
608 | 0.905264
624 | 0.907865
640 | 0.893962
656 | 0.870321
672 | 0.841089
688 | 0.822331
704 | 0.816856
720 | 0.821902
736 | 0.814031
752 | 0.805027
768 | 0.80889
784 | 0.82103
800 | 0.840578
816 | 0.870345
832 | 0.893728
848 | 0.909116
864 | 0.919123
880 | 0.928171
896 | 0.933451
912 | 0.943134
928 | 0.948293
944 | 0.947943
960 | 0.946587
976 | 0.944894
992 | 0.943908
1008 | 0.949337
1024 | 0.960082
1040 | 0.963874
1056 | 0.964219
1072 | 0.956654
1088 | 0.938997
1104 | 0.921103
1120 | 0.915447
1136 | 0.911512
1152 | 0.903293
1168 | 0.894463
1184 | 0.883735
1200 | 0.87264
1216 | 0.853511
1232 | 0.82379
1248 | 0.812936
1264 | 0.83106
1280 | 0.857138
1296 | 0.867271
1312 | 0.875424
1328 | 0.889499
1344 | 0.901572
1360 | 0.906837
1376 | 0.904201
1392 | 0.911825
1408 | 0.9322
1424 | 0.945356
1440 | 0.949736
1456 | 0.949122
1472 | 0.947801
1488 | 0.945935
1504 | 0.943208
1520 | 0.940469
1536 | 0.943909
1552 | 0.952898
1568 | 0.955781
1584 | 0.955743
1600 | 0.953093
1616 | 0.942505
1632 | 0.936295
1648 | 0.935116
1664 | 0.935351
1680 | 0.936545
1696 | 0.931562
1712 | 0.919922
1728 | 0.912258
1744 | 0.913196
1760 | 0.914962
1776 | 0.920203
1792 | 0.932921
1808 | 0.940131
1824 | 0.937135
1840 | 0.926131
1856 | 0.908375
1872 | 0.901011
1888 | 0.902811
1904 | 0.90041
1920 | 0.897629
1936 | 0.899392
1952 | 0.899985
1968 | 0.891537
1984 | 0.874204
2000 | 0.856791
2016 | 0.852291
2032 | 0.858971
2048 | 0.867431
2064 | 0.874807
2080 | 0.882872
2096 | 0.879128
2112 | 0.861348
2128 | 0.835788
2144 | 0.823313
2160 | 0.83006
2176 | 0.855552
2192 | 0.876457
2208 | 0.889104
2224 | 0.892881
2240 | 0.893232
2256 | 0.891685
2272 | 0.894068
2288 | 0.895437
2304 | 0.894182
2320 | 0.875299
2336 | 0.836104
2352 | 0.773436
2368 | 0.701243
2384 | 0.610547
2400 | 0.5117
2416 | 0.405878
2432 | 0.300742
2448 | 0.223024
2464 | 0.155877
2480 | 0.0983006
2496 | 0.0532958
2512 | 0.0216074
2528 | 0.00382875
2544 | 0
Valeur de l'integrale : 1929.28
