0
0
0
0
0
0
0
0
0
0
0
0
0
0.0536843
0.119737
0.192703
0.270022
0.340937
0.401396
0.403254
0.38991
0.377619
0.376309
0.379964
0.3168
0.237173
0.206088
0.171693
0.146261
0.124917
0.148117
0.174079
0.178883
0.178821
0.178938
0.183606
0.188198
0.140149
0.102637
0.0673115
0.0433378
0.0213864
0
0
0
0
0
0
0
0
0
0
0
0
0
0.0413813
0.0839124
0.127186
0.166925
0.168696
0.166986
0.167541
0.259011
0.358456
0.377582
0.404374
0.37753
0.333153
0.274759
0.217846
0.211118
0.207626
0.19993
0.0953352
0
0
0
0
0
0
0
0
0
0
0
0
0
0
0
0
0
0
0
0
0
0
0
0
0
0
0
0
0
0
0
0
0
0
0
0
0
0
0
0
0
0
0
0
0
0
0
0
0
0
0
0
0
0
0
0
0
0
0
0
0
0
0
0
0
0
0
0
0
0
0
0
0
0
0