192 | 0.0851416
208 | 0.186823
224 | 0.3026
240 | 0.413245
256 | 0.516377
272 | 0.597792
288 | 0.660367
304 | 0.708752
320 | 0.749593
336 | 0.78715
352 | 0.817183
368 | 0.844236
384 | 0.86069
400 | 0.864482
416 | 0.853926
432 | 0.829874
448 | 0.806717
464 | 0.79124
480 | 0.793637
496 | 0.810261
512 | 0.827952
528 | 0.839262
544 | 0.847431
560 | 0.854188
576 | 0.86594
592 | 0.877805
608 | 0.887651
624 | 0.895537
640 | 0.888493
656 | 0.873782
672 | 0.85312
688 | 0.837019
704 | 0.826428
720 | 0.824774
736 | 0.82304
752 | 0.821718
768 | 0.821718
784 | 0.82537
800 | 0.835984
816 | 0.853318
832 | 0.872952
848 | 0.888159
864 | 0.908576
880 | 0.922732
896 | 0.931452
912 | 0.936238
928 | 0.944988
944 | 0.94957
960 | 0.948885
976 | 0.947437
992 | 0.946597
1008 | 0.946144
1024 | 0.951318
1040 | 0.961118
1056 | 0.963757
1072 | 0.957271
1088 | 0.941087
1104 | 0.924692
1120 | 0.919354
1136 | 0.915106
1152 | 0.90715
1168 | 0.900265
1184 | 0.891429
1200 | 0.882587
1216 | 0.866531
1232 | 0.838643
1248 | 0.820582
1264 | 0.82366
1280 | 0.847193
1296 | 0.870388
1312 | 0.879072
1328 | 0.886118
1344 | 0.898281
1360 | 0.902776
1376 | 0.901802
1392 | 0.903859
1408 | 0.915518
1424 | 0.934557
1440 | 0.946613
1456 | 0.950638
1472 | 0.949984
1488 | 0.948389
1504 | 0.946078
1520 | 0.943782
1536 | 0.941415
1552 | 0.944596
1568 | 0.952857
1584 | 0.955669
1600 | 0.953859
1616 | 0.944391
1632 | 0.938897
1648 | 0.937685
1664 | 0.937272
1680 | 0.937477
1696 | 0.93324
1712 | 0.922908
1728 | 0.916025
1744 | 0.91681
1760 | 0.918436
1776 | 0.920105
1792 | 0.925549
1808 | 0.937078
1824 | 0.938249
1840 | 0.928735
1856 | 0.912532
1872 | 0.900271
1888 | 0.897109
1904 | 0.898606
1920 | 0.902182
1936 | 0.904376
1952 | 0.905064
1968 | 0.898425
1984 | 0.88357
2000 | 0.861929
2016 | 0.850236
2032 | 0.851416
2048 | 0.863274
2064 | 0.873462
2080 | 0.880812
2096 | 0.88292
2112 | 0.872625
2128 | 0.849082
2144 | 0.829894
2160 | 0.826869
2176 | 0.841677
2192 | 0.865544
2208 | 0.884482
2224 | 0.895811
2240 | 0.898843
2256 | 0.89817
2272 | 0.893248
2288 | 0.885934
2304 | 0.877366
2320 | 0.866296
2336 | 0.838918
2352 | 0.791741
2368 | 0.728929
2384 | 0.649498
2400 | 0.563685
2416 | 0.470789
2432 | 0.372214
2448 | 0.276152
2464 | 0.206593
2480 | 0.144364
2496 | 0.0909465
2512 | 0.0492554
2528 | 0.0199472
2544 | 0.00352753
Valeur de l'integrale : 1931.35
