0
0
0
0
0
0
0
0
0
0
0
0
0.0496815
0.109321
0.175039
0.241694
0.307556
0.361068
0.362982
0.358233
0.347663
0.342629
0.342752
0.344745
0.283551
0.256702
0.220083
0.187548
0.155909
0.135992
0.157039
0.160938
0.163051
0.163696
0.167107
0.168439
0.168439
0.125701
0.0922469
0.0606204
0.0403093
0.0204415
0
0
0
0
0
0
0
0
0
0
0
0
0.0379457
0.0769598
0.116599
0.152976
0.154882
0.154524
0.155607
0.237192
0.324978
0.338325
0.359375
0.384821
0.347188
0.297719
0.241417
0.191984
0.186567
0.183835
0.177776
0.0876376
0
0
0
0
0
0
0
0
0
0
0
0
0
0
0
0
0
0
0
0
0
0
0
0
0
0
0
0
0
0
0
0
0
0
0
0
0
0
0
0
0
0
0
0
0
0
0
0
0
0
0
0
0
0
0
0
0
0
0
0
0
0
0
0
0
0
0
0
0
0
0
0
0
0