208 | 0.173769
224 | 0.283045
240 | 0.388487
256 | 0.48793
272 | 0.566907
288 | 0.628237
304 | 0.676129
320 | 0.716303
336 | 0.753394
352 | 0.785217
368 | 0.819346
384 | 0.844754
400 | 0.857326
416 | 0.855694
432 | 0.840175
448 | 0.82223
464 | 0.806715
480 | 0.801789
496 | 0.810951
512 | 0.826178
528 | 0.836327
544 | 0.840601
560 | 0.853073
576 | 0.864842
592 | 0.873198
608 | 0.877374
624 | 0.879821
640 | 0.878074
656 | 0.869856
672 | 0.857669
688 | 0.848596
704 | 0.839558
720 | 0.832958
736 | 0.825646
752 | 0.829407
768 | 0.835238
784 | 0.835688
800 | 0.83877
816 | 0.848184
832 | 0.856858
848 | 0.868625
864 | 0.888507
880 | 0.912815
896 | 0.926194
912 | 0.934184
928 | 0.938554
944 | 0.946434
960 | 0.950305
976 | 0.949491
992 | 0.948762
1008 | 0.948369
1024 | 0.9483
1040 | 0.953146
1056 | 0.961231
1072 | 0.957377
1088 | 0.942856
1104 | 0.927735
1120 | 0.922815
1136 | 0.918735
1152 | 0.910821
1168 | 0.904134
1184 | 0.897144
1200 | 0.889988
1216 | 0.876653
1232 | 0.852683
1248 | 0.834678
1264 | 0.829505
1280 | 0.839148
1296 | 0.860348
1312 | 0.880825
1328 | 0.888414
1344 | 0.894613
1360 | 0.899669
1376 | 0.898253
1392 | 0.901583
1408 | 0.908041
1424 | 0.919097
1440 | 0.936556
1456 | 0.947677
1472 | 0.951308
1488 | 0.950366
1504 | 0.948368
1520 | 0.9464
1536 | 0.944389
1552 | 0.942228
1568 | 0.945179
1584 | 0.95296
1600 | 0.953958
1616 | 0.945926
1632 | 0.941009
1648 | 0.939924
1664 | 0.939407
1680 | 0.939042
1696 | 0.934362
1712 | 0.925209
1728 | 0.919133
1744 | 0.919815
1760 | 0.921251
1776 | 0.922819
1792 | 0.925199
1808 | 0.930311
1824 | 0.935569
1840 | 0.930429
1856 | 0.916036
1872 | 0.904771
1888 | 0.896645
1904 | 0.893625
1920 | 0.900445
1936 | 0.908004
1952 | 0.909211
1968 | 0.903203
1984 | 0.890569
2000 | 0.871654
2016 | 0.855478
2032 | 0.849545
2048 | 0.855921
2064 | 0.869214
2080 | 0.879119
2096 | 0.880965
2112 | 0.876853
2128 | 0.861167
2144 | 0.843162
2160 | 0.832642
2176 | 0.837532
2192 | 0.851824
2208 | 0.873746
2224 | 0.891038
2240 | 0.901052
2256 | 0.902897
2272 | 0.899231
2288 | 0.885769
2304 | 0.869475
2320 | 0.852069
2336 | 0.832477
2352 | 0.797721
2368 | 0.750571
2384 | 0.680577
2400 | 0.604865
2416 | 0.523504
2432 | 0.436011
2448 | 0.344882
2464 | 0.257258
2480 | 0.192508
2496 | 0.134436
2512 | 0.0846161
2528 | 0.0457845
2544 | 0.0185095
Valeur de l'integrale : 1932.09
