0
0
0
0
0
0
0
0
0
0
0
0.0470214
0.10166
0.160676
0.220829
0.277223
0.328037
0.329683
0.326093
0.322255
0.317785
0.314586
0.31383
0.311299
0.298154
0.265938
0.231339
0.193888
0.164282
0.14503
0.146266
0.148009
0.150382
0.153739
0.154449
0.152435
0.152435
0.113953
0.0837694
0.0566708
0.0386524
0.0196138
0
0
0
0
0
0
0
0
0
0
0
0.0365154
0.0710712
0.107638
0.141164
0.142889
0.142854
0.144731
0.221142
0.299152
0.308344
0.323634
0.343848
0.356965
0.313939
0.264864
0.215291
0.171611
0.167132
0.164936
0.16422
0.0834125
0
0
0
0
0
0
0
0
0
0
0
0
0
0
0
0
0
0
0
0
0
0
0
0
0
0
0
0
0
0
0
0
0
0
0
0
0
0
0
0
0
0
0
0
0
0
0
0
0
0
0
0
0
0
0
0
0
0
0
0
0
0
0
0
0
0
0
0
0
0
0
0
0