0
0
0
0
0
0
0
0
0
0
0.0452846
0.0965278
0.150012
0.20368
0.254606
0.297611
0.301924
0.298965
0.29601
0.296422
0.293517
0.290052
0.285871
0.322823
0.303803
0.273271
0.234562
0.199436
0.171065
0.135793
0.135508
0.137494
0.141937
0.14296
0.140886
0.139208
0.139208
0.104216
0.0786988
0.0544929
0.037192
0.0180634
0
0
0
0
0
0
0
0
0
0
0.0351292
0.068595
0.0999565
0.131045
0.132608
0.132589
0.134443
0.206407
0.279982
0.284999
0.296094
0.310987
0.321436
0.325881
0.282398
0.23854
0.194267
0.155147
0.151364
0.153203
0.156723
0.0800221
0
0
0
0
0
0
0
0
0
0
0
0
0
0
0
0
0
0
0
0
0
0
0
0
0
0
0
0
0
0
0
0
0
0
0
0
0
0
0
0
0
0
0
0
0
0
0
0
0
0
0
0
0
0
0
0
0
0
0
0
0
0
0
0
0
0
0
0
0
0
0
0