224 | 0.265863
240 | 0.366527
256 | 0.462454
272 | 0.539056
288 | 0.599089
304 | 0.646378
320 | 0.685844
336 | 0.722415
352 | 0.754282
368 | 0.790007
384 | 0.821578
400 | 0.842471
416 | 0.849501
432 | 0.842917
448 | 0.832588
464 | 0.821304
480 | 0.815143
496 | 0.816903
512 | 0.825508
528 | 0.834132
544 | 0.8378
560 | 0.846348
576 | 0.862956
592 | 0.871673
608 | 0.87313
624 | 0.870707
640 | 0.864281
656 | 0.861069
672 | 0.854871
688 | 0.853179
704 | 0.85007
720 | 0.844596
736 | 0.833305
752 | 0.831357
768 | 0.841227
784 | 0.846822
800 | 0.847234
816 | 0.849876
832 | 0.851783
848 | 0.85343
864 | 0.869687
880 | 0.894051
896 | 0.916817
912 | 0.929121
928 | 0.936488
944 | 0.940402
960 | 0.947331
976 | 0.950766
992 | 0.950542
1008 | 0.950196
1024 | 0.950134
1040 | 0.950282
1056 | 0.953884
1072 | 0.955264
1088 | 0.943983
1104 | 0.930342
1120 | 0.925786
1136 | 0.921991
1152 | 0.914541
1168 | 0.907834
1184 | 0.901008
1200 | 0.895542
1216 | 0.884266
1232 | 0.863733
1248 | 0.848199
1264 | 0.841565
1280 | 0.843019
1296 | 0.852028
1312 | 0.870933
1328 | 0.889261
1344 | 0.895993
1360 | 0.896169
1376 | 0.895527
1392 | 0.898191
1408 | 0.905726
1424 | 0.91204
1440 | 0.922152
1456 | 0.938267
1472 | 0.948497
1488 | 0.951573
1504 | 0.950238
1520 | 0.948521
1536 | 0.946779
1552 | 0.944921
1568 | 0.942929
1584 | 0.9458
1600 | 0.951442
1616 | 0.946694
1632 | 0.942751
1648 | 0.941775
1664 | 0.941312
1680 | 0.940849
1696 | 0.936089
1712 | 0.926856
1728 | 0.921574
1744 | 0.922341
1760 | 0.923636
1776 | 0.925042
1792 | 0.927271
1808 | 0.929789
1824 | 0.929433
1840 | 0.928336
1856 | 0.918552
1872 | 0.90861
1888 | 0.901055
1904 | 0.893377
1920 | 0.895822
1936 | 0.906141
1952 | 0.912231
1968 | 0.90716
1984 | 0.895531
2000 | 0.879063
2016 | 0.865076
2032 | 0.854522
2048 | 0.853907
2064 | 0.862016
2080 | 0.874814
2096 | 0.879345
2112 | 0.875482
2128 | 0.866231
2144 | 0.855339
2160 | 0.84485
2176 | 0.841835
2192 | 0.84702
2208 | 0.860331
2224 | 0.880583
2240 | 0.896256
2256 | 0.904652
2272 | 0.903629
2288 | 0.89208
2304 | 0.87047
2320 | 0.845972
2336 | 0.820831
2352 | 0.793785
2368 | 0.759188
2384 | 0.705352
2400 | 0.63824
2416 | 0.565972
2432 | 0.488746
2448 | 0.407264
2464 | 0.323541
2480 | 0.240888
2496 | 0.18022
2512 | 0.125785
2528 | 0.0791097
2544 | 0.0427397
Valeur de l'integrale : 1931.14
