0
0
0
0
0
0
0
0
0
0.0436989
0.0931591
0.142821
0.190843
0.235842
0.274666
0.275958
0.275958
0.273484
0.274071
0.275199
0.272048
0.266007
0.298259
0.326409
0.308143
0.273803
0.237406
0.203807
0.160731
0.126471
0.126641
0.1304
0.132699
0.131264
0.129513
0.128094
0.128097
0.098326
0.0758811
0.0525632
0.0344344
0.0167402
0
0
0
0
0
0
0
0
0
0.033082
0.066181
0.0967007
0.12228
0.123706
0.12369
0.125313
0.192374
0.262252
0.267548
0.274502
0.285473
0.292539
0.29601
0.295835
0.256617
0.216976
0.176985
0.141566
0.141424
0.146657
0.150677
0.0741575
0
0
0
0
0
0
0
0
0
0
0
0
0
0
0
0
0
0
0
0
0
0
0
0
0
0
0
0
0
0
0
0
0
0
0
0
0
0
0
0
0
0
0
0
0
0
0
0
0
0
0
0
0
0
0
0
0
0
0
0
0
0
0
0
0
0
0
0
0
0
0