256 | 0.418729
272 | 0.490829
288 | 0.548217
304 | 0.594095
320 | 0.632089
336 | 0.667519
352 | 0.69919
368 | 0.734838
384 | 0.767265
400 | 0.7947
416 | 0.815237
432 | 0.825301
448 | 0.831345
464 | 0.834263
480 | 0.836663
496 | 0.838721
512 | 0.839097
528 | 0.836426
544 | 0.834423
560 | 0.841087
576 | 0.852822
592 | 0.862562
608 | 0.86958
624 | 0.86616
640 | 0.853844
656 | 0.842334
672 | 0.836548
688 | 0.843877
704 | 0.851948
720 | 0.857688
736 | 0.853311
752 | 0.848087
768 | 0.847725
784 | 0.85178
800 | 0.860278
816 | 0.86485
832 | 0.85962
848 | 0.850277
864 | 0.850358
880 | 0.862203
896 | 0.882345
912 | 0.903614
928 | 0.923193
944 | 0.933681
960 | 0.939635
976 | 0.942546
992 | 0.94895
1008 | 0.952657
1024 | 0.952967
1040 | 0.953093
1056 | 0.952536
1072 | 0.946437
1088 | 0.936682
1104 | 0.93115
1120 | 0.930264
1136 | 0.927288
1152 | 0.920845
1168 | 0.915013
1184 | 0.908511
1200 | 0.902994
1216 | 0.894017
1232 | 0.878562
1248 | 0.867303
1264 | 0.862967
1280 | 0.862728
1296 | 0.862638
1312 | 0.864055
1328 | 0.871383
1344 | 0.886916
1360 | 0.897459
1376 | 0.893842
1392 | 0.892598
1408 | 0.89972
1424 | 0.906349
1440 | 0.913138
1456 | 0.918453
1472 | 0.926957
1488 | 0.940522
1504 | 0.948866
1520 | 0.95137
1536 | 0.950383
1552 | 0.948944
1568 | 0.947418
1584 | 0.945899
1600 | 0.942666
1616 | 0.938427
1632 | 0.941866
1648 | 0.944198
1664 | 0.94427
1680 | 0.943891
1696 | 0.939824
1712 | 0.931515
1728 | 0.92573
1744 | 0.925822
1760 | 0.9273
1776 | 0.928607
1792 | 0.930468
1808 | 0.932657
1824 | 0.93049
1840 | 0.922714
1856 | 0.912498
1872 | 0.910526
1888 | 0.907774
1904 | 0.901355
1920 | 0.899291
1936 | 0.90117
1952 | 0.906074
1968 | 0.908397
1984 | 0.902866
2000 | 0.888974
2016 | 0.877928
2032 | 0.8708
2048 | 0.866741
2064 | 0.863605
2080 | 0.865408
2096 | 0.868474
2112 | 0.870575
2128 | 0.865245
2144 | 0.86069
2160 | 0.861224
2176 | 0.862317
2192 | 0.859326
2208 | 0.857379
2224 | 0.862082
2240 | 0.873509
2256 | 0.890128
2272 | 0.900681
2288 | 0.898826
2304 | 0.883339
2320 | 0.857073
2336 | 0.8208
2352 | 0.782352
2368 | 0.750308
2384 | 0.716758
2400 | 0.678422
2416 | 0.629503
2432 | 0.567693
2448 | 0.502887
2464 | 0.436214
2480 | 0.364264
2496 | 0.288125
2512 | 0.213693
2528 | 0.159818
2544 | 0.111372
Valeur de l'integrale : 1924.23
