256 | 0.418729
272 | 0.490829
288 | 0.548217
304 | 0.594095
320 | 0.632089
336 | 0.667519
352 | 0.69919
368 | 0.734838
384 | 0.809485
400 | 0.88477
416 | 0.953316
432 | 1.00743
448 | 1.05303
464 | 1.08972
480 | 1.09278
496 | 1.09283
512 | 1.0932
528 | 1.09108
544 | 1.09025
560 | 1.09733
576 | 1.10361
592 | 1.14142
608 | 1.17274
624 | 1.19519
640 | 1.1605
656 | 1.11661
672 | 1.07598
688 | 1.03594
704 | 1.00218
720 | 0.976402
736 | 0.973909
752 | 0.970649
768 | 0.970287
784 | 0.973116
800 | 0.980117
816 | 0.983475
832 | 0.980928
848 | 0.945308
864 | 0.92373
880 | 0.911097
896 | 0.914403
912 | 0.919212
928 | 0.923193
944 | 0.933681
960 | 0.939635
976 | 0.942546
992 | 0.94895
1008 | 0.952657
1024 | 0.952967
1040 | 0.953093
1056 | 0.983079
1072 | 1.00903
1088 | 1.03019
1104 | 1.04969
1120 | 1.04619
1136 | 1.0432
1152 | 1.03818
1168 | 1.09486
1184 | 1.15376
1200 | 1.1543
1216 | 1.15229
1232 | 1.14391
1248 | 1.13716
1264 | 1.1343
1280 | 1.13374
1296 | 1.1335
1312 | 1.0992
1328 | 1.07037
1344 | 1.04944
1360 | 1.03036
1376 | 1.02967
1392 | 1.03395
1408 | 1.03988
1424 | 0.975443
1440 | 0.913138
1456 | 0.918453
1472 | 0.926957
1488 | 0.940522
1504 | 0.948866
1520 | 0.95137
1536 | 0.950383
1552 | 0.948944
1568 | 0.947418
1584 | 0.945899
1600 | 0.942666
1616 | 0.938427
1632 | 0.941866
1648 | 0.944198
1664 | 0.94427
1680 | 0.943891
1696 | 0.939824
1712 | 0.931515
1728 | 0.92573
1744 | 0.925822
1760 | 0.9273
1776 | 0.928607
1792 | 0.930468
1808 | 0.932657
1824 | 0.93049
1840 | 0.922714
1856 | 0.912498
1872 | 0.910526
1888 | 0.907774
1904 | 0.901355
1920 | 0.899291
1936 | 0.90117
1952 | 0.906074
1968 | 0.908397
1984 | 0.902866
2000 | 0.888974
2016 | 0.877928
2032 | 0.8708
2048 | 0.866741
2064 | 0.863605
2080 | 0.865408
2096 | 0.868474
2112 | 0.870575
2128 | 0.865245
2144 | 0.86069
2160 | 0.861224
2176 | 0.862317
2192 | 0.859326
2208 | 0.857379
2224 | 0.862082
2240 | 0.873509
2256 | 0.890128
2272 | 0.900681
2288 | 0.898826
2304 | 0.883339
2320 | 0.857073
2336 | 0.8208
2352 | 0.782352
2368 | 0.750308
2384 | 0.716758
2400 | 0.678422
2416 | 0.629503
2432 | 0.567693
2448 | 0.502887
2464 | 0.436214
2480 | 0.364264
2496 | 0.288125
2512 | 0.213693
2528 | 0.159818
2544 | 0.111372
Valeur de l'integrale : 2086.94
