0
0
0
0
0
0
0
0.0408388
0.0871807
0.133718
0.176368
0.212035
0.240868
0.239339
0.237187
0.235458
0.237765
0.238827
0.239364
0.23729
0.26387
0.284621
0.306998
0.326501
0.305331
0.274233
0.226254
0.180065
0.141432
0.113388
0.113864
0.113864
0.113864
0.112805
0.111512
0.11278
0.117488
0.0920834
0.0685659
0.0457027
0.0299876
0.0146023
0
0
0
0
0
0
0
0.0283657
0.0580948
0.0887418
0.114861
0.112584
0.109052
0.110312
0.168829
0.229968
0.235656
0.243114
0.250158
0.251801
0.251702
0.250174
0.249902
0.249777
0.216995
0.183752
0.153202
0.127984
0.131264
0.132053
0.131012
0.0646774
0
0
0
0
0
0
0
0
0
0
0
0
0
0
0
0
0
0
0
0
0
0
0
0
0
0
0
0
0
0
0
0
0
0
0
0
0
0
0
0
0
0
0
0
0
0
0
0
0
0
0
0
0
0
0
0
0
0
0
0
0
0
0
0
0
0
0
0
0