0
0
0
0
0
0
0.0395447
0.0844704
0.129624
0.171048
0.205621
0.230863
0.226485
0.222726
0.220861
0.221362
0.223914
0.224417
0.222747
0.250486
0.270191
0.289289
0.305741
0.324236
0.303692
0.25978
0.212706
0.169955
0.135363
0.107414
0.106318
0.106318
0.106318
0.105396
0.106332
0.109472
0.114058
0.0864029
0.0643509
0.0429029
0.0281709
0.0137464
0
0
0
0
0
0
0.026478
0.0542006
0.0827229
0.109331
0.109287
0.106091
0.104082
0.159087
0.216462
0.221512
0.228433
0.235907
0.23808
0.235926
0.233394
0.232079
0.231845
0.231738
0.201444
0.173837
0.147879
0.123955
0.123208
0.123904
0.122987
0.0607968
0
0
0
0
0
0
0
0
0
0
0
0
0
0
0
0
0
0
0
0
0
0
0
0
0
0
0
0
0
0
0
0
0
0
0
0
0
0
0
0
0
0
0
0
0
0
0
0
0
0
0
0
0
0
0
0
0
0
0
0
0
0
0
0
0
0
0
0