0
0
0
0
0
0.0383301
0.0819234
0.125773
0.16604
0.199687
0.224193
0.217618
0.211553
0.208269
0.208413
0.209308
0.211199
0.209747
0.235967
0.257229
0.275411
0.288946
0.304611
0.321762
0.288386
0.244848
0.201234
0.162949
0.128526
0.100674
0.0997104
0.0997104
0.0997121
0.100757
0.103386
0.106487
0.10741
0.0813826
0.0606241
0.0404293
0.0265989
0.0130479
0
0
0
0
0
0.0248259
0.0507958
0.0774672
0.102305
0.104306
0.103158
0.101381
0.150408
0.204455
0.208954
0.215118
0.222059
0.225137
0.22384
0.219768
0.217568
0.216426
0.216222
0.216129
0.191234
0.168146
0.143498
0.116801
0.116084
0.116702
0.115897
0.0574419
0
0
0
0
0
0
0
0
0
0
0
0
0
0
0
0
0
0
0
0
0
0
0
0
0
0
0
0
0
0
0
0
0
0
0
0
0
0
0
0
0
0
0
0
0
0
0
0
0
0
0
0
0
0
0
0
0
0
0
0
0
0
0
0
0
0
0