0
0
0
0
0.0371879
0.0795256
0.122144
0.161317
0.194085
0.218005
0.211681
0.203796
0.198467
0.197164
0.197693
0.198156
0.198156
0.222899
0.243082
0.262878
0.275716
0.288639
0.303179
0.306351
0.272495
0.232145
0.193254
0.155028
0.120774
0.0947297
0.093876
0.0938776
0.0955499
0.0981078
0.10072
0.100671
0.101495
0.0769136
0.0573093
0.0382763
0.0253087
0.0124483
0
0
0
0
0.0236641
0.0477934
0.0728394
0.0961256
0.0979407
0.0987091
0.0986989
0.146634
0.19371
0.197744
0.203256
0.209457
0.212491
0.212361
0.209243
0.20568
0.203753
0.20275
0.202572
0.205802
0.185341
0.163443
0.135678
0.110427
0.109739
0.110299
0.109739
0.0547081
0
0
0
0
0
0
0
0
0
0
0
0
0
0
0
0
0
0
0
0
0
0
0
0
0
0
0
0
0
0
0
0
0
0
0
0
0
0
0
0
0
0
0
0
0
0
0
0
0
0
0
0
0
0
0
0
0
0
0
0
0
0
0
0
0
0