320 | 0.546432
336 | 0.579454
352 | 0.610072
368 | 0.644783
384 | 0.675808
400 | 0.701658
416 | 0.722243
432 | 0.738341
448 | 0.757538
464 | 0.780592
480 | 0.807867
496 | 0.833295
512 | 0.851322
528 | 0.85943
544 | 0.858366
560 | 0.856294
576 | 0.856294
592 | 0.855669
608 | 0.855027
624 | 0.853493
640 | 0.845818
656 | 0.837118
672 | 0.831415
688 | 0.828692
704 | 0.829773
720 | 0.834981
736 | 0.839902
752 | 0.851506
768 | 0.86376
784 | 0.872123
800 | 0.875773
816 | 0.876049
832 | 0.871847
848 | 0.866266
864 | 0.86761
880 | 0.870056
896 | 0.869292
912 | 0.869933
928 | 0.874958
944 | 0.884278
960 | 0.899289
976 | 0.915254
992 | 0.930739
1008 | 0.939381
1024 | 0.94488
1040 | 0.948142
1056 | 0.95302
1072 | 0.951432
1088 | 0.941212
1104 | 0.93045
1120 | 0.926536
1136 | 0.923127
1152 | 0.920526
1168 | 0.922097
1184 | 0.919905
1200 | 0.915967
1216 | 0.908676
1232 | 0.895982
1248 | 0.887232
1264 | 0.884475
1280 | 0.885862
1296 | 0.887806
1312 | 0.888857
1328 | 0.889404
1344 | 0.889502
1360 | 0.885628
1376 | 0.878739
1392 | 0.879023
1408 | 0.889916
1424 | 0.901214
1440 | 0.904594
1456 | 0.907272
1472 | 0.912934
1488 | 0.91739
1504 | 0.921608
1520 | 0.924949
1536 | 0.931238
1552 | 0.942256
1568 | 0.949397
1584 | 0.951621
1600 | 0.949834
1616 | 0.943752
1632 | 0.939853
1648 | 0.938262
1664 | 0.936969
1680 | 0.93927
1696 | 0.941979
1712 | 0.938359
1728 | 0.934402
1744 | 0.933928
1760 | 0.933922
1776 | 0.93402
1792 | 0.934772
1808 | 0.936195
1824 | 0.93467
1840 | 0.928586
1856 | 0.918617
1872 | 0.911309
1888 | 0.906175
1904 | 0.900877
1920 | 0.901538
1936 | 0.908751
1952 | 0.912525
1968 | 0.908968
1984 | 0.900566
2000 | 0.888699
2016 | 0.883016
2032 | 0.883764
2048 | 0.885908
2064 | 0.885546
2080 | 0.885049
2096 | 0.881065
2112 | 0.872066
2128 | 0.858278
2144 | 0.850921
2160 | 0.853078
2176 | 0.862898
2192 | 0.870236
2208 | 0.875272
2224 | 0.880364
2240 | 0.881628
2256 | 0.878804
2272 | 0.874417
2288 | 0.870163
2304 | 0.865813
2320 | 0.859998
2336 | 0.844171
2352 | 0.816914
2368 | 0.782621
2384 | 0.737597
2400 | 0.690041
2416 | 0.649115
2432 | 0.617077
2448 | 0.591544
2464 | 0.564168
2480 | 0.526048
2496 | 0.475359
2512 | 0.420934
2528 | 0.362889
2544 | 0.300791
Valeur de l'integrale : 1895.57
