0
0
0
0
0
0
0
0
0
0
0
0
0
0
0
0
0
0
0
0
0
0.200044
0.469834
0.843228
0.962199
0.937194
0.801924
0.431824
0.159901
0
0
0
0
0
0.143272
0.261915
0.403098
0.343768
0.312829
0.279233
0.183116
0.084619
0
0
0
0
0
0
0
0
0
0
0
0
0
0
0
0
0
0
0
0
0
0.138514
0.291052
0.46793
0.471821
0.323173
0.153197
0.00535008
0.375758
0.865964
0.953407
0.514925
0
0
0
0
0
0
0
0
0
0
0
0
0
0
0
0
0
0
0
0
0
0
0
0
0
0
0
0
0
0
0
0
0
0
0
0
0
0
0
0
0
0
0
0
0
0
0
0
0
0
0
0
0
0
0
0
0
0
0
0
0
0
0
0
0
0
0
0
0
0
0
0
0
0
0
0
0
0
0
0
0
0
0