0
0
0
0
0
0
0
0
0
0
0
0
0
0
0
0
0
0
0
0
0.155206
0.346289
0.581729
0.870441
0.930996
0.85436
0.550898
0.29232
0.114062
0
0
0
0
0.109316
0.197519
0.286852
0.375535
0.329311
0.303278
0.20766
0.131321
0.0625603
0
0
0
0
0
0
0
0
0
0
0
0
0
0
0
0
0
0
0
0
0.104853
0.21481
0.33876
0.464987
0.359704
0.238641
0.119729
0.274848
0.588777
0.672593
0.759176
0.409727
0
0
0
0
0
0
0
0
0
0
0
0
0
0
0
0
0
0
0
0
0
0
0
0
0
0
0
0
0
0
0
0
0
0
0
0
0
0
0
0
0
0
0
0
0
0
0
0
0
0
0
0
0
0
0
0
0
0
0
0
0
0
0
0
0
0
0
0
0
0
0
0
0
0
0
0
0
0
0
0
0
0