0
0
0
0
0
0
0
0
0
0
0
0
0
0
0
0
0
0
0
0.12693
0.281606
0.453235
0.646492
0.863831
0.866798
0.63598
0.40211
0.220943
0.09134
0
0
0
0.0877081
0.159558
0.229704
0.286028
0.358225
0.318676
0.242537
0.160155
0.103463
0.0521504
0
0
0
0
0
0
0
0
0
0
0
0
0
0
0
0
0
0
0
0.0856199
0.172541
0.265912
0.360374
0.377768
0.285469
0.197111
0.314133
0.45566
0.492505
0.569758
0.637543
0.308134
0
0
0
0
0
0
0
0
0
0
0
0
0
0
0
0
0
0
0
0
0
0
0
0
0
0
0
0
0
0
0
0
0
0
0
0
0
0
0
0
0
0
0
0
0
0
0
0
0
0
0
0
0
0
0
0
0
0
0
0
0
0
0
0
0
0
0
0
0
0
0
0
0
0
0
0
0
0
0
0
0