0
0
0
0
0
0
0
0
0
0
0
0
0
0
0
0
0
0
0.103953
0.237512
0.379931
0.52339
0.673936
0.823546
0.681757
0.488411
0.316601
0.182314
0.0766502
0
0
0.071436
0.132991
0.192578
0.237244
0.285463
0.344952
0.266301
0.196901
0.131516
0.0890049
0.0432331
0
0
0
0
0
0
0
0
0
0
0
0
0
0
0
0
0
0
0.0739358
0.145988
0.221389
0.294598
0.306144
0.313403
0.244778
0.347487
0.455649
0.396199
0.435013
0.498396
0.506563
0.232249
0
0
0
0
0
0
0
0
0
0
0
0
0
0
0
0
0
0
0
0
0
0
0
0
0
0
0
0
0
0
0
0
0
0
0
0
0
0
0
0
0
0
0
0
0
0
0
0
0
0
0
0
0
0
0
0
0
0
0
0
0
0
0
0
0
0
0
0
0
0
0
0
0
0
0
0
0
0
0
0