96 | 0
112 | 0
128 | 0
144 | 0
160 | 0.00629579
176 | 0.0430267
192 | 0.16448
208 | 0.340128
224 | 0.516858
240 | 0.6691
256 | 0.790799
272 | 0.868396
288 | 0.903844
304 | 0.909682
320 | 0.900795
336 | 0.87774
352 | 0.841242
368 | 0.819971
384 | 0.813548
400 | 0.811479
416 | 0.799063
432 | 0.774087
448 | 0.765587
464 | 0.75444
480 | 0.769133
496 | 0.808947
512 | 0.855761
528 | 0.897065
544 | 0.913191
560 | 0.926008
576 | 0.934874
592 | 0.932861
608 | 0.916426
624 | 0.894069
640 | 0.863147
656 | 0.816379
672 | 0.755294
688 | 0.724193
704 | 0.725086
720 | 0.747562
736 | 0.778378
752 | 0.827431
768 | 0.885104
784 | 0.915827
800 | 0.933734
816 | 0.943747
832 | 0.951238
848 | 0.942626
864 | 0.933767
880 | 0.930749
896 | 0.928655
912 | 0.926436
928 | 0.937052
944 | 0.957087
960 | 0.962335
976 | 0.962258
992 | 0.96212
1008 | 0.96251
1024 | 0.963365
1040 | 0.964748
1056 | 0.965106
1072 | 0.952798
1088 | 0.922185
1104 | 0.889681
1120 | 0.876371
1136 | 0.864065
1152 | 0.843872
1168 | 0.836735
1184 | 0.852633
1200 | 0.873197
1216 | 0.85255
1232 | 0.798214
1248 | 0.784336
1264 | 0.806459
1280 | 0.841063
1296 | 0.867746
1312 | 0.898989
1328 | 0.937491
1344 | 0.959891
1360 | 0.961146
1376 | 0.946951
1392 | 0.937775
1408 | 0.933876
1424 | 0.930729
1440 | 0.927268
1456 | 0.935818
1472 | 0.953591
1488 | 0.958883
1504 | 0.958128
1520 | 0.95655
1536 | 0.95505
1552 | 0.953469
1568 | 0.952034
1584 | 0.951763
1600 | 0.94863
1616 | 0.929299
1632 | 0.918809
1648 | 0.919117
1664 | 0.920769
1680 | 0.922143
1696 | 0.917949
1712 | 0.916782
1728 | 0.913457
1744 | 0.914668
1760 | 0.916265
1776 | 0.918208
1792 | 0.932104
1808 | 0.952258
1824 | 0.955874
1840 | 0.939211
1856 | 0.909586
1872 | 0.885289
1888 | 0.863707
1904 | 0.839434
1920 | 0.841182
1936 | 0.869069
1952 | 0.900901
1968 | 0.909626
1984 | 0.899681
2000 | 0.88001
2016 | 0.857826
2032 | 0.834346
2048 | 0.822631
2064 | 0.831201
2080 | 0.857492
2096 | 0.886773
2112 | 0.893922
2128 | 0.870621
2144 | 0.84062
2160 | 0.820383
2176 | 0.818847
2192 | 0.838627
2208 | 0.874629
2224 | 0.918158
2240 | 0.943912
2256 | 0.954734
2272 | 0.951485
2288 | 0.927883
2304 | 0.880225
2320 | 0.802654
2336 | 0.68973
2352 | 0.543947
2368 | 0.412875
2384 | 0.283805
2400 | 0.176435
2416 | 0.0942982
2432 | 0.0376945
2448 | 0.0066345
2464 | 0
2480 | 0
2496 | 0
2512 | 0
2528 | 0
2544 | 0
Valeur de l'integrale : 1913
