0
0
0
0
0
0
0
0
0
0
0
0
0
0
0
0.00207562
0.0373912
0.0744702
0.110577
0.146684
0.18279
0.218897
0.252747
0.252747
0.252549
0.250974
0.250974
0.250974
0.250974
0.250974
0.250974
0.235472
0.200844
0.164737
0.12863
0.0925235
0.0564168
0.02031
0
0
0
0
0
0
0
0
0
0
0
0
0
0
0
0
0
0
0
0
0
0
0
0
0.0476732
0.096936
0.14694
0.212932
0.263568
0.322411
0.394465
0.363324
0.327217
0.291111
0.277353
0.237206
0.181102
0.135273
0.0971312
0.0648932
0.0876571
0.096936
0.14694
0.212932
0.291023
0.384878
0.499805
0.485184
0.421998
0.34927
0.272019
0.190619
0.103937
0.0408983
0.00531423
0
0
0
0
0
0
0
0
0
0
0
0
0
0.0343598
0.077807
0.132464
0.209423
0.310834
0.396989
0.464196
0.388597
0.304733
0.233525
0.170799
0.10373
0.046131
0
0
0
0
0
0
0
0
0
0
0
0
0
0
0
0
0
0
0
0
0
0
0
0
0
0
0
0
0
0
0
0
0
0
0
0
0
0
0
0
0
0
0
0
0
0
0
0
0
0
0
0
0
0
0
0
0
0
0
0
0
0
0
0
0
0
0
0
0
0
0
0
0
0
0
0
0
0
0
0
0
0
0
0
0
0
0
0
0
0
0
0
0
0
0
0
0
0
0
0
0
0
0
0
0
0
0
0
0
0
0
0