0
0
0
0
0
0
0
0
0
0
0
0
0
0
0.00182757
0.0311877
0.0637119
0.0967548
0.128348
0.159942
0.191535
0.223128
0.252747
0.252574
0.251195
0.251195
0.251195
0.251195
0.251195
0.251195
0.237457
0.206199
0.175738
0.144145
0.112552
0.0809581
0.0493647
0.0177713
0
0
0
0
0
0
0
0
0
0
0
0
0
0
0
0
0
0
0
0
0
0
0
0.0434438
0.0882891
0.133199
0.178917
0.218268
0.262445
0.31453
0.376856
0.349502
0.317909
0.305851
0.241094
0.189198
0.147457
0.112047
0.0816302
0.102303
0.124726
0.133199
0.178917
0.241004
0.313293
0.398524
0.482847
0.432435
0.368773
0.300692
0.227485
0.144225
0.0815505
0.0330882
0.00470011
0
0
0
0
0
0
0
0
0
0
0
0
0.0309704
0.0652497
0.10882
0.168526
0.252439
0.325556
0.385699
0.392733
0.323507
0.257206
0.204767
0.155762
0.0914305
0.0394708
0
0
0
0
0
0
0
0
0
0
0
0
0
0
0
0
0
0
0
0
0
0
0
0
0
0
0
0
0
0
0
0
0
0
0
0
0
0
0
0
0
0
0
0
0
0
0
0
0
0
0
0
0
0
0
0
0
0
0
0
0
0
0
0
0
0
0
0
0
0
0
0
0
0
0
0
0
0
0
0
0
0
0
0
0
0
0
0
0
0
0
0
0
0
0
0
0
0
0
0
0
0
0
0
0
0
0
0
0
0
0