0
0
0
0
0
0
0
0
0
0
0
0
0
0.00163806
0.027847
0.0542414
0.0842995
0.114087
0.14217
0.170253
0.198336
0.226419
0.252593
0.251366
0.251366
0.251366
0.251366
0.251366
0.251366
0.239147
0.211217
0.183399
0.156212
0.128129
0.100046
0.0719628
0.0438797
0.0157967
0
0
0
0
0
0
0
0
0
0
0
0
0
0
0
0
0
0
0
0
0
0
0.0399037
0.0810947
0.122286
0.16355
0.186256
0.221287
0.261532
0.308251
0.36314
0.338752
0.32802
0.270281
0.197253
0.157351
0.124354
0.0956287
0.114562
0.135158
0.155753
0.16355
0.205657
0.264161
0.331374
0.394946
0.436466
0.383947
0.323092
0.256623
0.177167
0.115661
0.0670985
0.0295292
0.00422989
0
0
0
0
0
0
0
0
0
0
0
0.0282869
0.059196
0.0923382
0.140562
0.207852
0.271492
0.325006
0.335043
0.333353
0.277093
0.227976
0.188186
0.139094
0.0796359
0.0344911
0
0
0
0
0
0
0
0
0
0
0
0
0
0
0
0
0
0
0
0
0
0
0
0
0
0
0
0
0
0
0
0
0
0
0
0
0
0
0
0
0
0
0
0
0
0
0
0
0
0
0
0
0
0
0
0
0
0
0
0
0
0
0
0
0
0
0
0
0
0
0
0
0
0
0
0
0
0
0
0
0
0
0
0
0
0
0
0
0
0
0
0
0
0
0
0
0
0
0
0
0
0
0
0
0
0
0
0
0
0