0
0
0
0
0
0
0
0
0
0
0
0
0
0
0
0
0
0
0
0
0
0.0157967
0.252747
0.252747
0.252747
0.252747
0.252747
0.252747
0.252747
0.252747
0.251366
0.242105
0.252747
0.252747
0.252747
0.252747
0.252747
0.14217
0
0
0
0
0
0
0
0
0
0
0
0
0
0
0
0
0
0
0
0
0
0
0
0
0
0
0
0
0
0
0.467235
0.505495
0.505495
0.505495
0.268544
0.252747
0.252747
0.252747
0.252747
0.252747
0.40847
0
0
0
0
0
0.467235
0.505495
0.505495
0.505495
0.505495
0.505495
0.505495
0.363324
0.0631868
0
0
0
0
0
0
0
0
0
0
0
0
0
0
0
0
0
0
0
0.424658
0.505495
0.505495
0.559868
0.580137
0.416628
0.321171
0
0
0
0
0
0
0
0
0
0
0
0
0
0
0
0
0
0
0
0
0
0
0
0
0
0
0
0
0
0
0
0
0
0
0
0
0
0
0
0
0
0
0
0
0
0
0
0
0
0
0
0
0
0
0
0
0
0
0
0
0
0
0
0
0
0
0
0
0
0
0
0
0
0
0
0
0
0
0
0
0
0
0
0
0
0
0
0
0
0
0
0
0
0
0
0
0
0
0
0
0
0
0
0
0
0
0
0
0
0
0
0
0
0
0
0
0
0