160 | 0.62255
176 | 0.691677
192 | 0.75079
208 | 0.792771
224 | 0.807336
240 | 0.792281
256 | 0.749098
272 | 0.680434
288 | 0.586497
304 | 0.489755
320 | 0.399262
336 | 0.311179
352 | 0.230109
368 | 0.160418
384 | 0.107247
400 | 0.0708136
416 | 0.0213828
432 | 0
448 | 0
464 | 0
480 | 0
496 | 0
512 | 0
528 | 0
544 | 0
560 | 0
576 | 0
592 | 0
608 | 0
624 | 0
640 | 0
656 | 0
672 | 0
688 | 0
704 | 0
720 | 0
736 | 0
752 | 0
768 | 0
784 | 0
800 | 0
816 | 0
832 | 0
848 | 0
864 | 0
880 | 0
896 | 0
912 | 0
928 | 0
944 | 0.00377747
960 | 0.0241071
976 | 0.0620192
992 | 0.117514
1008 | 0.190486
1024 | 0.279599
1040 | 0.41309
1056 | 0.532271
1072 | 0.636283
1088 | 0.727849
1104 | 0.791503
1120 | 0.832074
1136 | 0.84615
1152 | 0.83373
1168 | 0.795144
1184 | 0.733184
1200 | 0.648513
1216 | 0.562714
1232 | 0.480611
1248 | 0.403076
1264 | 0.38612
1280 | 0.400451
1296 | 0.472971
1312 | 0.554572
1328 | 0.639929
1344 | 0.727849
1360 | 0.791503
1376 | 0.832074
1392 | 0.84615
1408 | 0.83373
1424 | 0.795144
1440 | 0.733184
1456 | 0.648513
1472 | 0.562714
1488 | 0.480611
1504 | 0.403687
1520 | 0.394434
1536 | 0.428004
1552 | 0.522268
1568 | 0.613953
1584 | 0.699446
1600 | 0.762875
1616 | 0.814401
1632 | 0.842055
1648 | 0.846935
1664 | 0.850593
1680 | 0.853708
1696 | 0.854302
1712 | 0.853977
1728 | 0.853977
1744 | 0.853605
1760 | 0.861616
1776 | 0.874364
1792 | 0.894735
1808 | 0.920678
1824 | 0.929338
1840 | 0.918408
1856 | 0.889886
1872 | 0.851757
1888 | 0.817861
1904 | 0.793001
1920 | 0.781711
1936 | 0.778907
1952 | 0.779876
1968 | 0.779598
1984 | 0.780833
2000 | 0.805249
2016 | 0.849503
2032 | 0.88885
2048 | 0.906302
2064 | 0.903709
2080 | 0.877405
2096 | 0.831203
2112 | 0.764305
2128 | 0.689487
2144 | 0.626174
2160 | 0.541423
2176 | 0.423367
2192 | 0.286105
2208 | 0.195742
2224 | 0.125343
2240 | 0.0890797
2256 | 0.0879808
2272 | 0.122047
2288 | 0.190486
2304 | 0.279599
2320 | 0.41309
2336 | 0.532271
2352 | 0.621143
2368 | 0.691804
2384 | 0.740727
2400 | 0.757711
2416 | 0.744815
2432 | 0.717303
2448 | 0.690087
2464 | 0.668768
2480 | 0.64346
2496 | 0.627196
2512 | 0.640375
2528 | 0.666935
2544 | 0.70614
2560 | 0.74082
2576 | 0.780654
2592 | 0.808039
2608 | 0.808869
2624 | 0.780973
2640 | 0.734925
2656 | 0.686885
2672 | 0.63588
2688 | 0.59126
2704 | 0.554574
2720 | 0.585908
2736 | 0.629632
2752 | 0.664478
2768 | 0.710932
2784 | 0.781192
2800 | 0.844758
2816 | 0.880923
2832 | 0.902457
2848 | 0.919591
2864 | 0.927404
2880 | 0.923222
2896 | 0.9151
2912 | 0.921977
2928 | 0.92975
2944 | 0.923468
2960 | 0.907192
2976 | 0.885703
2992 | 0.851292
3008 | 0.789359
3024 | 0.705493
3040 | 0.626281
3056 | 0.541519
3072 | 0.433412
3088 | 0.319697
3104 | 0.234922
3120 | 0.165088
3136 | 0.110063
3152 | 0.0750659
3168 | 0.0707555
3184 | 0.0947286
3200 | 0.130482
3216 | 0.166851
3232 | 0.192196
3248 | 0.216713
3264 | 0.283295
3280 | 0.370433
3296 | 0.477782
3312 | 0.586987
3328 | 0.681584
3344 | 0.760445
3360 | 0.824647
3376 | 0.874657
3392 | 0.911353
3408 | 0.935388
3424 | 0.946909
3440 | 0.947563
3456 | 0.944552
3472 | 0.921743
3488 | 0.799484
3504 | 0.670654
3520 | 0.538059
3536 | 0.416283
3552 | 0.310217
3568 | 0.221798
3584 | 0.152694
3600 | 0.100057
3616 | 0.0600339
3632 | 0.0303277
3648 | 0.0117417
3664 | 0.00149614
3680 | 0
3696 | 0
3712 | 0
3728 | 0
3744 | 0
3760 | 0
3776 | 0
3792 | 0
Valeur de l'integrale : 1806.37
