0
0
0
0
0
0
0
0
0
0
0
0
0.00148416
0.0252307
0.0489772
0.0729497
0.100843
0.127953
0.153228
0.178503
0.203777
0.228926
0.251504
0.251504
0.251504
0.251504
0.251504
0.251504
0.2405
0.21535
0.1902
0.165139
0.140591
0.115316
0.0900412
0.0647665
0.0394918
0.0142092
0
0
0
0
0
0
0
0
0
0
0
0
0
0
0
0
0
0
0
0
0
0.0368971
0.0749845
0.113072
0.151159
0.171464
0.191288
0.22382
0.260777
0.30313
0.352153
0.345758
0.293664
0.225661
0.166903
0.134681
0.10751
0.124974
0.144018
0.163061
0.182105
0.189325
0.22835
0.28359
0.334121
0.364339
0.392625
0.341075
0.280232
0.204603
0.144691
0.0965406
0.0603487
0.0267603
0.00384519
0
0
0
0
0
0
0
0
0
0
0.026039
0.054347
0.0842523
0.120558
0.176155
0.228218
0.276802
0.288278
0.290845
0.28957
0.247859
0.210833
0.169504
0.122694
0.0705367
0.0321186
0
0
0
0
0
0
0
0
0
0
0
0
0
0
0
0
0
0
0
0
0
0
0
0
0
0
0
0
0
0
0
0
0
0
0
0
0
0
0
0
0
0
0
0
0
0
0
0
0
0
0
0
0
0
0
0
0
0
0
0
0
0
0
0
0
0
0
0
0
0
0
0
0
0
0
0
0
0
0
0
0
0
0
0
0
0
0
0
0
0
0
0
0
0
0
0
0
0
0
0
0
0
0
0
0
0
0
0
0