0
0
0
0
0
0
0
0
0
0
0
0.00133651
0.0230638
0.0447708
0.0664779
0.0884354
0.114428
0.139298
0.162275
0.185252
0.208125
0.230172
0.251616
0.251616
0.251616
0.251616
0.251616
0.241609
0.218734
0.19586
0.172986
0.150187
0.12781
0.104833
0.0818556
0.0588786
0.0358837
0.0128667
0
0
0
0
0
0
0
0
0
0
0
0
0
0
0
0
0
0
0
0
0.0343118
0.0697305
0.105149
0.140568
0.159384
0.177162
0.195612
0.225975
0.260141
0.298875
0.357276
0.312818
0.249276
0.193687
0.144647
0.117721
0.133927
0.151636
0.169346
0.187055
0.204764
0.211487
0.24785
0.28953
0.31267
0.333275
0.352891
0.29975
0.227807
0.169697
0.122277
0.0874196
0.0550239
0.0244662
0.00355528
0
0
0
0
0
0
0
0
0
0.0243071
0.0502462
0.0777082
0.110585
0.152846
0.196336
0.236713
0.249707
0.254944
0.256949
0.261352
0.230463
0.191258
0.150804
0.109754
0.0661137
0.0301416
0
0
0
0
0
0
0
0
0
0
0
0
0
0
0
0
0
0
0
0
0
0
0
0
0
0
0
0
0
0
0
0
0
0
0
0
0
0
0
0
0
0
0
0
0
0
0
0
0
0
0
0
0
0
0
0
0
0
0
0
0
0
0
0
0
0
0
0
0
0
0
0
0
0
0
0
0
0
0
0
0
0
0
0
0
0
0
0
0
0
0
0
0
0
0
0
0
0
0
0
0
0
0
0
0
0
0
0