176 | 0.641006
192 | 0.69922
208 | 0.750137
224 | 0.776365
240 | 0.775311
256 | 0.750385
272 | 0.702447
288 | 0.631729
304 | 0.54216
320 | 0.451187
336 | 0.366458
352 | 0.286187
368 | 0.23341
384 | 0.191412
400 | 0.164514
416 | 0.15315
432 | 0.133899
448 | 0.139298
464 | 0.162275
480 | 0.185252
496 | 0.208125
512 | 0.230172
528 | 0.251616
544 | 0.251616
560 | 0.251616
576 | 0.251616
592 | 0.251616
608 | 0.241609
624 | 0.218734
640 | 0.19586
656 | 0.172986
672 | 0.150187
688 | 0.12781
704 | 0.104833
720 | 0.0818556
736 | 0.0588786
752 | 0.0358837
768 | 0.0128667
784 | 0
800 | 0
816 | 0
832 | 0
848 | 0
864 | 0
880 | 0
896 | 0
912 | 0
928 | 0
944 | 0.00343407
960 | 0.0219156
976 | 0.0563811
992 | 0.106831
1008 | 0.173178
1024 | 0.254316
1040 | 0.378231
1056 | 0.490166
1072 | 0.588915
1088 | 0.676678
1104 | 0.773003
1120 | 0.857748
1136 | 0.918575
1152 | 0.954764
1168 | 0.949711
1184 | 0.919748
1200 | 0.879868
1216 | 0.841316
1232 | 0.808319
1248 | 0.785764
1264 | 0.789797
1280 | 0.744131
1296 | 0.730092
1312 | 0.73525
1328 | 0.752889
1344 | 0.797586
1360 | 0.872618
1376 | 0.939653
1392 | 0.982772
1408 | 1.00125
1424 | 0.995091
1440 | 0.954073
1456 | 0.932106
1472 | 0.904871
1488 | 0.860848
1504 | 0.820611
1520 | 0.792378
1536 | 0.754939
1552 | 0.753443
1568 | 0.768136
1584 | 0.791191
1600 | 0.806658
1616 | 0.823575
1632 | 0.82988
1648 | 0.824168
1664 | 0.834493
1680 | 0.847895
1696 | 0.857332
1712 | 0.865468
1728 | 0.867906
1744 | 0.86761
1760 | 0.865311
1776 | 0.870884
1792 | 0.881227
1808 | 0.92084
1824 | 0.961891
1840 | 0.988228
1856 | 1.00117
1872 | 1.01709
1888 | 1.03528
1904 | 1.05508
1920 | 1.05576
1936 | 1.05618
1952 | 1.05662
1968 | 1.05213
1984 | 1.00869
2000 | 0.981013
2016 | 0.97242
2032 | 0.9706
2048 | 0.95409
2064 | 0.926316
2080 | 0.882224
2096 | 0.84529
2112 | 0.78831
2128 | 0.711405
2144 | 0.63693
2160 | 0.578247
2176 | 0.498559
2192 | 0.387609
2208 | 0.26021
2224 | 0.181381
2240 | 0.13243
2256 | 0.115447
2272 | 0.130432
2288 | 0.177297
2304 | 0.254316
2320 | 0.378231
2336 | 0.490166
2352 | 0.573433
2368 | 0.640053
2384 | 0.689284
2400 | 0.717482
2416 | 0.71828
2432 | 0.705522
2448 | 0.692764
2464 | 0.683293
2480 | 0.679971
2496 | 0.670163
2512 | 0.668515
2528 | 0.680421
2544 | 0.702511
2560 | 0.718502
2576 | 0.740885
2592 | 0.765577
2608 | 0.778694
2624 | 0.76712
2640 | 0.740034
2656 | 0.709146
2672 | 0.677055
2688 | 0.643113
2704 | 0.615171
2720 | 0.611419
2736 | 0.638502
2752 | 0.656915
2768 | 0.687105
2784 | 0.741424
2800 | 0.802127
2816 | 0.848416
2832 | 0.880561
2848 | 0.907955
2864 | 0.923437
2880 | 0.92412
2896 | 0.919412
2912 | 0.919057
2928 | 0.925501
2944 | 0.926563
2960 | 0.912556
2976 | 0.885675
2992 | 0.853667
3008 | 0.808926
3024 | 0.737126
3040 | 0.653053
3056 | 0.578339
3072 | 0.505992
3088 | 0.411134
3104 | 0.292359
3120 | 0.214551
3136 | 0.148548
3152 | 0.100872
3168 | 0.0820256
3184 | 0.0910033
3200 | 0.12098
3216 | 0.154971
3232 | 0.18981
3248 | 0.219118
3264 | 0.262612
3280 | 0.343755
3296 | 0.439439
3312 | 0.537945
3328 | 0.629322
3344 | 0.712558
3360 | 0.781755
3376 | 0.837137
3392 | 0.880816
3408 | 0.913356
3424 | 0.934894
3440 | 0.945098
3456 | 0.945099
3472 | 0.926496
3488 | 0.817299
3504 | 0.702929
3520 | 0.583708
3536 | 0.468663
3552 | 0.364205
3568 | 0.27358
3584 | 0.199927
3600 | 0.14151
3616 | 0.0947471
3632 | 0.0564017
3648 | 0.0285217
3664 | 0.0110043
3680 | 0.00139697
3696 | 0
3712 | 0
3728 | 0
3744 | 0
3760 | 0
3776 | 0
3792 | 0
Valeur de l'integrale : 2019.43
