0
0
0
0
0
0
0
0
0
0
0.00119935
0.0209483
0.0412298
0.0612201
0.0812103
0.101465
0.125782
0.148752
0.169815
0.190789
0.211069
0.232045
0.25171
0.25171
0.25171
0.25171
0.242533
0.221557
0.200581
0.179606
0.15863
0.137717
0.117159
0.0960966
0.0750343
0.0539474
0.0327747
0.0117989
0
0
0
0
0
0
0
0
0
0
0
0
0
0
0
0
0
0
0
0.0320651
0.0651646
0.0982641
0.131364
0.148948
0.165497
0.182113
0.199368
0.227831
0.259599
0.307454
0.326186
0.269214
0.216544
0.169649
0.127628
0.141707
0.158257
0.174807
0.191356
0.207906
0.224456
0.230745
0.25544
0.273836
0.289512
0.304201
0.313693
0.247689
0.191462
0.144966
0.111387
0.0801363
0.0505626
0.0227198
0.00327951
0
0
0
0
0
0
0
0
0.0226285
0.0470623
0.0721265
0.102436
0.141023
0.17227
0.206278
0.216613
0.224303
0.228519
0.234483
0.244317
0.210366
0.171382
0.13582
0.103371
0.0623838
0.0283939
0
0
0
0
0
0
0
0
0
0
0
0
0
0
0
0
0
0
0
0
0
0
0
0
0
0
0
0
0
0
0
0
0
0
0
0
0
0
0
0
0
0
0
0
0
0
0
0
0
0
0
0
0
0
0
0
0
0
0
0
0
0
0
0
0
0
0
0
0
0
0
0
0
0
0
0
0
0
0
0
0
0
0
0
0
0
0
0
0
0
0
0
0
0
0
0
0
0
0
0
0
0
0
0
0
0
0