0
0
0
0
0
0
0
0
0
0.00107472
0.0189502
0.0377218
0.0567329
0.075258
0.093783
0.11258
0.135414
0.156752
0.17612
0.194895
0.214263
0.233632
0.251789
0.251789
0.251789
0.243316
0.223947
0.204579
0.185211
0.165842
0.146474
0.127159
0.108147
0.0887046
0.0692332
0.0496316
0.0302632
0.0108947
0
0
0
0
0
0
0
0
0
0
0
0
0
0
0
0
0
0
0.0300945
0.0611599
0.0922252
0.123291
0.139794
0.155327
0.170859
0.186455
0.20266
0.229447
0.269826
0.284147
0.284147
0.236279
0.191411
0.150919
0.149502
0.164064
0.179596
0.195129
0.210662
0.226195
0.241727
0.238895
0.243582
0.255908
0.267318
0.27462
0.263013
0.210577
0.165118
0.132755
0.102597
0.0739733
0.0471361
0.0210444
0.00304263
0
0
0
0
0
0
0
0.0211667
0.0439557
0.0677624
0.0954297
0.131258
0.159854
0.182778
0.190846
0.197235
0.20359
0.210576
0.220679
0.224408
0.189703
0.155248
0.128353
0.0979394
0.0590522
0.0268378
0
0
0
0
0
0
0
0
0
0
0
0
0
0
0
0
0
0
0
0
0
0
0
0
0
0
0
0
0
0
0
0
0
0
0
0
0
0
0
0
0
0
0
0
0
0
0
0
0
0
0
0
0
0
0
0
0
0
0
0
0
0
0
0
0
0
0
0
0
0
0
0
0
0
0
0
0
0
0
0
0
0
0
0
0
0
0
0
0
0
0
0
0
0
0
0
0
0
0
0
0
0
0
0
0
0