208 | 0.657727
224 | 0.693486
240 | 0.714261
256 | 0.71575
272 | 0.69804
288 | 0.664135
304 | 0.616327
320 | 0.552617
336 | 0.470954
352 | 0.389795
368 | 0.314739
384 | 0.243626
400 | 0.179512
416 | 0.125145
432 | 0.0836647
448 | 0.0552051
464 | 0.0165164
480 | 0
496 | 0
512 | 0
528 | 0
544 | 0
560 | 0
576 | 0
592 | 0
608 | 0
624 | 0
640 | 0
656 | 0
672 | 0
688 | 0
704 | 0
720 | 0
736 | 0
752 | 0
768 | 0
784 | 0
800 | 0
816 | 0
832 | 0
848 | 0
864 | 0
880 | 0
896 | 0
912 | 0
928 | 0
944 | 0.00289474
960 | 0.0184815
976 | 0.0477071
992 | 0.0903952
1008 | 0.146546
1024 | 0.215368
1040 | 0.323614
1056 | 0.42321
1072 | 0.512595
1088 | 0.593261
1104 | 0.647898
1120 | 0.693483
1136 | 0.728263
1152 | 0.749916
1168 | 0.750591
1184 | 0.730078
1200 | 0.698295
1216 | 0.666104
1232 | 0.635771
1248 | 0.596108
1264 | 0.56091
1280 | 0.532566
1296 | 0.529354
1312 | 0.5569
1328 | 0.591366
1344 | 0.633308
1360 | 0.663853
1376 | 0.696269
1392 | 0.728263
1408 | 0.749916
1424 | 0.750591
1440 | 0.730078
1456 | 0.698295
1472 | 0.666104
1488 | 0.635771
1504 | 0.596377
1520 | 0.564993
1536 | 0.548333
1552 | 0.56445
1568 | 0.605184
1584 | 0.647574
1600 | 0.674015
1616 | 0.701095
1632 | 0.726797
1648 | 0.7498
1664 | 0.78088
1680 | 0.811291
1696 | 0.837917
1712 | 0.861963
1728 | 0.877778
1744 | 0.885463
1760 | 0.885832
1776 | 0.883247
1792 | 0.879625
1808 | 0.879976
1824 | 0.877355
1840 | 0.874616
1856 | 0.872132
1872 | 0.863416
1888 | 0.855411
1904 | 0.850059
1920 | 0.844336
1936 | 0.838542
1952 | 0.833339
1968 | 0.823226
1984 | 0.80492
2000 | 0.795965
2016 | 0.803216
2032 | 0.820928
2048 | 0.837264
2064 | 0.855364
2080 | 0.862969
2096 | 0.850341
2112 | 0.816765
2128 | 0.761968
2144 | 0.694839
2160 | 0.620149
2176 | 0.552673
2192 | 0.501482
2208 | 0.430409
2224 | 0.334326
2240 | 0.238802
2256 | 0.198278
2272 | 0.183907
2288 | 0.196504
2304 | 0.235248
2320 | 0.326887
2336 | 0.42321
2352 | 0.497073
2368 | 0.556757
2384 | 0.60128
2400 | 0.628949
2416 | 0.642528
2432 | 0.653016
2448 | 0.664157
2464 | 0.677975
2480 | 0.694597
2496 | 0.71052
2512 | 0.725573
2528 | 0.728148
2544 | 0.728148
2560 | 0.721585
2576 | 0.715753
2592 | 0.710597
2608 | 0.708517
2624 | 0.708517
2640 | 0.708517
2656 | 0.708517
2672 | 0.706143
2688 | 0.700513
2704 | 0.69283
2720 | 0.69141
2736 | 0.69141
2752 | 0.677735
2768 | 0.682803
2784 | 0.709016
2800 | 0.743473
2816 | 0.775051
2832 | 0.814604
2848 | 0.860702
2864 | 0.89433
2880 | 0.910806
2896 | 0.917536
2912 | 0.923411
2928 | 0.925536
2944 | 0.920225
2960 | 0.913683
2976 | 0.898509
2992 | 0.86596
3008 | 0.820335
3024 | 0.770797
3040 | 0.716618
3056 | 0.646372
3072 | 0.573627
3088 | 0.515497
3104 | 0.447826
3120 | 0.354101
3136 | 0.246107
3152 | 0.178711
3168 | 0.135773
3184 | 0.118682
3200 | 0.122102
3216 | 0.138479
3232 | 0.166348
3248 | 0.201493
3264 | 0.253351
3280 | 0.313839
3296 | 0.386836
3312 | 0.471288
3328 | 0.545004
3344 | 0.618067
3360 | 0.690088
3376 | 0.754879
3392 | 0.808289
3408 | 0.852054
3424 | 0.887409
3440 | 0.914286
3456 | 0.932257
3472 | 0.927922
3488 | 0.843235
3504 | 0.750777
3520 | 0.651069
3536 | 0.55497
3552 | 0.4619
3568 | 0.37335
3584 | 0.296631
3600 | 0.232268
3616 | 0.177221
3632 | 0.126908
3648 | 0.0843362
3664 | 0.0503137
3680 | 0.0254896
3696 | 0.00980328
3712 | 0.00124706
3728 | 0
3744 | 0
3760 | 0
3776 | 0
3792 | 0
Valeur de l'integrale : 1808.84
