224 | 0.652272
240 | 0.674135
256 | 0.686107
272 | 0.679785
288 | 0.658083
304 | 0.626097
320 | 0.580728
336 | 0.520053
352 | 0.442907
368 | 0.382071
384 | 0.328353
400 | 0.279418
416 | 0.237372
432 | 0.203977
448 | 0.18259
464 | 0.173601
480 | 0.159039
496 | 0.163545
512 | 0.181023
528 | 0.199013
544 | 0.217002
560 | 0.234992
576 | 0.251858
592 | 0.251858
608 | 0.243987
624 | 0.225997
640 | 0.208007
656 | 0.190018
672 | 0.172028
688 | 0.154038
704 | 0.136048
720 | 0.118104
736 | 0.100422
752 | 0.0823362
768 | 0.0640888
784 | 0.0460989
800 | 0.0281091
816 | 0.0101193
832 | 0
848 | 0
864 | 0
880 | 0
896 | 0
912 | 0
928 | 0
944 | 0.0026887
960 | 0.0171588
976 | 0.0441608
992 | 0.0839384
1008 | 0.136083
1024 | 0.200049
1040 | 0.301822
1056 | 0.396154
1072 | 0.481401
1088 | 0.558816
1104 | 0.638739
1120 | 0.710951
1136 | 0.772984
1152 | 0.824837
1168 | 0.850604
1184 | 0.856092
1200 | 0.850962
1216 | 0.845236
1232 | 0.839777
1248 | 0.836645
1264 | 0.844511
1280 | 0.832735
1296 | 0.829889
1312 | 0.829889
1328 | 0.811042
1344 | 0.800901
1360 | 0.818117
1376 | 0.838476
1392 | 0.872555
1408 | 0.90715
1424 | 0.932002
1440 | 0.93749
1456 | 0.93236
1472 | 0.918403
1488 | 0.878202
1504 | 0.86059
1520 | 0.8458
1536 | 0.837807
1552 | 0.841275
1568 | 0.847363
1584 | 0.835697
1600 | 0.820381
1616 | 0.808302
1632 | 0.796807
1648 | 0.785088
1664 | 0.789763
1680 | 0.802953
1696 | 0.820198
1712 | 0.849117
1728 | 0.872377
1744 | 0.886012
1760 | 0.891536
1776 | 0.891122
1792 | 0.888064
1808 | 0.901633
1824 | 0.915483
1840 | 0.92766
1856 | 0.943877
1872 | 0.975324
1888 | 1.0024
1904 | 1.02378
1920 | 1.02572
1936 | 1.02844
1952 | 1.02931
1968 | 1.02669
1984 | 1.01924
2000 | 1.01457
2016 | 1.0142
2032 | 0.989712
2048 | 0.970887
2064 | 0.954467
2080 | 0.933967
2096 | 0.895056
2112 | 0.842736
2128 | 0.77556
2144 | 0.720041
2160 | 0.654866
2176 | 0.582771
2192 | 0.518386
2208 | 0.470266
2224 | 0.40529
2240 | 0.325496
2256 | 0.24879
2272 | 0.223754
2288 | 0.222882
2304 | 0.246263
2320 | 0.319304
2336 | 0.399052
2352 | 0.466044
2368 | 0.522743
2384 | 0.565199
2400 | 0.591471
2416 | 0.60424
2432 | 0.616354
2448 | 0.636695
2464 | 0.660305
2480 | 0.686488
2496 | 0.711448
2512 | 0.733303
2528 | 0.747253
2544 | 0.749587
2560 | 0.736549
2576 | 0.722705
2592 | 0.707267
2608 | 0.692134
2624 | 0.679852
2640 | 0.679214
2656 | 0.689412
2672 | 0.69961
2688 | 0.707355
2704 | 0.710567
2720 | 0.717649
2736 | 0.718961
2752 | 0.707394
2768 | 0.695034
2784 | 0.710914
2800 | 0.733635
2816 | 0.754172
2832 | 0.782792
2848 | 0.827267
2864 | 0.86914
2880 | 0.893733
2896 | 0.908522
2912 | 0.920464
2928 | 0.926054
2944 | 0.923216
2960 | 0.911833
2976 | 0.897026
2992 | 0.873639
3008 | 0.832797
3024 | 0.779243
3040 | 0.729064
3056 | 0.676885
3072 | 0.612978
3088 | 0.545564
3104 | 0.484649
3120 | 0.42003
3136 | 0.327305
3152 | 0.226599
3168 | 0.174283
3184 | 0.146188
3200 | 0.138119
3216 | 0.142926
3232 | 0.159304
3248 | 0.189776
3264 | 0.238744
3280 | 0.303612
3296 | 0.375259
3312 | 0.446135
3328 | 0.51688
3344 | 0.582162
3360 | 0.647249
3376 | 0.710449
3392 | 0.768181
3408 | 0.81635
3424 | 0.856219
3440 | 0.888702
3456 | 0.91356
3472 | 0.918576
3488 | 0.847881
3504 | 0.766799
3520 | 0.677924
3536 | 0.58767
3552 | 0.501738
3568 | 0.419075
3584 | 0.343637
3600 | 0.278647
3616 | 0.221822
3632 | 0.167892
3648 | 0.120237
3664 | 0.079944
3680 | 0.047743
3696 | 0.0242589
3712 | 0.00935512
3728 | 0.00118718
3744 | 0
3760 | 0
3776 | 0
3792 | 0
Valeur de l'integrale : 2014.73
