0
0
0
0
0
0
0
0
0.000973421
0.0171064
0.034361
0.0522315
0.0701187
0.0873786
0.104639
0.122174
0.143687
0.163545
0.181023
0.199013
0.217002
0.234992
0.251858
0.251858
0.243987
0.225997
0.208007
0.190018
0.172028
0.154038
0.136048
0.118104
0.100422
0.0823362
0.0640888
0.0460989
0.0281091
0.0101193
0
0
0
0
0
0
0
0
0
0
0
0
0
0
0
0
0
0.0283522
0.0576189
0.0868856
0.116152
0.1317
0.146334
0.160967
0.1756
0.190294
0.20557
0.240405
0.251707
0.251707
0.251707
0.210524
0.171505
0.170113
0.170113
0.183832
0.198465
0.213098
0.227732
0.242365
0.248767
0.228719
0.229294
0.238411
0.244203
0.234982
0.225969
0.183137
0.151925
0.122804
0.0950924
0.0692015
0.0438237
0.0195942
0.00283007
0
0
0
0
0
0
0.0198348
0.0412339
0.0634787
0.0899156
0.122787
0.149492
0.170471
0.170557
0.175642
0.18104
0.189226
0.199376
0.204306
0.203677
0.172737
0.147138
0.12196
0.0930504
0.0560585
0.0254434
0
0
0
0
0
0
0
0
0
0
0
0
0
0
0
0
0
0
0
0
0
0
0
0
0
0
0
0
0
0
0
0
0
0
0
0
0
0
0
0
0
0
0
0
0
0
0
0
0
0
0
0
0
0
0
0
0
0
0
0
0
0
0
0
0
0
0
0
0
0
0
0
0
0
0
0
0
0
0
0
0
0
0
0
0
0
0
0
0
0
0
0
0
0
0
0
0
0
0
0
0
0
0
0
0