0
0
0
0
0
0
0
0.000879037
0.0155876
0.0312179
0.0478658
0.0649069
0.081793
0.0979497
0.114106
0.130538
0.150816
0.168994
0.185789
0.202583
0.219378
0.236172
0.251917
0.244569
0.227775
0.21098
0.194186
0.177391
0.160597
0.143802
0.127008
0.110254
0.0936928
0.0766247
0.0598302
0.0430358
0.0262413
0.00944688
0
0
0
0
0
0
0
0
0
0
0
0
0
0
0
0
0.0268005
0.0544655
0.0821305
0.109796
0.124493
0.138325
0.152158
0.16599
0.179823
0.193713
0.216768
0.225915
0.225915
0.225915
0.225915
0.189832
0.188468
0.188468
0.188468
0.201436
0.215268
0.229101
0.242933
0.248985
0.238611
0.216076
0.215146
0.219852
0.21235
0.204962
0.198071
0.16922
0.141081
0.114241
0.0892401
0.0645569
0.0409364
0.0182841
0.00254904
0
0
0
0
0
0.0180365
0.0387402
0.0597043
0.0844718
0.11607
0.140424
0.160105
0.159793
0.158311
0.162682
0.169592
0.180132
0.185916
0.18698
0.186452
0.164141
0.140157
0.116173
0.0886262
0.0533537
0.0241867
0
0
0
0
0
0
0
0
0
0
0
0
0
0
0
0
0
0
0
0
0
0
0
0
0
0
0
0
0
0
0
0
0
0
0
0
0
0
0
0
0
0
0
0
0
0
0
0
0
0
0
0
0
0
0
0
0
0
0
0
0
0
0
0
0
0
0
0
0
0
0
0
0
0
0
0
0
0
0
0
0
0
0
0
0
0
0
0
0
0
0
0
0
0
0
0
0
0
0
0
0
0
0
0