240 | 0.636388
256 | 0.650655
272 | 0.653986
288 | 0.642979
304 | 0.622453
320 | 0.592179
336 | 0.549017
352 | 0.491114
368 | 0.416281
384 | 0.343109
400 | 0.275812
416 | 0.212825
432 | 0.156561
448 | 0.109145
464 | 0.0729683
480 | 0.0481323
496 | 0.0143355
512 | 0
528 | 0
544 | 0
560 | 0
576 | 0
592 | 0
608 | 0
624 | 0
640 | 0
656 | 0
672 | 0
688 | 0
704 | 0
720 | 0
736 | 0
752 | 0
768 | 0
784 | 0
800 | 0
816 | 0
832 | 0
848 | 0
864 | 0
880 | 0
896 | 0
912 | 0
928 | 0
944 | 0.00251004
960 | 0.0160186
976 | 0.0412103
992 | 0.0781136
1008 | 0.127014
1024 | 0.186765
1040 | 0.28278
1056 | 0.372348
1072 | 0.453786
1088 | 0.528153
1104 | 0.576981
1120 | 0.617576
1136 | 0.648549
1152 | 0.669899
1168 | 0.681627
1184 | 0.68204
1200 | 0.672982
1216 | 0.663359
1232 | 0.653736
1248 | 0.644307
1264 | 0.636357
1280 | 0.619558
1296 | 0.617005
1312 | 0.617005
1328 | 0.617005
1344 | 0.635562
1360 | 0.643512
1376 | 0.653135
1392 | 0.662757
1408 | 0.67238
1424 | 0.681627
1440 | 0.68204
1456 | 0.672982
1472 | 0.663359
1488 | 0.653736
1504 | 0.644508
1520 | 0.639078
1536 | 0.629846
1552 | 0.640077
1568 | 0.652599
1584 | 0.664278
1600 | 0.672042
1616 | 0.679787
1632 | 0.687176
1648 | 0.692849
1664 | 0.714475
1680 | 0.750611
1696 | 0.791043
1712 | 0.830156
1728 | 0.860335
1744 | 0.880746
1760 | 0.891748
1776 | 0.896011
1792 | 0.895043
1808 | 0.889682
1824 | 0.876347
1840 | 0.861983
1856 | 0.845219
1872 | 0.836408
1888 | 0.843323
1904 | 0.851089
1920 | 0.857881
1936 | 0.862008
1952 | 0.860489
1968 | 0.851025
1984 | 0.833746
2000 | 0.82372
2016 | 0.822418
2032 | 0.822919
2048 | 0.819859
2064 | 0.819859
2080 | 0.819859
2096 | 0.819482
2112 | 0.808855
2128 | 0.779165
2144 | 0.736235
2160 | 0.682487
2176 | 0.619242
2192 | 0.549643
2208 | 0.488104
2224 | 0.444923
2240 | 0.393145
2256 | 0.328882
2272 | 0.269134
2288 | 0.257461
2304 | 0.267491
2320 | 0.323772
2336 | 0.387949
2352 | 0.441324
2368 | 0.492645
2384 | 0.533204
2400 | 0.558208
2416 | 0.570259
2432 | 0.581692
2448 | 0.603013
2464 | 0.634792
2480 | 0.669619
2496 | 0.703035
2512 | 0.732965
2528 | 0.753165
2544 | 0.76522
2560 | 0.756128
2576 | 0.736818
2592 | 0.714456
2608 | 0.690266
2624 | 0.666106
2640 | 0.653727
2656 | 0.662764
2672 | 0.682041
2688 | 0.701107
2704 | 0.716289
2720 | 0.731846
2736 | 0.740146
2752 | 0.731358
2768 | 0.720675
2784 | 0.720338
2800 | 0.734062
2816 | 0.744488
2832 | 0.763031
2848 | 0.7976
2864 | 0.838103
2880 | 0.870174
2896 | 0.89265
2912 | 0.912022
2928 | 0.923212
2944 | 0.923886
2960 | 0.915346
2976 | 0.896299
2992 | 0.873854
3008 | 0.842889
3024 | 0.794665
3040 | 0.740006
3056 | 0.691618
3072 | 0.644682
3088 | 0.584578
3104 | 0.515424
3120 | 0.457001
3136 | 0.391503
3152 | 0.303356
3168 | 0.218089
3184 | 0.180693
3200 | 0.162245
3216 | 0.156625
3232 | 0.162329
3248 | 0.181839
3264 | 0.225729
3280 | 0.287363
3296 | 0.36214
3312 | 0.431441
3328 | 0.491778
3344 | 0.554712
3360 | 0.612733
3376 | 0.669536
3392 | 0.725766
3408 | 0.778034
3424 | 0.822071
3440 | 0.858819
3456 | 0.888968
3472 | 0.901313
3488 | 0.843601
3504 | 0.775421
3520 | 0.697814
3536 | 0.617129
3552 | 0.535522
3568 | 0.458653
3584 | 0.388152
3600 | 0.324216
3616 | 0.266896
3632 | 0.210795
3648 | 0.159495
3664 | 0.114232
3680 | 0.0759955
3696 | 0.0455207
3712 | 0.0232505
3728 | 0.00894881
3744 | 0.00113279
3760 | 0
3776 | 0
3792 | 0
Valeur de l'integrale : 1806.34
