0
0
0
0
0
0
0.000817923
0.0141559
0.0285983
0.0437347
0.0597976
0.076075
0.0920645
0.10725
0.122436
0.13785
0.156688
0.174213
0.189961
0.205709
0.221457
0.237205
0.245079
0.229331
0.213583
0.197835
0.182087
0.166339
0.150591
0.134843
0.119094
0.103346
0.0875984
0.0718504
0.0561024
0.0403543
0.0246063
0.00885827
0
0
0
0
0
0
0
0
0
0
0
0
0
0
0
0.0254098
0.0516393
0.0778688
0.104098
0.118033
0.131148
0.144262
0.157377
0.170492
0.183607
0.204918
0.204918
0.204918
0.204918
0.204918
0.204918
0.204918
0.204918
0.204918
0.204918
0.217213
0.230328
0.243443
0.24918
0.239344
0.226109
0.203468
0.199917
0.193694
0.187529
0.181743
0.183753
0.157692
0.131682
0.107519
0.083508
0.0604826
0.0383117
0.0165388
0.00231878
0
0
0
0
0.0165372
0.0353527
0.0562289
0.0796495
0.109396
0.13318
0.150958
0.15065
0.148995
0.147705
0.153378
0.162251
0.169073
0.171458
0.172362
0.177656
0.156706
0.133808
0.110911
0.0846036
0.0508978
0.0230483
0
0
0
0
0
0
0
0
0
0
0
0
0
0
0
0
0
0
0
0
0
0
0
0
0
0
0
0
0
0
0
0
0
0
0
0
0
0
0
0
0
0
0
0
0
0
0
0
0
0
0
0
0
0
0
0
0
0
0
0
0
0
0
0
0
0
0
0
0
0
0
0
0
0
0
0
0
0
0
0
0
0
0
0
0
0
0
0
0
0
0
0
0
0
0
0
0
0
0
0
0
0
0