256 | 0.616921
272 | 0.622337
288 | 0.620396
304 | 0.609955
320 | 0.590483
336 | 0.561748
352 | 0.521408
368 | 0.479382
384 | 0.422042
400 | 0.367457
416 | 0.319547
432 | 0.276246
448 | 0.239219
464 | 0.209837
480 | 0.19102
496 | 0.18307
512 | 0.170101
528 | 0.174213
544 | 0.189961
560 | 0.205709
576 | 0.221457
592 | 0.237205
608 | 0.245079
624 | 0.229331
640 | 0.213583
656 | 0.197835
672 | 0.182087
688 | 0.166339
704 | 0.150591
720 | 0.134843
736 | 0.119094
752 | 0.103346
768 | 0.0875984
784 | 0.0718504
800 | 0.0561024
816 | 0.0403543
832 | 0.0246063
848 | 0.00885827
864 | 0
880 | 0
896 | 0
912 | 0
928 | 0
944 | 0.00235365
960 | 0.0150205
976 | 0.0386426
992 | 0.0732198
1008 | 0.118752
1024 | 0.175135
1040 | 0.265998
1056 | 0.351242
1072 | 0.429168
1088 | 0.500679
1104 | 0.572452
1120 | 0.63717
1136 | 0.692765
1152 | 0.739237
1168 | 0.764291
1184 | 0.779758
1200 | 0.792872
1216 | 0.805987
1232 | 0.819102
1248 | 0.832217
1264 | 0.853528
1280 | 0.853528
1296 | 0.853528
1312 | 0.853528
1328 | 0.853528
1344 | 0.853528
1360 | 0.853528
1376 | 0.853528
1392 | 0.853528
1408 | 0.853528
1424 | 0.865823
1440 | 0.878938
1456 | 0.892053
1472 | 0.89779
1488 | 0.887954
1504 | 0.874907
1520 | 0.854565
1536 | 0.857173
1552 | 0.861618
1568 | 0.866024
1584 | 0.870156
1600 | 0.865716
1616 | 0.840304
1632 | 0.813453
1648 | 0.787074
1664 | 0.776486
1680 | 0.781419
1696 | 0.798391
1712 | 0.822387
1728 | 0.844994
1744 | 0.869424
1760 | 0.886638
1776 | 0.896005
1792 | 0.899351
1808 | 0.912791
1824 | 0.919779
1840 | 0.920945
1856 | 0.92384
1872 | 0.93851
1888 | 0.961767
1904 | 0.993121
1920 | 1.00618
1936 | 1.01314
1952 | 1.01608
1968 | 1.01566
1984 | 1.00934
2000 | 1.00547
2016 | 1.00528
2032 | 1.00531
2048 | 1.00303
2064 | 0.973027
2080 | 0.942164
2096 | 0.911303
2112 | 0.876617
2128 | 0.824608
2144 | 0.765541
2160 | 0.700706
2176 | 0.648657
2192 | 0.587293
2208 | 0.520078
2224 | 0.46325
2240 | 0.431548
2256 | 0.392349
2272 | 0.342306
2288 | 0.297797
2304 | 0.297023
2320 | 0.338143
2336 | 0.388071
2352 | 0.428724
2368 | 0.468292
2384 | 0.504636
2400 | 0.528487
2416 | 0.539896
2432 | 0.55072
2448 | 0.570906
2464 | 0.603225
2480 | 0.645358
2496 | 0.68651
2512 | 0.724235
2528 | 0.751913
2544 | 0.769789
2560 | 0.770482
2576 | 0.75545
2592 | 0.728434
2608 | 0.698242
2624 | 0.666049
2640 | 0.642198
2656 | 0.639456
2672 | 0.65716
2688 | 0.684378
2704 | 0.709858
2720 | 0.735659
2736 | 0.751579
2752 | 0.750017
2768 | 0.741746
2784 | 0.741438
2800 | 0.741438
2816 | 0.744354
2832 | 0.753587
2848 | 0.778789
2864 | 0.810321
2880 | 0.84098
2896 | 0.870589
2912 | 0.897186
2928 | 0.915267
2944 | 0.921254
2960 | 0.916556
2976 | 0.900822
2992 | 0.874542
3008 | 0.845022
3024 | 0.807351
3040 | 0.757962
3056 | 0.70453
3072 | 0.660788
3088 | 0.616537
3104 | 0.555191
3120 | 0.488159
3136 | 0.428317
3152 | 0.365188
3168 | 0.289354
3184 | 0.220484
3200 | 0.193181
3216 | 0.178117
3232 | 0.174204
3248 | 0.183529
3264 | 0.216403
3280 | 0.272765
3296 | 0.344429
3312 | 0.416335
3328 | 0.47534
3344 | 0.529993
3360 | 0.586108
3376 | 0.636324
3392 | 0.686515
3408 | 0.737308
3424 | 0.785228
3440 | 0.825928
3456 | 0.860117
3472 | 0.878311
3488 | 0.831264
3504 | 0.774937
3520 | 0.709332
3536 | 0.639432
3552 | 0.56634
3568 | 0.492703
3584 | 0.427135
3600 | 0.367728
3616 | 0.311434
3632 | 0.254417
3648 | 0.200813
3664 | 0.151899
3680 | 0.108811
3696 | 0.0725706
3712 | 0.0436937
3728 | 0.0223287
3744 | 0.00857633
3760 | 0.00108316
3776 | 0
3792 | 0
Valeur de l'integrale : 2010.36
