0
0
0
0
0
0.000772097
0.0132202
0.0261031
0.0402558
0.0549128
0.0704161
0.0859896
0.101172
0.115497
0.129782
0.144013
0.162262
0.178819
0.193643
0.208468
0.223292
0.231631
0.230704
0.21588
0.201055
0.186231
0.171407
0.156582
0.141758
0.126934
0.112073
0.0970347
0.0824605
0.0676362
0.0528118
0.0379874
0.0231631
0.0083387
0
0
0
0
0
0
0
0
0
0
0
0
0
0
0.0241564
0.049092
0.0740276
0.0989633
0.11221
0.124678
0.137146
0.149614
0.162082
0.174549
0.194757
0.194296
0.187492
0.187492
0.187492
0.187492
0.218448
0.219745
0.219745
0.219745
0.219745
0.231434
0.243902
0.249356
0.240005
0.227422
0.213565
0.189794
0.178052
0.172828
0.167903
0.169617
0.171806
0.147635
0.12426
0.100897
0.0784504
0.0567578
0.0347913
0.0150977
0.00212993
0
0
0
0.015285
0.0325099
0.0514808
0.0751876
0.103448
0.125934
0.143603
0.142524
0.141014
0.139563
0.139995
0.147349
0.153223
0.157031
0.159086
0.164818
0.170008
0.149915
0.12801
0.106104
0.0809304
0.0486581
0.0220123
0
0
0
0
0
0
0
0
0
0
0
0
0
0
0
0
0
0
0
0
0
0
0
0
0
0
0
0
0
0
0
0
0
0
0
0
0
0
0
0
0
0
0
0
0
0
0
0
0
0
0
0
0
0
0
0
0
0
0
0
0
0
0
0
0
0
0
0
0
0
0
0
0
0
0
0
0
0
0
0
0
0
0
0
0
0
0
0
0
0
0
0
0
0
0
0
0
0
0
0
0
0