0
0
0
0
0.000735765
0.012514
0.0244586
0.0369109
0.0507606
0.0649559
0.0799269
0.0948506
0.109302
0.122823
0.136055
0.14984
0.167225
0.182915
0.196918
0.210921
0.218798
0.218798
0.217922
0.203919
0.189916
0.175913
0.16191
0.147907
0.133904
0.119865
0.105609
0.0916717
0.0778919
0.0638889
0.0498858
0.0358828
0.0218798
0.00787671
0
0
0
0
0
0
0
0
0
0
0
0
0
0.0230208
0.0467842
0.0705476
0.094311
0.106935
0.118817
0.130699
0.14258
0.154462
0.166344
0.185604
0.185137
0.17856
0.172797
0.172797
0.172797
0.200752
0.231912
0.233178
0.233178
0.233178
0.233178
0.244317
0.249516
0.240604
0.228612
0.215394
0.199874
0.169978
0.160265
0.156021
0.1575
0.159386
0.161317
0.139649
0.11691
0.0950236
0.0738026
0.0517301
0.0318634
0.0139082
0.00198811
0
0
0.0146458
0.0301229
0.0474721
0.0690581
0.097914
0.119437
0.136201
0.13595
0.13387
0.132537
0.13266
0.134954
0.139865
0.143266
0.14659
0.152637
0.158215
0.162991
0.143688
0.122693
0.101697
0.0775628
0.0466072
0.0210654
0
0
0
0
0
0
0
0
0
0
0
0
0
0
0
0
0
0
0
0
0
0
0
0
0
0
0
0
0
0
0
0
0
0
0
0
0
0
0
0
0
0
0
0
0
0
0
0
0
0
0
0
0
0
0
0
0
0
0
0
0
0
0
0
0
0
0
0
0
0
0
0
0
0
0
0
0
0
0
0
0
0
0
0
0
0
0
0
0
0
0
0
0
0
0
0
0
0
0
0
0