304 | 0.539247
320 | 0.539247
336 | 0.537566
352 | 0.529221
368 | 0.523597
384 | 0.509923
400 | 0.485287
416 | 0.448435
432 | 0.398117
448 | 0.350831
464 | 0.309612
480 | 0.272689
496 | 0.241218
512 | 0.215848
528 | 0.199944
544 | 0.193292
560 | 0.182993
576 | 0.186581
592 | 0.199849
608 | 0.207312
624 | 0.207312
640 | 0.207312
656 | 0.206483
672 | 0.193215
688 | 0.179947
704 | 0.166679
720 | 0.153411
736 | 0.140143
752 | 0.126838
768 | 0.113313
784 | 0.100079
800 | 0.0868705
816 | 0.073803
832 | 0.060535
848 | 0.0472671
864 | 0.0339991
880 | 0.0207312
896 | 0.00746322
912 | 0
928 | 0
944 | 0.00198298
960 | 0.012655
976 | 0.032557
992 | 0.0616888
1008 | 0.100022
1024 | 0.147186
1040 | 0.225236
1056 | 0.299555
1072 | 0.369096
1088 | 0.433092
1104 | 0.495344
1120 | 0.551345
1136 | 0.599451
1152 | 0.639663
1168 | 0.661342
1184 | 0.674725
1200 | 0.687769
1216 | 0.708246
1232 | 0.736617
1248 | 0.771185
1264 | 0.813109
1280 | 0.834779
1296 | 0.854422
1312 | 0.86748
1328 | 0.87429
1344 | 0.876101
1360 | 0.890495
1376 | 0.900773
1392 | 0.903902
1408 | 0.882879
1424 | 0.859196
1440 | 0.835821
1456 | 0.820001
1472 | 0.823764
1488 | 0.83024
1504 | 0.842185
1520 | 0.855129
1536 | 0.867414
1552 | 0.878131
1568 | 0.876751
1584 | 0.885738
1600 | 0.883986
1616 | 0.875866
1632 | 0.86087
1648 | 0.838463
1664 | 0.810171
1680 | 0.794216
1696 | 0.790012
1712 | 0.799695
1728 | 0.816093
1744 | 0.836073
1760 | 0.85324
1776 | 0.867792
1792 | 0.884566
1808 | 0.90962
1824 | 0.92443
1840 | 0.929922
1856 | 0.929901
1872 | 0.934134
1888 | 0.940138
1904 | 0.951952
1920 | 0.956759
1936 | 0.968377
1952 | 0.985316
1968 | 0.994794
1984 | 0.995432
2000 | 0.994832
2016 | 0.996363
2032 | 0.99628
2048 | 0.994159
2064 | 0.98717
2080 | 0.972962
2096 | 0.951054
2112 | 0.903289
2128 | 0.855359
2144 | 0.812632
2160 | 0.77337
2176 | 0.724556
2192 | 0.670821
2208 | 0.612091
2224 | 0.566314
2240 | 0.519347
2256 | 0.47654
2272 | 0.451299
2288 | 0.449004
2304 | 0.440299
2320 | 0.43844
2336 | 0.43844
2352 | 0.448307
2368 | 0.457316
2384 | 0.464748
2400 | 0.467617
2416 | 0.467617
2432 | 0.474869
2448 | 0.492275
2464 | 0.520639
2480 | 0.559931
2496 | 0.606053
2512 | 0.657868
2528 | 0.705669
2544 | 0.743813
2560 | 0.763902
2576 | 0.771367
2592 | 0.764948
2608 | 0.745901
2624 | 0.710109
2640 | 0.669516
2656 | 0.641816
2672 | 0.628054
2688 | 0.630336
2704 | 0.650086
2720 | 0.690839
2736 | 0.731221
2752 | 0.754556
2768 | 0.768508
2784 | 0.780616
2800 | 0.786042
2816 | 0.780235
2832 | 0.773028
2848 | 0.772778
2864 | 0.781516
2880 | 0.788641
2896 | 0.801934
2912 | 0.827185
2928 | 0.857534
2944 | 0.881694
2960 | 0.894689
2976 | 0.895083
2992 | 0.883049
3008 | 0.859845
3024 | 0.824957
3040 | 0.784541
3056 | 0.748806
3072 | 0.714094
3088 | 0.670178
3104 | 0.621865
3120 | 0.580627
3136 | 0.533979
3152 | 0.472516
3168 | 0.41273
3184 | 0.373715
3200 | 0.340673
3216 | 0.295675
3232 | 0.25044
3248 | 0.23521
3264 | 0.239726
3280 | 0.265335
3296 | 0.311433
3312 | 0.366973
3328 | 0.422771
3344 | 0.476741
3360 | 0.526884
3376 | 0.568755
3392 | 0.606485
3408 | 0.64407
3424 | 0.679057
3440 | 0.716432
3456 | 0.756313
3472 | 0.787754
3488 | 0.76748
3504 | 0.736024
3520 | 0.696232
3536 | 0.654103
3552 | 0.610672
3568 | 0.564006
3584 | 0.517335
3600 | 0.471168
3616 | 0.425487
3632 | 0.377005
3648 | 0.326263
3664 | 0.273774
3680 | 0.223143
3696 | 0.176192
3712 | 0.133984
3728 | 0.0965888
3744 | 0.0647434
3760 | 0.0390268
3776 | 0.0199552
3792 | 0.00762118
Valeur de l'integrale : 2005.15
