0
0
0
0.00070302
0.0119513
0.0232103
0.0346897
0.0467348
0.0602757
0.0740286
0.0884947
0.102817
0.116572
0.129146
0.14198
0.155074
0.171672
0.186581
0.199849
0.207312
0.207312
0.207312
0.206483
0.193215
0.179947
0.166679
0.153411
0.140143
0.126838
0.113313
0.100079
0.0868705
0.073803
0.060535
0.0472671
0.0339991
0.0207312
0.00746322
0
0
0
0
0
0
0
0
0
0
0
0
0.0219872
0.0446836
0.06738
0.0900765
0.102134
0.113482
0.12483
0.136179
0.147527
0.158875
0.177272
0.176847
0.170795
0.165182
0.160239
0.160239
0.185708
0.213938
0.244169
0.245405
0.245405
0.245405
0.245405
0.249661
0.24115
0.229695
0.217061
0.202192
0.179871
0.153694
0.14571
0.146999
0.14864
0.150319
0.152946
0.131703
0.110358
0.0895999
0.0674921
0.0475207
0.0294322
0.0130104
0.00187529
0
0.0141659
0.0288997
0.0440889
0.0638526
0.0902629
0.113357
0.129525
0.129298
0.128054
0.126207
0.126296
0.128125
0.12865
0.131522
0.134525
0.141097
0.146957
0.15212
0.156531
0.137958
0.1178
0.0976418
0.0744643
0.0447222
0.0201966
0
0
0
0
0
0
0
0
0
0
0
0
0
0
0
0
0
0
0
0
0
0
0
0
0
0
0
0
0
0
0
0
0
0
0
0
0
0
0
0
0
0
0
0
0
0
0
0
0
0
0
0
0
0
0
0
0
0
0
0
0
0
0
0
0
0
0
0
0
0
0
0
0
0
0
0
0
0
0
0
0
0
0
0
0
0
0
0
0
0
0
0
0
0
0
0
0
0
0
0