0
0
0
0
0
0
0
0
0
0
0
0
0
0
0
0
0
0
0
0
0.00789835
0.134272
0.252747
0.252747
0.252747
0.252747
0.252747
0.252747
0.252747
0.252055
0.246649
0.247312
0.252747
0.252747
0.252747
0.252747
0.197459
0.0710852
0
0
0
0
0
0
0
0
0
0
0
0
0
0
0
0
0
0
0
0
0
0
0
0
0
0
0
0
0
0.172472
0.485915
0.505495
0.505495
0.387019
0.260646
0.252747
0.252747
0.252747
0.252747
0.330822
0.199466
0
0
0
0
0.172472
0.485915
0.505495
0.505495
0.505495
0.505495
0.505495
0.434409
0.213255
0.0314315
0
0
0
0
0
0
0
0
0
0
0
0
0
0
0
0
0
0
0.169762
0.462201
0.505495
0.533266
0.571136
0.493343
0.368168
0.159365
0
0
0
0
0
0
0
0
0
0
0
0
0
0
0
0
0
0
0
0
0
0
0
0
0
0
0
0
0
0
0
0
0
0
0
0
0
0
0
0
0
0
0
0
0
0
0
0
0
0
0
0
0
0
0
0
0
0
0
0
0
0
0
0
0
0
0
0
0
0
0
0
0
0
0
0
0
0
0
0
0
0
0
0
0
0
0
0
0
0
0
0
0
0
0
0
0
0
0
0
0
0
0
0
0
0
0
0
0
0
0
0
0
0
0
0
0