0
0
0.000673066
0.0114421
0.0222112
0.0329947
0.0440431
0.0557034
0.0689346
0.0822651
0.096253
0.10999
0.122905
0.135119
0.147333
0.159802
0.17568
0.189881
0.196972
0.196972
0.196972
0.196972
0.196184
0.183578
0.170971
0.158365
0.145759
0.133116
0.12025
0.107675
0.0950998
0.0825472
0.070122
0.0575158
0.0449096
0.0323034
0.0196972
0.00709098
0
0
0
0
0
0
0
0
0
0
0
0.0210424
0.0427635
0.0644847
0.0862059
0.0977452
0.108606
0.119466
0.130327
0.141188
0.152048
0.169657
0.169267
0.163715
0.158516
0.153669
0.149382
0.172761
0.198549
0.22603
0.255375
0.256581
0.256581
0.256581
0.250472
0.241648
0.230685
0.218585
0.204315
0.182758
0.163288
0.140258
0.13781
0.139252
0.140724
0.143024
0.144578
0.124589
0.104282
0.0821959
0.0621758
0.0440057
0.0275886
0.0122934
0.00178364
0.0137637
0.0279795
0.0423491
0.0594373
0.0837209
0.104896
0.123245
0.123266
0.122135
0.121025
0.120535
0.122179
0.122429
0.121557
0.124118
0.129885
0.13623
0.141685
0.146478
0.150563
0.132668
0.113283
0.0938973
0.0716038
0.0429838
0.0193966
0
0
0
0
0
0
0
0
0
0
0
0
0
0
0
0
0
0
0
0
0
0
0
0
0
0
0
0
0
0
0
0
0
0
0
0
0
0
0
0
0
0
0
0
0
0
0
0
0
0
0
0
0
0
0
0
0
0
0
0
0
0
0
0
0
0
0
0
0
0
0
0
0
0
0
0
0
0
0
0
0
0
0
0
0
0
0
0
0
0
0
0
0
0
0
0
0
0
0