320 | 0.516271
336 | 0.516271
352 | 0.514661
368 | 0.505999
384 | 0.489845
400 | 0.465966
416 | 0.431269
432 | 0.384213
448 | 0.322642
464 | 0.264046
480 | 0.210673
496 | 0.16167
512 | 0.118358
528 | 0.0825119
544 | 0.0551628
560 | 0.0363685
576 | 0.0107614
592 | 0
608 | 0
624 | 0
640 | 0
656 | 0
672 | 0
688 | 0
704 | 0
720 | 0
736 | 0
752 | 0
768 | 0
784 | 0
800 | 0
816 | 0
832 | 0
848 | 0
864 | 0
880 | 0
896 | 0
912 | 0
928 | 0
944 | 0.00188408
960 | 0.0120238
976 | 0.0309331
992 | 0.0586119
1008 | 0.0950342
1024 | 0.139866
1040 | 0.214459
1056 | 0.285669
1072 | 0.351953
1088 | 0.414444
1104 | 0.453016
1120 | 0.48489
1136 | 0.509208
1152 | 0.525971
1168 | 0.535179
1184 | 0.537127
1200 | 0.53875
1216 | 0.547486
1232 | 0.563776
1248 | 0.587622
1264 | 0.617255
1280 | 0.645982
1296 | 0.678293
1312 | 0.703286
1328 | 0.720055
1344 | 0.730515
1360 | 0.722374
1376 | 0.706272
1392 | 0.681821
1408 | 0.648171
1424 | 0.619289
1440 | 0.589364
1456 | 0.566669
1472 | 0.558641
1488 | 0.565724
1504 | 0.587805
1520 | 0.6195
1536 | 0.653207
1552 | 0.692582
1568 | 0.723197
1584 | 0.744536
1600 | 0.749185
1616 | 0.741742
1632 | 0.726285
1648 | 0.703132
1664 | 0.686028
1680 | 0.685943
1696 | 0.695665
1712 | 0.720718
1728 | 0.750835
1744 | 0.783335
1760 | 0.816476
1776 | 0.846818
1792 | 0.870299
1808 | 0.885914
1824 | 0.891133
1840 | 0.886229
1856 | 0.871846
1872 | 0.852922
1888 | 0.837377
1904 | 0.826621
1920 | 0.827449
1936 | 0.834279
1952 | 0.84673
1968 | 0.860578
1984 | 0.864965
2000 | 0.867734
2016 | 0.871002
2032 | 0.870033
2048 | 0.862209
2064 | 0.849223
2080 | 0.830372
2096 | 0.804866
2112 | 0.772401
2128 | 0.73772
2144 | 0.709274
2160 | 0.687571
2176 | 0.672058
2192 | 0.653407
2208 | 0.624854
2224 | 0.58886
2240 | 0.551297
2256 | 0.51335
2272 | 0.480011
2288 | 0.463819
2304 | 0.4686
2320 | 0.479486
2336 | 0.47976
2352 | 0.468582
2368 | 0.470032
2384 | 0.469212
2400 | 0.464215
2416 | 0.456497
2432 | 0.456014
2448 | 0.470666
2464 | 0.497917
2480 | 0.535818
2496 | 0.580375
2512 | 0.630899
2528 | 0.679148
2544 | 0.723004
2560 | 0.749116
2576 | 0.763051
2592 | 0.763473
2608 | 0.750541
2624 | 0.725426
2640 | 0.689976
2656 | 0.657606
2672 | 0.638197
2688 | 0.63225
2704 | 0.640729
2720 | 0.671057
2736 | 0.710003
2752 | 0.7397
2768 | 0.761382
2784 | 0.781083
2800 | 0.792387
2816 | 0.791183
2832 | 0.785466
2848 | 0.785233
2864 | 0.785233
2880 | 0.786895
2896 | 0.793282
2912 | 0.811613
2928 | 0.835245
2944 | 0.858226
2960 | 0.876853
2976 | 0.883316
2992 | 0.877614
3008 | 0.85991
3024 | 0.831611
3040 | 0.795555
3056 | 0.755768
3072 | 0.722715
3088 | 0.688918
3104 | 0.644695
3120 | 0.597228
3136 | 0.553406
3152 | 0.506652
3168 | 0.451761
3184 | 0.402496
3200 | 0.371687
3216 | 0.343438
3232 | 0.303137
3248 | 0.264094
3264 | 0.261232
3280 | 0.278026
3296 | 0.314651
3312 | 0.360958
3328 | 0.408387
3344 | 0.459141
3360 | 0.508009
3376 | 0.551647
3392 | 0.588224
3408 | 0.621667
3424 | 0.655296
3440 | 0.686958
3456 | 0.72142
3472 | 0.751984
3488 | 0.739749
3504 | 0.716097
3520 | 0.682969
3536 | 0.646728
3552 | 0.609138
3568 | 0.570969
3584 | 0.533152
3600 | 0.496065
3616 | 0.456782
3632 | 0.410021
3648 | 0.363007
3664 | 0.313886
3680 | 0.26319
3696 | 0.214748
3712 | 0.170139
3728 | 0.129362
3744 | 0.0932403
3760 | 0.0625015
3776 | 0.0376851
3792 | 0.0192651
Valeur de l'integrale : 1798.55
