0
0
0
0
0
0
0
0
0
0
0
0
0
0
0
0
0
0
0
0.00526557
0.0895147
0.173764
0.252747
0.252747
0.252747
0.252747
0.252747
0.252747
0.252285
0.248649
0.248649
0.249097
0.252747
0.252747
0.252747
0.215888
0.131639
0.0473901
0
0
0
0
0
0
0
0
0
0
0
0
0
0
0
0
0
0
0
0
0
0
0
0
0
0
0
0
0.105755
0.259213
0.492339
0.505495
0.426511
0.342262
0.258013
0.252747
0.252747
0.252747
0.304845
0.216884
0.106671
0
0
0
0.105755
0.259213
0.492339
0.505495
0.505495
0.505495
0.505495
0.458104
0.310668
0.141684
0.0201049
0
0
0
0
0
0
0
0
0
0
0
0
0
0
0
0
0
0.10209
0.256188
0.475931
0.524143
0.551547
0.511478
0.432441
0.242946
0.100678
0
0
0
0
0
0
0
0
0
0
0
0
0
0
0
0
0
0
0
0
0
0
0
0
0
0
0
0
0
0
0
0
0
0
0
0
0
0
0
0
0
0
0
0
0
0
0
0
0
0
0
0
0
0
0
0
0
0
0
0
0
0
0
0
0
0
0
0
0
0
0
0
0
0
0
0
0
0
0
0
0
0
0
0
0
0
0
0
0
0
0
0
0
0
0
0
0
0
0
0
0
0
0
0
0
0
0
0
0
0
0
0
0
0
0
0