0
0
0
0
0
0
0
0
0
0
0
0
0
0
0
0
0
0.00315934
0.0537088
0.104258
0.154808
0.205357
0.252747
0.252747
0.252747
0.252747
0.25247
0.250272
0.250272
0.250272
0.250272
0.250545
0.252747
0.230632
0.180082
0.129533
0.0789835
0.0284341
0
0
0
0
0
0
0
0
0
0
0
0
0
0
0
0
0
0
0
0
0
0
0
0
0
0
0.0596254
0.134092
0.226331
0.343566
0.450612
0.407555
0.357006
0.306456
0.255907
0.252747
0.284029
0.231062
0.15661
0.0998966
0.0552578
0
0.0596254
0.134092
0.226331
0.343566
0.497551
0.505495
0.505495
0.47706
0.388599
0.286909
0.181223
0.0769707
0.0090694
0
0
0
0
0
0
0
0
0
0
0
0
0
0
0
0.0524921
0.12577
0.220796
0.351715
0.516596
0.509425
0.464872
0.354726
0.24367
0.135945
0.0602501
0
0
0
0
0
0
0
0
0
0
0
0
0
0
0
0
0
0
0
0
0
0
0
0
0
0
0
0
0
0
0
0
0
0
0
0
0
0
0
0
0
0
0
0
0
0
0
0
0
0
0
0
0
0
0
0
0
0
0
0
0
0
0
0
0
0
0
0
0
0
0
0
0
0
0
0
0
0
0
0
0
0
0
0
0
0
0
0
0
0
0
0
0
0
0
0
0
0
0
0
0
0
0
0
0
0
0
0
0
0
0
0
0
0