0
0
0
0
0
0
0
0
0
0
0
0
0
0
0
0
0.00255527
0.0447573
0.0868819
0.129006
0.171131
0.213255
0.252747
0.252747
0.252747
0.252516
0.250681
0.250681
0.250681
0.250681
0.250681
0.250909
0.234318
0.192193
0.150069
0.107944
0.0658196
0.0236951
0
0
0
0
0
0
0
0
0
0
0
0
0
0
0
0
0
0
0
0
0
0
0
0
0
0.0528461
0.108021
0.178193
0.262916
0.332597
0.417897
0.381754
0.339629
0.297505
0.25538
0.27882
0.234641
0.170644
0.119899
0.0786773
0.0445272
0.0528461
0.108021
0.178193
0.262916
0.367242
0.498864
0.505495
0.481799
0.408082
0.323277
0.234012
0.142482
0.0535345
0.00670163
0
0
0
0
0
0
0
0
0
0
0
0
0
0
0.0415332
0.0963495
0.168375
0.265943
0.392976
0.495426
0.470396
0.373805
0.28164
0.197439
0.115107
0.0533363
0
0
0
0
0
0
0
0
0
0
0
0
0
0
0
0
0
0
0
0
0
0
0
0
0
0
0
0
0
0
0
0
0
0
0
0
0
0
0
0
0
0
0
0
0
0
0
0
0
0
0
0
0
0
0
0
0
0
0
0
0
0
0
0
0
0
0
0
0
0
0
0
0
0
0
0
0
0
0
0
0
0
0
0
0
0
0
0
0
0
0
0
0
0
0
0
0
0
0
0
0
0
0
0
0
0
0
0
0
0
0
0
0