96 | 0.335007
112 | 0.506393
128 | 0.677637
144 | 0.790897
160 | 0.847885
176 | 0.875517
192 | 0.877208
208 | 0.854833
224 | 0.795074
240 | 0.702326
256 | 0.607017
272 | 0.493705
288 | 0.368655
304 | 0.257004
320 | 0.171818
336 | 0.113662
352 | 0.0352183
368 | 0
384 | 0
400 | 0
416 | 0
432 | 0
448 | 0
464 | 0
480 | 0
496 | 0
512 | 0
528 | 0
544 | 0
560 | 0
576 | 0
592 | 0
608 | 0
624 | 0
640 | 0
656 | 0
672 | 0
688 | 0
704 | 0
720 | 0
736 | 0
752 | 0
768 | 0
784 | 0
800 | 0
816 | 0
832 | 0
848 | 0
864 | 0
880 | 0
896 | 0
912 | 0
928 | 0
944 | 0.00629579
960 | 0.0401786
976 | 0.103365
992 | 0.195856
1008 | 0.31736
1024 | 0.46418
1040 | 0.648787
1056 | 0.779346
1072 | 0.864554
1088 | 0.916083
1104 | 0.932034
1120 | 0.919562
1136 | 0.874898
1152 | 0.792079
1168 | 0.66439
1184 | 0.475358
1200 | 0.332532
1216 | 0.242788
1232 | 0.211653
1248 | 0.239125
1264 | 0.324908
1280 | 0.46418
1296 | 0.648787
1312 | 0.779346
1328 | 0.864554
1344 | 0.916083
1360 | 0.932034
1376 | 0.919562
1392 | 0.874898
1408 | 0.792079
1424 | 0.66439
1440 | 0.475358
1456 | 0.332532
1472 | 0.242788
1488 | 0.211653
1504 | 0.24043
1520 | 0.340004
1536 | 0.503885
1552 | 0.69819
1568 | 0.821314
1584 | 0.895245
1600 | 0.926774
1616 | 0.930418
1632 | 0.906723
1648 | 0.853747
1664 | 0.800838
1680 | 0.756983
1696 | 0.755219
1712 | 0.792009
1728 | 0.843619
1744 | 0.901138
1760 | 0.936341
1776 | 0.953671
1792 | 0.960518
1808 | 0.960156
1824 | 0.936964
1840 | 0.886877
1856 | 0.803434
1872 | 0.711818
1888 | 0.648667
1904 | 0.64139
1920 | 0.684512
1936 | 0.752963
1952 | 0.828968
1968 | 0.87996
1984 | 0.895347
2000 | 0.904503
2016 | 0.910302
2032 | 0.911553
2048 | 0.897594
2064 | 0.879452
2080 | 0.85617
2096 | 0.791198
2112 | 0.664324
2128 | 0.475304
2144 | 0.326236
2160 | 0.20261
2176 | 0.108288
2192 | 0.0432692
2208 | 0.00755495
2224 | 0.00629579
2240 | 0.0401786
2256 | 0.103365
2272 | 0.195856
2288 | 0.31736
2304 | 0.46418
2320 | 0.648787
2336 | 0.779346
2352 | 0.853631
2368 | 0.882058
2384 | 0.867624
2400 | 0.815512
2416 | 0.71337
2432 | 0.5808
2448 | 0.481617
2464 | 0.435827
2480 | 0.461136
2496 | 0.553071
2512 | 0.689677
2528 | 0.804561
2544 | 0.880547
2560 | 0.913984
2576 | 0.912843
2592 | 0.872207
2608 | 0.792079
2624 | 0.66439
2640 | 0.501476
2656 | 0.415751
2672 | 0.384615
2688 | 0.411711
2704 | 0.493424
2720 | 0.648917
2736 | 0.779486
2752 | 0.847674
2768 | 0.887212
2784 | 0.917508
2800 | 0.930487
2816 | 0.923639
2832 | 0.909896
2848 | 0.921563
2864 | 0.934337
2880 | 0.923639
2896 | 0.909896
2912 | 0.921563
2928 | 0.934337
2944 | 0.924071
2960 | 0.895515
2976 | 0.856388
2992 | 0.791412
3008 | 0.664524
3024 | 0.475466
3040 | 0.326236
3056 | 0.20261
3072 | 0.136615
3088 | 0.12088
3104 | 0.0886455
3120 | 0.0816916
3136 | 0.0794622
3152 | 0.0807051
3168 | 0.0779268
3184 | 0.0811079
3200 | 0.138209
3216 | 0.194676
3232 | 0.257663
3248 | 0.335683
3264 | 0.441054
3280 | 0.566738
3296 | 0.697561
3312 | 0.806555
3328 | 0.88081
3344 | 0.927505
3360 | 0.949838
3376 | 0.954124
3392 | 0.953553
3408 | 0.950134
3424 | 0.946836
3440 | 0.941263
3456 | 0.933036
3472 | 0.88694
3488 | 0.656418
3504 | 0.45645
3520 | 0.291825
3536 | 0.17277
3552 | 0.0924735
3568 | 0.0428557
3584 | 0.0161057
3600 | 0.00206256
3616 | 0
3632 | 0
3648 | 0
3664 | 0
3680 | 0
3696 | 0
3712 | 0
3728 | 0
3744 | 0
3760 | 0
3776 | 0
3792 | 0
Valeur de l'integrale : 1787.78
