0
0
0
0
0
0
0
0
0
0
0
0
0
0
0
0
0
0
0
0
0.042317
0.0869005
0.130695
0.173595
0.171256
0.167261
0.165673
0.160593
0.154933
0.147417
0.105196
0.067015
0.0331989
0
0
0
0
0
0
0
0
0
0
0
0
0
0
0
0
0
0
0
0
0
0
0
0
0
0
0
0
0
0
0
0
0
0
0
0
0
0
0
0
0
0
0
0
0
0
0
0
0
0
0
0
0
0
0
0
0
0
0
0
0.152374
0.158987
0.16414
0.173368
0.176944
0.177051
0.174819
0.169343
0.162768
0.156686
0
0
0
0
0
0
0
0
0
0
0
0
0
0
0
0
0
0
0
0
0
0
0
0
0
0
0
0
0
0
0
0
0
0
0
0
0
0
0
0
0
0
0
0
0
0
0
0
0
0
0
0
0
0
0
0
0
0
0
0
0
0
0
0
0
0
0
0
0
0
0
0
0
0
0
0
0
0
0
0
0
0
0
0
0
0
0
0
0