0
0
0
0
0
0
0
0
0
0
0
0
0
0
0
0
0
0
0
0.0379793
0.0767887
0.115399
0.156191
0.156029
0.154137
0.152445
0.149533
0.143673
0.136687
0.129212
0.0927906
0.0605843
0.0300543
0
0
0
0
0
0
0
0
0
0
0
0
0
0
0
0
0
0
0
0
0
0
0
0
0
0
0
0
0
0
0
0
0
0
0
0
0
0
0
0
0
0
0
0
0
0
0
0
0
0
0
0
0
0
0
0
0
0
0
0.13843
0.144293
0.146341
0.150513
0.155412
0.155743
0.155518
0.153794
0.14954
0.14439
0.139654
0
0
0
0
0
0
0
0
0
0
0
0
0
0
0
0
0
0
0
0
0
0
0
0
0
0
0
0
0
0
0
0
0
0
0
0
0
0
0
0
0
0
0
0
0
0
0
0
0
0
0
0
0
0
0
0
0
0
0
0
0
0
0
0
0
0
0
0
0
0
0
0
0
0
0
0
0
0
0
0
0
0
0
0
0
0
0
0