176 | 0
192 | 0
208 | 0.00290375
224 | 0.0175808
240 | 0.0430225
256 | 0.0777268
272 | 0.121812
288 | 0.178117
304 | 0.254877
320 | 0.335763
336 | 0.423239
352 | 0.512319
368 | 0.595217
384 | 0.665416
400 | 0.716568
416 | 0.750824
432 | 0.774362
448 | 0.772051
464 | 0.746647
480 | 0.703434
496 | 0.644416
512 | 0.568891
528 | 0.496231
544 | 0.443122
560 | 0.41765
576 | 0.423269
592 | 0.446646
608 | 0.483736
624 | 0.543211
640 | 0.611984
656 | 0.671844
672 | 0.720693
688 | 0.760277
704 | 0.775405
720 | 0.761645
736 | 0.730243
752 | 0.677748
768 | 0.620486
784 | 0.562768
800 | 0.490759
816 | 0.40436
832 | 0.30821
848 | 0.231204
864 | 0.176896
880 | 0.152857
896 | 0.175172
912 | 0.234462
928 | 0.327494
944 | 0.428533
960 | 0.514389
976 | 0.586057
992 | 0.640471
1008 | 0.670967
1024 | 0.67221
1040 | 0.647214
1056 | 0.599121
1072 | 0.531736
1088 | 0.449859
1104 | 0.354459
1120 | 0.276776
1136 | 0.23213
1152 | 0.216308
1168 | 0.227765
1184 | 0.262475
1200 | 0.350657
1216 | 0.438003
1232 | 0.522325
1248 | 0.59992
1264 | 0.671856
1280 | 0.738209
1296 | 0.779967
1312 | 0.794837
1328 | 0.783452
1344 | 0.749096
1360 | 0.71168
1376 | 0.657726
1392 | 0.581792
1408 | 0.521669
1424 | 0.462442
1440 | 0.420618
1456 | 0.400335
1472 | 0.420079
1488 | 0.451292
1504 | 0.486907
1520 | 0.538249
1536 | 0.602258
1552 | 0.662849
1568 | 0.732929
1584 | 0.767268
1600 | 0.787956
1616 | 0.787832
1632 | 0.787909
1648 | 0.774831
1664 | 0.738813
1680 | 0.671125
1696 | 0.58848
1712 | 0.478921
1728 | 0.370785
1744 | 0.265734
1760 | 0.177359
1776 | 0.115626
1792 | 0.0735356
1808 | 0.0430019
1824 | 0.0226181
1840 | 0.011768
1856 | 0.00943878
1872 | 0.0091786
1888 | 0.00715048
1904 | 0.00103642
1920 | 0
1936 | 0
1952 | 0
1968 | 0
1984 | 0.00172096
2000 | 0.0112583
2016 | 0.0304153
2032 | 0.0612274
2048 | 0.11504
2064 | 0.207276
2080 | 0.323422
2096 | 0.414015
2112 | 0.490737
2128 | 0.571874
2144 | 0.657424
2160 | 0.743023
2176 | 0.810226
2192 | 0.858146
2208 | 0.881869
2224 | 0.886413
2240 | 0.870175
2256 | 0.83657
2272 | 0.804698
2288 | 0.776544
2304 | 0.748205
2320 | 0.710854
2336 | 0.661245
2352 | 0.603322
2368 | 0.540049
2384 | 0.498504
2400 | 0.50303
2416 | 0.536965
2432 | 0.563664
2448 | 0.59424
2464 | 0.631579
2480 | 0.680134
2496 | 0.735705
2512 | 0.779986
2528 | 0.81306
2544 | 0.826313
2560 | 0.814403
2576 | 0.794074
2592 | 0.766267
2608 | 0.750447
2624 | 0.748325
2640 | 0.755129
2656 | 0.75564
2672 | 0.752927
2688 | 0.762012
2704 | 0.77645
2720 | 0.803209
2736 | 0.840165
2752 | 0.86747
2768 | 0.882301
2784 | 0.890936
2800 | 0.897586
2816 | 0.903588
2832 | 0.899158
2848 | 0.879492
2864 | 0.789236
2880 | 0.701244
2896 | 0.610249
2912 | 0.520561
2928 | 0.438163
2944 | 0.366004
2960 | 0.301454
2976 | 0.204191
2992 | 0.0946618
3008 | 0.0563599
3024 | 0.0285217
3040 | 0.0110043
3056 | 0.00139697
3072 | 0
3088 | 0
3104 | 0
3120 | 0
3136 | 0
3152 | 0
3168 | 0
3184 | 0
3200 | 0
3216 | 0
Valeur de l'integrale : 1454
