192 | 0
208 | 0.00269648
224 | 0.0163858
240 | 0.0402317
256 | 0.0729047
272 | 0.114494
288 | 0.167758
304 | 0.240637
320 | 0.317733
336 | 0.397938
352 | 0.475048
368 | 0.547302
384 | 0.611709
400 | 0.665647
416 | 0.70497
432 | 0.734371
448 | 0.748072
464 | 0.737068
480 | 0.750028
496 | 0.740884
512 | 0.712685
528 | 0.685251
544 | 0.630838
560 | 0.592156
576 | 0.582428
592 | 0.592671
608 | 0.618621
624 | 0.661599
640 | 0.712725
656 | 0.766209
672 | 0.777694
688 | 0.77789
704 | 0.769622
720 | 0.737134
736 | 0.715494
752 | 0.679244
768 | 0.630603
784 | 0.583551
800 | 0.53342
816 | 0.466456
832 | 0.38667
848 | 0.302763
864 | 0.239315
880 | 0.198844
896 | 0.188471
912 | 0.22244
928 | 0.293226
944 | 0.380743
960 | 0.463771
976 | 0.531651
992 | 0.584473
1008 | 0.620527
1024 | 0.634888
1040 | 0.626121
1056 | 0.595731
1072 | 0.546447
1088 | 0.481383
1104 | 0.403382
1120 | 0.332108
1136 | 0.277106
1152 | 0.250458
1168 | 0.249743
1184 | 0.270735
1200 | 0.342759
1216 | 0.41974
1232 | 0.494527
1248 | 0.561495
1264 | 0.621342
1280 | 0.674529
1296 | 0.726053
1312 | 0.757172
1328 | 0.76413
1344 | 0.748171
1360 | 0.718819
1376 | 0.68275
1392 | 0.615939
1408 | 0.562441
1424 | 0.503187
1440 | 0.456017
1456 | 0.422936
1472 | 0.432189
1488 | 0.457264
1504 | 0.486309
1520 | 0.528716
1536 | 0.586682
1552 | 0.638424
1568 | 0.684253
1584 | 0.737432
1600 | 0.75743
1616 | 0.767598
1632 | 0.760344
1648 | 0.895982
1664 | 0.879088
1680 | 0.821045
1696 | 0.756412
1712 | 0.673832
1728 | 0.573783
1744 | 0.470584
1760 | 0.375576
1776 | 0.295602
1792 | 0.237403
1808 | 0.195908
1824 | 0.166984
1840 | 0.0204764
1856 | 0.0107069
1872 | 0.00861052
1888 | 0.00839348
1904 | 0.00654647
1920 | 0.000950646
1936 | 0
1952 | 0
1968 | 0
1984 | 0.00156499
2000 | 0.0103457
2016 | 0.027456
2032 | 0.0549366
2048 | 0.102679
2064 | 0.184542
2080 | 0.28785
2096 | 0.367922
2112 | 0.441971
2128 | 0.515513
2144 | 0.596813
2160 | 0.683584
2176 | 0.762858
2192 | 0.82595
2208 | 0.865551
2224 | 0.876926
2240 | 0.872516
2256 | 0.849555
2272 | 0.810541
2288 | 0.774649
2304 | 0.749271
2320 | 0.721876
2336 | 0.684965
2352 | 0.635702
2368 | 0.585936
2384 | 0.539763
2400 | 0.525512
2416 | 0.546512
2432 | 0.565999
2448 | 0.588562
2464 | 0.61668
2480 | 0.660198
2496 | 0.708801
2512 | 0.747328
2528 | 0.776281
2544 | 0.795756
2560 | 0.799556
2576 | 0.79329
2592 | 0.781417
2608 | 0.764284
2624 | 0.758672
2640 | 0.763624
2656 | 0.773143
2672 | 0.776273
2688 | 0.772404
2704 | 0.772553
2720 | 0.784236
2736 | 0.808887
2752 | 0.84066
2768 | 0.86413
2784 | 0.882234
2800 | 0.897224
2816 | 0.905811
2832 | 0.903171
2848 | 0.886268
2864 | 0.802295
2880 | 0.715031
2896 | 0.630046
2912 | 0.548592
2928 | 0.468886
2944 | 0.396472
2960 | 0.336542
2976 | 0.283191
2992 | 0.194602
3008 | 0.0891633
3024 | 0.0531469
3040 | 0.0269188
3056 | 0.0103555
3072 | 0.00131377
3088 | 0
3104 | 0
3120 | 0
3136 | 0
3152 | 0
3168 | 0
3184 | 0
3200 | 0
3216 | 0
Valeur de l'integrale : 1506.35
