0
0
0
0
0
0
0
0
0
0
0
0
0
0
0
0
0
0
0.0344866
0.0696826
0.103293
0.139566
0.141825
0.141691
0.141467
0.138673
0.134756
0.127847
0.120894
0.11501
0.0845907
0.0553045
0.0274717
0
0
0
0
0
0
0
0
0
0
0
0
0
0
0
0
0
0
0
0
0
0
0
0
0
0
0
0
0
0
0
0
0
0
0
0
0
0
0
0
0
0
0
0
0
0
0
0
0
0
0
0
0
0
0
0
0
0
0.125892
0.131728
0.1338
0.135412
0.136792
0.138815
0.138834
0.138655
0.137283
0.133883
0.129802
0.127672
0
0
0
0
0
0
0
0
0
0
0
0
0
0
0
0
0
0
0
0
0
0
0
0
0
0
0
0
0
0
0
0
0
0
0
0
0
0
0
0
0
0
0
0
0
0
0
0
0
0
0
0
0
0
0
0
0
0
0
0
0
0
0
0
0
0
0
0
0
0
0
0
0
0
0
0
0
0
0
0
0
0
0
0
0
0
0