208 | 0.00251682
224 | 0.0153429
240 | 0.0377808
256 | 0.0686459
272 | 0.108006
288 | 0.158538
304 | 0.227904
320 | 0.30154
336 | 0.378611
352 | 0.449238
368 | 0.510473
384 | 0.565748
400 | 0.61517
416 | 0.658196
432 | 0.692478
448 | 0.712829
464 | 0.717389
480 | 0.709089
496 | 0.684931
512 | 0.636711
528 | 0.585107
544 | 0.535067
560 | 0.491878
576 | 0.469541
592 | 0.46817
608 | 0.488084
624 | 0.531086
640 | 0.580599
656 | 0.63087
672 | 0.672845
688 | 0.697088
704 | 0.708793
720 | 0.70888
736 | 0.69571
752 | 0.668877
768 | 0.634798
784 | 0.595454
800 | 0.555194
816 | 0.509316
832 | 0.447966
848 | 0.378229
864 | 0.306532
880 | 0.255721
896 | 0.22803
912 | 0.229872
928 | 0.276108
944 | 0.343553
960 | 0.415214
976 | 0.482529
992 | 0.53407
1008 | 0.57029
1024 | 0.590865
1040 | 0.595281
1056 | 0.580295
1072 | 0.547032
1088 | 0.497806
1104 | 0.434519
1120 | 0.378195
1136 | 0.327874
1152 | 0.291084
1168 | 0.279769
1184 | 0.288678
1200 | 0.345477
1216 | 0.408891
1232 | 0.474772
1248 | 0.533476
1264 | 0.584462
1280 | 0.627482
1296 | 0.668107
1312 | 0.709475
1328 | 0.73194
1344 | 0.732692
1360 | 0.719367
1376 | 0.690658
1392 | 0.642105
1408 | 0.596287
1424 | 0.5435
1440 | 0.495328
1456 | 0.455093
1472 | 0.450564
1488 | 0.465901
1504 | 0.48924
1520 | 0.524818
1536 | 0.573995
1552 | 0.621262
1568 | 0.660366
1584 | 0.692369
1600 | 0.730263
1616 | 0.740005
1632 | 0.742547
1648 | 0.745038
1664 | 0.745207
1680 | 0.699411
1696 | 0.640012
1712 | 0.571602
1728 | 0.492317
1744 | 0.393476
1760 | 0.299259
1776 | 0.213744
1792 | 0.14297
1808 | 0.0937509
1824 | 0.0608023
1840 | 0.0357437
1856 | 0.0187052
1872 | 0.00982141
1888 | 0.0079159
1904 | 0.00773209
1920 | 0.00604627
1936 | 0.000887158
1952 | 0
1968 | 0
1984 | 0.00143438
2000 | 0.00945786
2016 | 0.0253374
2032 | 0.049818
2048 | 0.0927172
2064 | 0.166301
2080 | 0.259328
2096 | 0.330367
2112 | 0.396415
2128 | 0.468556
2144 | 0.542936
2160 | 0.62592
2176 | 0.70747
2192 | 0.782295
2208 | 0.835443
2224 | 0.861858
2240 | 0.864416
2256 | 0.853411
2272 | 0.825087
2288 | 0.782152
2304 | 0.749472
2320 | 0.724901
2336 | 0.697238
2352 | 0.659969
2368 | 0.618072
2384 | 0.583305
2400 | 0.560944
2416 | 0.563851
2432 | 0.572971
2448 | 0.588879
2464 | 0.609641
2480 | 0.64412
2496 | 0.688261
2512 | 0.721823
2528 | 0.746484
2544 | 0.762707
2560 | 0.772436
2576 | 0.780308
2592 | 0.781714
2608 | 0.778871
2624 | 0.771154
2640 | 0.771951
2656 | 0.779313
2672 | 0.790085
2688 | 0.791597
2704 | 0.780897
2720 | 0.780013
2736 | 0.791303
2752 | 0.812108
2768 | 0.839609
2784 | 0.865369
2800 | 0.889247
2816 | 0.905109
2832 | 0.905341
2848 | 0.891065
2864 | 0.814533
2880 | 0.732329
2896 | 0.648157
2912 | 0.571115
2928 | 0.498251
2944 | 0.42734
2960 | 0.366507
2976 | 0.317316
2992 | 0.271257
3008 | 0.184524
3024 | 0.0842686
3040 | 0.0502804
3056 | 0.0254896
3072 | 0.00980328
3088 | 0.00124706
3104 | 0
3120 | 0
3136 | 0
3152 | 0
3168 | 0
3184 | 0
3200 | 0
3216 | 0
Valeur de l'integrale : 1456.72
