0
0
0
0
0
0
0
0
0
0
0
0
0
0
0
0
0.0295745
0.0593258
0.0873308
0.116304
0.116586
0.118174
0.120765
0.120625
0.118293
0.113557
0.108247
0.10274
0.0998695
0.0974456
0.071981
0.0474006
0.0238266
0
0
0
0
0
0
0
0
0
0
0
0
0
0
0
0
0
0
0
0
0
0
0
0
0
0
0
0
0
0
0
0
0
0
0
0
0
0
0
0
0
0
0
0
0
0
0
0
0
0
0
0
0
0
0
0
0.111471
0.111423
0.112939
0.115122
0.11505
0.113371
0.112845
0.114053
0.114066
0.113945
0.113064
0.112113
0.109193
0.106421
0
0
0
0
0
0
0
0
0
0
0
0
0
0
0
0
0
0
0
0
0
0
0
0
0
0
0
0
0
0
0
0
0
0
0
0
0
0
0
0
0
0
0
0
0
0
0
0
0
0
0
0
0
0
0
0
0
0
0
0
0
0
0
0
0
0
0
0
0
0
0
0
0
0
0
0
0
0
0
0
0
0
0
0
0