224 | 0.0144249
240 | 0.0356115
256 | 0.0648573
272 | 0.102214
288 | 0.150279
304 | 0.21645
320 | 0.286918
336 | 0.361074
352 | 0.42932
368 | 0.484714
384 | 0.530055
400 | 0.571546
416 | 0.611227
432 | 0.649114
448 | 0.675064
464 | 0.686765
480 | 0.692775
496 | 0.681179
512 | 0.651946
528 | 0.612257
544 | 0.572455
560 | 0.534144
576 | 0.50657
592 | 0.492634
608 | 0.498975
624 | 0.532084
640 | 0.575874
656 | 0.618712
672 | 0.65296
688 | 0.678144
704 | 0.686117
720 | 0.680097
736 | 0.671833
752 | 0.65325
768 | 0.62785
784 | 0.601351
800 | 0.56822
816 | 0.531869
832 | 0.490754
848 | 0.43785
864 | 0.378268
880 | 0.318216
896 | 0.279194
912 | 0.263034
928 | 0.277658
944 | 0.322859
960 | 0.376784
976 | 0.43498
992 | 0.487801
1008 | 0.524581
1024 | 0.546397
1040 | 0.557382
1056 | 0.555215
1072 | 0.53622
1088 | 0.501337
1104 | 0.452064
1120 | 0.408078
1136 | 0.370752
1152 | 0.33747
1168 | 0.316365
1184 | 0.31464
1200 | 0.357446
1216 | 0.407922
1232 | 0.462239
1248 | 0.5132
1264 | 0.557177
1280 | 0.592683
1296 | 0.624758
1312 | 0.65726
1328 | 0.690048
1344 | 0.705323
1360 | 0.706705
1376 | 0.692352
1392 | 0.651055
1408 | 0.622618
1424 | 0.577287
1440 | 0.534539
1456 | 0.491317
1472 | 0.47803
1488 | 0.480751
1504 | 0.495271
1520 | 0.524917
1536 | 0.567191
1552 | 0.606947
1568 | 0.642955
1584 | 0.669729
1600 | 0.688739
1616 | 0.715402
1632 | 0.717745
1648 | 0.728568
1664 | 0.723022
1680 | 0.701286
1696 | 0.655001
1712 | 0.592797
1728 | 0.527622
1744 | 0.449865
1760 | 0.358381
1776 | 0.272565
1792 | 0.194698
1808 | 0.130388
1824 | 0.0866873
1840 | 0.0556104
1856 | 0.032769
1872 | 0.0172161
1888 | 0.00907116
1904 | 0.00732498
1920 | 0.00717813
1936 | 0.00567155
1952 | 0.000832485
1968 | 0
1984 | 0.0013239
2000 | 0.00870708
2016 | 0.0232588
2032 | 0.0461248
2048 | 0.0845172
2064 | 0.151342
2080 | 0.235949
2096 | 0.299768
2112 | 0.358667
2128 | 0.423901
2144 | 0.497285
2160 | 0.57382
2176 | 0.652924
2192 | 0.730736
2208 | 0.794405
2224 | 0.833724
2240 | 0.850778
2256 | 0.846874
2272 | 0.830515
2288 | 0.798131
2304 | 0.758057
2320 | 0.726694
2336 | 0.701854
2352 | 0.673366
2368 | 0.642415
2384 | 0.614149
2400 | 0.599052
2416 | 0.593099
2432 | 0.587534
2448 | 0.59395
2464 | 0.608496
2480 | 0.63563
2496 | 0.671313
2512 | 0.70188
2528 | 0.722911
2544 | 0.735805
2560 | 0.742762
2576 | 0.755615
2592 | 0.769888
2608 | 0.779354
2624 | 0.784368
2640 | 0.782663
2656 | 0.785815
2672 | 0.794341
2688 | 0.802876
2704 | 0.797565
2720 | 0.786977
2736 | 0.786884
2752 | 0.795731
2768 | 0.813212
2784 | 0.842442
2800 | 0.87396
2816 | 0.897636
2832 | 0.904684
2848 | 0.893895
2864 | 0.823674
2880 | 0.748521
2896 | 0.668448
2912 | 0.591914
2928 | 0.522266
2944 | 0.457165
2960 | 0.397105
2976 | 0.346779
2992 | 0.304676
3008 | 0.258583
3024 | 0.175439
3040 | 0.0798833
3056 | 0.047713
3072 | 0.0242589
3088 | 0.00935512
3104 | 0.00118718
3120 | 0
3136 | 0
3152 | 0
3168 | 0
3184 | 0
3200 | 0
3216 | 0
Valeur de l'integrale : 1457.86
