0
0
0
0
0
0
0
0
0
0
0
0
0
0
0
0.0274126
0.0554545
0.0816303
0.107998
0.108147
0.108391
0.11058
0.111957
0.110822
0.107351
0.102439
0.0980982
0.0950667
0.0926383
0.0905972
0.0673417
0.0445829
0.0224032
0
0
0
0
0
0
0
0
0
0
0
0
0
0
0
0
0
0
0
0
0
0
0
0
0
0
0
0
0
0
0
0
0
0
0
0
0
0
0
0
0
0
0
0
0
0
0
0
0
0
0
0
0
0
0
0.106637
0.107084
0.10506
0.106316
0.106919
0.105695
0.104138
0.103695
0.104714
0.104724
0.104663
0.105079
0.103076
0.100602
0.0982449
0
0
0
0
0
0
0
0
0
0
0
0
0
0
0
0
0
0
0
0
0
0
0
0
0
0
0
0
0
0
0
0
0
0
0
0
0
0
0
0
0
0
0
0
0
0
0
0
0
0
0
0
0
0
0
0
0
0
0
0
0
0
0
0
0
0
0
0
0
0
0
0
0
0
0
0
0
0
0
0
0
0
0
0