0
0
0
0
0
0
0
0
0
0
0
0
0
0
0.0255452
0.051693
0.076693
0.101412
0.100929
0.101059
0.101969
0.103149
0.103463
0.101163
0.0973621
0.0933045
0.0910791
0.0884914
0.0864274
0.0850514
0.0635765
0.0420814
0.0211421
0
0
0
0
0
0
0
0
0
0
0
0
0
0
0
0
0
0
0
0
0
0
0
0
0
0
0
0
0
0
0
0
0
0
0
0
0
0
0
0
0
0
0
0
0
0
0
0
0
0
0
0
0
0
0.101556
0.102616
0.101194
0.0993059
0.0992818
0.0987929
0.0976261
0.0962959
0.0959167
0.0967879
0.0968314
0.0977848
0.0971003
0.0953868
0.093265
0.0912354
0
0
0
0
0
0
0
0
0
0
0
0
0
0
0
0
0
0
0
0
0
0
0
0
0
0
0
0
0
0
0
0
0
0
0
0
0
0
0
0
0
0
0
0
0
0
0
0
0
0
0
0
0
0
0
0
0
0
0
0
0
0
0
0
0
0
0
0
0
0
0
0
0
0
0
0
0
0
0
0
0
0
0