272 | 0.0880477
288 | 0.129967
304 | 0.188092
320 | 0.25048
336 | 0.317021
352 | 0.378917
368 | 0.429227
384 | 0.467043
400 | 0.494159
416 | 0.514887
432 | 0.535672
448 | 0.558255
464 | 0.57938
480 | 0.602813
496 | 0.617924
512 | 0.620357
528 | 0.619892
544 | 0.615402
560 | 0.608786
576 | 0.599628
592 | 0.588439
608 | 0.57811
624 | 0.579821
640 | 0.591937
656 | 0.612233
672 | 0.630225
688 | 0.641348
704 | 0.641368
720 | 0.630945
736 | 0.618282
752 | 0.598792
768 | 0.580941
784 | 0.572476
800 | 0.564185
816 | 0.552012
832 | 0.536722
848 | 0.517382
864 | 0.49857
880 | 0.478963
896 | 0.450772
912 | 0.419032
928 | 0.390207
944 | 0.374949
960 | 0.366218
976 | 0.366664
992 | 0.382836
1008 | 0.404843
1024 | 0.428386
1040 | 0.448788
1056 | 0.45859
1072 | 0.460054
1088 | 0.455268
1104 | 0.44106
1120 | 0.429663
1136 | 0.422386
1152 | 0.41884
1168 | 0.41884
1184 | 0.417962
1200 | 0.43481
1216 | 0.452563
1232 | 0.47556
1248 | 0.498059
1264 | 0.518348
1280 | 0.534395
1296 | 0.549754
1312 | 0.565293
1328 | 0.580472
1344 | 0.595064
1360 | 0.613076
1376 | 0.632121
1392 | 0.628809
1408 | 0.628765
1424 | 0.617667
1440 | 0.603624
1456 | 0.584452
1472 | 0.570562
1488 | 0.561186
1504 | 0.552554
1520 | 0.555063
1536 | 0.572705
1552 | 0.594078
1568 | 0.614144
1584 | 0.629247
1600 | 0.638329
1616 | 0.643825
1632 | 0.643904
1648 | 0.652082
1664 | 0.66744
1680 | 0.651837
1696 | 0.635288
1712 | 0.607402
1728 | 0.579005
1744 | 0.528821
1760 | 0.472836
1776 | 0.41756
1792 | 0.355698
1808 | 0.282823
1824 | 0.217245
1840 | 0.155216
1856 | 0.104076
1872 | 0.0686349
1888 | 0.0442698
1904 | 0.0262221
1920 | 0.0139154
1936 | 0.00746049
1952 | 0.0061118
1968 | 0.00608586
1984 | 0.00593048
2000 | 0.00775365
2016 | 0.0186478
2032 | 0.0366538
2048 | 0.0674802
2064 | 0.12042
2080 | 0.187591
2096 | 0.234587
2112 | 0.278972
2128 | 0.328116
2144 | 0.383766
2160 | 0.447432
2176 | 0.516161
2192 | 0.589183
2208 | 0.650288
2224 | 0.701846
2240 | 0.74498
2256 | 0.777629
2272 | 0.79369
2288 | 0.792758
2304 | 0.780692
2320 | 0.762448
2336 | 0.733265
2352 | 0.694464
2368 | 0.668228
2384 | 0.658322
2400 | 0.65981
2416 | 0.6667
2432 | 0.662878
2448 | 0.654936
2464 | 0.64301
2480 | 0.643593
2496 | 0.658353
2512 | 0.670832
2528 | 0.678921
2544 | 0.682887
2560 | 0.684325
2576 | 0.688699
2592 | 0.700318
2608 | 0.721556
2624 | 0.75213
2640 | 0.782694
2656 | 0.803169
2672 | 0.814875
2688 | 0.816225
2704 | 0.813189
2720 | 0.812672
2736 | 0.813861
2752 | 0.808506
2768 | 0.798218
2784 | 0.798491
2800 | 0.816138
2816 | 0.8429
2832 | 0.865122
2848 | 0.874455
2864 | 0.828675
2880 | 0.774373
2896 | 0.713599
2912 | 0.651544
2928 | 0.589939
2944 | 0.528858
2960 | 0.475514
2976 | 0.431648
2992 | 0.393117
3008 | 0.349286
3024 | 0.306881
3040 | 0.267498
3056 | 0.226816
3072 | 0.153182
3088 | 0.0697008
3104 | 0.0419956
3120 | 0.0214772
3136 | 0.00823362
3152 | 0.0010377
3168 | 0
3184 | 0
3200 | 0
3216 | 0
Valeur de l'integrale : 1458.76
