0
0
0
0
0
0
0
0
0
0
0
0
0
0.0239161
0.0484094
0.0718471
0.0956584
0.0951535
0.0947281
0.0954539
0.0956169
0.0958957
0.0949944
0.0922441
0.0890736
0.0869323
0.0850263
0.082807
0.0813661
0.0805222
0.0602101
0.0398492
0.0200483
0
0
0
0
0
0
0
0
0
0
0
0
0
0
0
0
0
0
0
0
0
0
0
0
0
0
0
0
0
0
0
0
0
0
0
0
0
0
0
0
0
0
0
0
0
0
0
0
0
0
0
0
0
0.0940841
0.0979018
0.0971948
0.0958448
0.0931418
0.092237
0.0917078
0.0907015
0.0895522
0.0892242
0.0900073
0.0909152
0.0908385
0.0902475
0.0887655
0.0869251
0.0851595
0
0
0
0
0
0
0
0
0
0
0
0
0
0
0
0
0
0
0
0
0
0
0
0
0
0
0
0
0
0
0
0
0
0
0
0
0
0
0
0
0
0
0
0
0
0
0
0
0
0
0
0
0
0
0
0
0
0
0
0
0
0
0
0
0
0
0
0
0
0
0
0
0
0
0
0
0
0
0
0
0
0