288 | 0.124363
304 | 0.180222
320 | 0.240307
336 | 0.304633
352 | 0.364647
368 | 0.41345
384 | 0.450166
400 | 0.476501
416 | 0.496716
432 | 0.513678
448 | 0.529364
464 | 0.545794
480 | 0.590542
496 | 0.633664
512 | 0.664294
528 | 0.692361
544 | 0.698155
560 | 0.699656
576 | 0.703395
592 | 0.699082
608 | 0.693178
624 | 0.694137
640 | 0.698885
656 | 0.707236
672 | 0.715113
688 | 0.718764
704 | 0.715419
720 | 0.699844
736 | 0.682363
752 | 0.664818
768 | 0.626947
784 | 0.594832
800 | 0.570737
816 | 0.545177
832 | 0.53601
848 | 0.526126
864 | 0.512918
880 | 0.500431
896 | 0.487527
912 | 0.466592
928 | 0.442936
944 | 0.417084
960 | 0.396764
976 | 0.382011
992 | 0.375411
1008 | 0.383167
1024 | 0.396157
1040 | 0.413572
1056 | 0.428658
1072 | 0.433665
1088 | 0.430762
1104 | 0.42175
1120 | 0.419091
1136 | 0.420398
1152 | 0.425043
1168 | 0.433057
1184 | 0.439763
1200 | 0.46207
1216 | 0.478558
1232 | 0.493613
1248 | 0.507784
1264 | 0.520199
1280 | 0.528884
1296 | 0.537344
1312 | 0.548329
1328 | 0.559669
1344 | 0.570455
1360 | 0.584015
1376 | 0.598114
1392 | 0.603507
1408 | 0.612924
1424 | 0.611861
1440 | 0.607955
1456 | 0.59385
1472 | 0.593404
1488 | 0.586493
1504 | 0.578547
1520 | 0.576727
1536 | 0.586745
1552 | 0.599159
1568 | 0.612953
1584 | 0.624155
1600 | 0.62961
1616 | 0.63131
1632 | 0.631073
1648 | 0.724439
1664 | 0.72816
1680 | 0.728175
1696 | 0.71092
1712 | 0.68869
1728 | 0.658206
1744 | 0.62684
1760 | 0.579005
1776 | 0.526213
1792 | 0.473923
1808 | 0.41603
1824 | 0.351565
1840 | 0.287706
1856 | 0.229735
1872 | 0.181513
1888 | 0.147184
1904 | 0.122844
1920 | 0.104562
1936 | 0.0131963
1952 | 0.00708955
1968 | 0.0058308
1984 | 0.00685631
2000 | 0.0112891
2016 | 0.0181892
2032 | 0.0343023
2048 | 0.0630295
2064 | 0.112377
2080 | 0.175099
2096 | 0.220832
2112 | 0.259735
2128 | 0.305133
2144 | 0.356455
2160 | 0.415083
2176 | 0.47847
2192 | 0.546893
2208 | 0.609235
2224 | 0.657479
2240 | 0.700444
2256 | 0.736911
2272 | 0.763064
2288 | 0.773615
2304 | 0.773051
2320 | 0.76123
2336 | 0.742824
2352 | 0.713284
2368 | 0.679438
2384 | 0.663401
2400 | 0.665799
2416 | 0.676978
2432 | 0.679364
2448 | 0.673866
2464 | 0.666166
2480 | 0.661387
2496 | 0.665271
2512 | 0.67087
2528 | 0.674529
2544 | 0.674193
2560 | 0.671278
2576 | 0.674814
2592 | 0.683814
2608 | 0.701459
2624 | 0.728203
2640 | 0.762072
2656 | 0.792738
2672 | 0.813025
2688 | 0.823045
2704 | 0.819098
2720 | 0.815644
2736 | 0.81558
2752 | 0.815757
2768 | 0.809527
2784 | 0.802541
2800 | 0.811356
2816 | 0.829454
2832 | 0.844337
2848 | 0.85673
2864 | 0.818968
2880 | 0.77289
2896 | 0.719555
2912 | 0.664223
2928 | 0.607554
2944 | 0.551597
2960 | 0.4994
2976 | 0.455405
2992 | 0.418054
3008 | 0.378458
3024 | 0.335993
3040 | 0.295012
3056 | 0.257067
3072 | 0.218288
3088 | 0.147743
3104 | 0.0671093
3120 | 0.040446
3136 | 0.0206883
3152 | 0.00791724
3168 | 0.000995906
3184 | 0
3200 | 0
3216 | 0
Valeur de l'integrale : 1507.04
