0
0
0
0
0
0
0
0
0
0
0
0
0.0224844
0.045518
0.0675773
0.0899669
0.0900706
0.0896229
0.0897859
0.0898656
0.0893517
0.0885771
0.0870878
0.0847707
0.0832482
0.0814014
0.0797652
0.0781494
0.0772113
0.076451
0.0571869
0.0379004
0.0191654
0
0
0
0
0
0
0
0
0
0
0
0
0
0
0
0
0
0
0
0
0
0
0
0
0
0
0
0
0
0
0
0
0
0
0
0
0
0
0
0
0
0
0
0
0
0
0
0
0
0
0
0
0.0885293
0.0909394
0.0929556
0.0922494
0.0900905
0.086914
0.0860315
0.0855709
0.0846942
0.0836912
0.0834302
0.0848734
0.0848804
0.0848136
0.0842981
0.0830037
0.0813923
0.0799453
0
0
0
0
0
0
0
0
0
0
0
0
0
0
0
0
0
0
0
0
0
0
0
0
0
0
0
0
0
0
0
0
0
0
0
0
0
0
0
0
0
0
0
0
0
0
0
0
0
0
0
0
0
0
0
0
0
0
0
0
0
0
0
0
0
0
0
0
0
0
0
0
0
0
0
0
0
0
0
0
0