0
0
0
0
0
0
0
0
0
0
0
0.0212469
0.0429565
0.0637865
0.0849146
0.085007
0.0850996
0.0851866
0.0848244
0.0843095
0.0829646
0.0816638
0.0803962
0.0794778
0.0781625
0.0765666
0.0754345
0.0743089
0.0734603
0.0727774
0.0545328
0.0363189
0.0185259
0
0
0
0
0
0
0
0
0
0
0
0
0
0
0
0
0
0
0
0
0
0
0
0
0
0
0
0
0
0
0
0
0
0
0
0
0
0
0
0
0
0
0
0
0
0
0
0
0
0
0
0.0832994
0.0857394
0.0866564
0.0884221
0.0869067
0.0842513
0.0813826
0.0806083
0.0802038
0.0794332
0.0785729
0.0790007
0.0795908
0.079597
0.0795382
0.0790847
0.0779443
0.0766163
0.0759254
0
0
0
0
0
0
0
0
0
0
0
0
0
0
0
0
0
0
0
0
0
0
0
0
0
0
0
0
0
0
0
0
0
0
0
0
0
0
0
0
0
0
0
0
0
0
0
0
0
0
0
0
0
0
0
0
0
0
0
0
0
0
0
0
0
0
0
0
0
0
0
0
0
0
0
0
0
0
0
0