304 | 0.172984
320 | 0.230928
336 | 0.293176
352 | 0.351413
368 | 0.398792
384 | 0.434467
400 | 0.460062
416 | 0.479783
432 | 0.496278
448 | 0.508578
464 | 0.518838
480 | 0.536794
496 | 0.556298
512 | 0.569939
528 | 0.581065
544 | 0.592216
560 | 0.60339
576 | 0.614548
592 | 0.621887
608 | 0.622451
624 | 0.627699
640 | 0.633537
656 | 0.639225
672 | 0.64057
688 | 0.638619
704 | 0.632133
720 | 0.616974
736 | 0.597325
752 | 0.577045
768 | 0.561085
784 | 0.547494
800 | 0.537774
816 | 0.533904
832 | 0.530168
848 | 0.52597
864 | 0.521598
880 | 0.514232
896 | 0.507792
912 | 0.500959
928 | 0.486459
944 | 0.465115
960 | 0.435673
976 | 0.41014
992 | 0.389434
1008 | 0.376029
1024 | 0.376082
1040 | 0.384122
1056 | 0.397115
1072 | 0.407676
1088 | 0.408348
1104 | 0.400885
1120 | 0.402078
1136 | 0.410861
1152 | 0.423041
1168 | 0.43837
1184 | 0.452412
1200 | 0.480203
1216 | 0.501447
1232 | 0.515588
1248 | 0.523414
1264 | 0.528495
1280 | 0.530247
1296 | 0.532021
1312 | 0.536697
1328 | 0.544003
1344 | 0.551495
1360 | 0.561542
1376 | 0.571602
1392 | 0.573402
1408 | 0.589466
1424 | 0.597347
1440 | 0.602718
1456 | 0.598236
1472 | 0.601917
1488 | 0.607102
1504 | 0.601429
1520 | 0.599638
1536 | 0.605203
1552 | 0.611006
1568 | 0.616907
1584 | 0.62261
1600 | 0.624744
1616 | 0.623341
1632 | 0.619851
1648 | 0.623931
1664 | 0.622407
1680 | 0.608606
1696 | 0.60424
1712 | 0.584241
1728 | 0.564166
1744 | 0.53565
1760 | 0.506717
1776 | 0.462485
1792 | 0.414093
1808 | 0.366366
1824 | 0.314941
1840 | 0.250092
1856 | 0.1902
1872 | 0.135907
1888 | 0.0912025
1904 | 0.0602678
1920 | 0.0390196
1936 | 0.0233788
1952 | 0.0125581
1968 | 0.00677652
1984 | 0.00658036
2000 | 0.0119203
2016 | 0.0210144
2032 | 0.0329126
2048 | 0.0591295
2064 | 0.105341
2080 | 0.164119
2096 | 0.206788
2112 | 0.245204
2128 | 0.285159
2144 | 0.332773
2160 | 0.387097
2176 | 0.445909
2192 | 0.509549
2208 | 0.567781
2224 | 0.617768
2240 | 0.658099
2256 | 0.695062
2272 | 0.725367
2288 | 0.745758
2304 | 0.755802
2320 | 0.754627
2336 | 0.742445
2352 | 0.723555
2368 | 0.69858
2384 | 0.674473
2400 | 0.670211
2416 | 0.681627
2432 | 0.688465
2448 | 0.688887
2464 | 0.683327
2480 | 0.681813
2496 | 0.680704
2512 | 0.676824
2528 | 0.674406
2544 | 0.67024
2560 | 0.663586
2576 | 0.662836
2592 | 0.670711
2608 | 0.685469
2624 | 0.708486
2640 | 0.73888
2656 | 0.772866
2672 | 0.802881
2688 | 0.820825
2704 | 0.825294
2720 | 0.821079
2736 | 0.818216
2752 | 0.817269
2768 | 0.816341
2784 | 0.813003
2800 | 0.814265
2816 | 0.824332
2832 | 0.831186
2848 | 0.836971
2864 | 0.804685
2880 | 0.76572
2896 | 0.71991
2912 | 0.67133
2928 | 0.621238
2944 | 0.569871
2960 | 0.522421
2976 | 0.479305
2992 | 0.441836
3008 | 0.403282
3024 | 0.364852
3040 | 0.323676
3056 | 0.284052
3072 | 0.247832
3088 | 0.211156
3104 | 0.14271
3120 | 0.0647036
3136 | 0.0390067
3152 | 0.0199552
3168 | 0.00762428
3184 | 0.000957345
3200 | 0
3216 | 0
Valeur de l'integrale : 1456.23
