0
0
0
0
0
0
0
0
0
0
0.0202482
0.0407266
0.0604035
0.0803996
0.0804825
0.0805655
0.0810898
0.0807076
0.0798569
0.0785999
0.0768695
0.0757515
0.0756201
0.0748294
0.0736941
0.0725675
0.0718501
0.0708282
0.070062
0.0695385
0.0523687
0.0351687
0.0180037
0
0
0
0
0
0
0
0
0
0
0
0
0
0
0
0
0
0
0
0
0
0
0
0
0
0
0
0
0
0
0
0
0
0
0
0
0
0
0
0
0
0
0
0
0
0
0
0
0
0
0.078582
0.0808248
0.0819219
0.0827034
0.0835017
0.0814604
0.0790434
0.0765132
0.0758283
0.0754703
0.074808
0.074632
0.0744041
0.0749272
0.0749327
0.0748806
0.0744785
0.0735535
0.0729165
0.0723479
0
0
0
0
0
0
0
0
0
0
0
0
0
0
0
0
0
0
0
0
0
0
0
0
0
0
0
0
0
0
0
0
0
0
0
0
0
0
0
0
0
0
0
0
0
0
0
0
0
0
0
0
0
0
0
0
0
0
0
0
0
0
0
0
0
0
0
0
0
0
0
0
0
0
0
0
0
0
0