320 | 0.222254
336 | 0.282549
352 | 0.339106
368 | 0.385138
384 | 0.419826
400 | 0.444719
416 | 0.463966
432 | 0.480017
448 | 0.492079
464 | 0.499362
480 | 0.531809
496 | 0.568147
512 | 0.601294
528 | 0.636915
544 | 0.653024
560 | 0.669166
576 | 0.689091
592 | 0.703082
608 | 0.713537
624 | 0.722406
640 | 0.729276
656 | 0.733557
672 | 0.731075
688 | 0.721355
704 | 0.707208
720 | 0.686915
736 | 0.665485
752 | 0.64142
768 | 0.621366
784 | 0.609658
800 | 0.582016
816 | 0.55661
832 | 0.537924
848 | 0.520777
864 | 0.521668
880 | 0.522595
896 | 0.5208
912 | 0.519799
928 | 0.518065
944 | 0.505073
960 | 0.480494
976 | 0.446678
992 | 0.415955
1008 | 0.38946
1024 | 0.369764
1040 | 0.365853
1056 | 0.370491
1072 | 0.379662
1088 | 0.385972
1104 | 0.381958
1120 | 0.383526
1136 | 0.395162
1152 | 0.413862
1168 | 0.435895
1184 | 0.456683
1200 | 0.490237
1216 | 0.516654
1232 | 0.535062
1248 | 0.54264
1264 | 0.542444
1280 | 0.537753
1296 | 0.533204
1312 | 0.531697
1328 | 0.533229
1344 | 0.537147
1360 | 0.544131
1376 | 0.550993
1392 | 0.549869
1408 | 0.561291
1424 | 0.575452
1440 | 0.589056
1456 | 0.593653
1472 | 0.605793
1488 | 0.614723
1504 | 0.62013
1520 | 0.619969
1536 | 0.624942
1552 | 0.627166
1568 | 0.627233
1584 | 0.625957
1600 | 0.623245
1616 | 0.61896
1632 | 0.612793
1648 | 0.692009
1664 | 0.692384
1680 | 0.677938
1696 | 0.663547
1712 | 0.655464
1728 | 0.633309
1744 | 0.609032
1760 | 0.580113
1776 | 0.552498
1792 | 0.51066
1808 | 0.46479
1824 | 0.422623
1840 | 0.37102
1856 | 0.310366
1872 | 0.253987
1888 | 0.202829
1904 | 0.160369
1920 | 0.130426
1936 | 0.110052
1952 | 0.0946251
1968 | 0.0120181
1984 | 0.00746141
2000 | 0.0114568
2016 | 0.0211656
2032 | 0.0348403
2048 | 0.0563396
2064 | 0.0991346
2080 | 0.154435
2096 | 0.19437
2112 | 0.230283
2128 | 0.269972
2144 | 0.312041
2160 | 0.362646
2176 | 0.417498
2192 | 0.476979
2208 | 0.530897
2224 | 0.577434
2240 | 0.619986
2256 | 0.655023
2272 | 0.686354
2288 | 0.711089
2304 | 0.730287
2320 | 0.738952
2336 | 0.736723
2352 | 0.723925
2368 | 0.709278
2384 | 0.69333
2400 | 0.680361
2416 | 0.685008
2432 | 0.692304
2448 | 0.69704
2464 | 0.69704
2480 | 0.69703
2496 | 0.698615
2512 | 0.690786
2528 | 0.679906
2544 | 0.670299
2560 | 0.660287
2576 | 0.65586
2592 | 0.659363
2608 | 0.672698
2624 | 0.692649
2640 | 0.719558
2656 | 0.750435
2672 | 0.783789
2688 | 0.810978
2704 | 0.823082
2720 | 0.826798
2736 | 0.823215
2752 | 0.819679
2768 | 0.817748
2784 | 0.819291
2800 | 0.82315
2816 | 0.826269
2832 | 0.826104
2848 | 0.824569
2864 | 0.788549
2880 | 0.754321
2896 | 0.714849
2912 | 0.673089
2928 | 0.629164
2944 | 0.584211
2960 | 0.541036
2976 | 0.502418
2992 | 0.465697
3008 | 0.427037
3024 | 0.389518
3040 | 0.352191
3056 | 0.312255
3072 | 0.274314
3088 | 0.240084
3104 | 0.20452
3120 | 0.138009
3136 | 0.0624643
3152 | 0.0376664
3168 | 0.0192724
3184 | 0.00735222
3200 | 0.000921659
3216 | 0
Valeur de l'integrale : 1502.73
