0.010989
0.0361068
0.0597644
0.0789663
0.0939076
0.106122
0.116541
0.118167
0.110692
0.107254
0.106921
0.107945
0.107822
0.106635
0.10666
0.107893
0.0944826
0.0793784
0.0650485
0.130463
0.195147
0.253416
0.294993
0.335827
0.377144
0.417613
0.419847
0.417613
0.363664
0.304993
0.300351
0.295548
0.280662
0.250422
0.21424
0.239187
0.278553
0.27993
0.290587
0.305624
0.529907
0.499938
0.563055
0.622173
0.674199
0.712304
0.73639
0.594663
0.675578
0.694383
0.706821
0.712365
0.69786
0.680786
0.631401
0.573336
0.518133
0.463575
0.398545
0.345685
0.29796
0.263672
0.226662
0.18087
0.134612
0.101334
0.0656581
0.0371799
0.229768
0.22505
0.297125
0.367448
0.43351
0.505457
0.58962
0.446647
0.49698
0.472626
0.431386
0.376499
0.298952
0.220695
0.142541
0.0784691
0.0378949
0.011194
0
0
0.00584475
0.0176893
0.0294727
0.0412618
0.0531267
0.0565164
0.0559822
0.0498442
0.0388385
0.295026
0.308473
0.324305
0.347091
0.388513
0.446028
0.513292
0.0786241
0.101212
0.118404
0.122549
0.114901
0.6183
0.556712
0.573696
0.570574
0.544718
0.533889
0.512157
0.425447
0.423643
0.356927
0.306147
0.495401
0.479736
0.456696
0.216005
0.439433
0.469697
0.462896
0.218777
0.208626
0.210537
0.2166
0
0
0
0
0
0
0
0
0
0
0
0
0
0
0
0
0
0
0.0636142
0.127192
0.185842
0.235581
0.276187
0.306374
0.309563
0.272291
0.238696
0.214382
0.183366
0.150316
0.118519
0.0941417
0.0679458
0.042236
0.0169065
0.00398525
0
0
0
0.194718
0.200088
0.218683
0.236162
0.254722
0.272683
0.290644
0.104954
0.117459
0.118486
0.129679
0.146335
0.163301
0.179207
0.183865
0.188243
0.163754
0.125222
0.083042
0.0408619
0
0
0
0
0
0
0
0
0
0
0
0
0
0
0
0
0