0.0315934
0.0524502
0.0698413
0.0838191
0.0955191
0.105661
0.114554
0.116067
0.111226
0.108251
0.107733
0.107248
0.106197
0.106219
0.107287
0.0968982
0.0836281
0.0709023
0.126931
0.182193
0.23566
0.275197
0.301305
0.339835
0.380653
0.423313
0.423313
0.377181
0.319359
0.305696
0.303939
0.295674
0.279889
0.248211
0.214044
0.242937
0.284505
0.296165
0.30439
0.49692
0.467082
0.51957
0.579197
0.633306
0.678012
0.699102
0.730989
0.6128
0.684353
0.701127
0.709955
0.698157
0.672349
0.638343
0.593873
0.544342
0.495086
0.435127
0.378726
0.324974
0.277589
0.242847
0.203104
0.161553
0.119913
0.0894732
0.0566892
0.216231
0.205764
0.260488
0.323749
0.383409
0.44493
0.507884
0.584955
0.448792
0.471599
0.43802
0.390924
0.327912
0.259859
0.189979
0.123145
0.0680057
0.032865
0.00978593
0
0.00514656
0.0154167
0.0256873
0.0359623
0.0462372
0.0495097
0.049282
0.0490036
0.0444409
0.266097
0.275419
0.285994
0.292975
0.318218
0.360407
0.41897
0.476673
0.0896359
0.104689
0.104943
0.108186
0.546549
0.512414
0.530953
0.531804
0.508325
0.49132
0.474881
0.655826
0.380621
0.362854
0.310913
0.459882
0.44382
0.4125
0.3875
0.392255
0.396819
0.396819
0.391954
0.18738
0.182711
0.185225
0.192248
0
0
0
0
0
0
0
0
0
0
0
0
0
0
0
0
0
0.0566954
0.111981
0.163634
0.208346
0.240966
0.268403
0.287716
0.288844
0.257357
0.232457
0.201845
0.166519
0.133304
0.10444
0.0808969
0.0589698
0.0362345
0.0148135
0.00343731
0
0
0.168986
0.174801
0.189156
0.207761
0.220313
0.235848
0.251382
0.266917
0.106268
0.118352
0.12962
0.142604
0.157091
0.170952
0.174001
0.176488
0.158032
0.137806
0.105816
0.0701729
0.0345295
0
0
0
0
0
0
0
0
0
0
0
0
0
0
0
0