128 | 0
144 | 0
160 | 0
176 | 0
192 | 0
208 | 0
224 | 0
240 | 0
256 | 0
272 | 0
288 | 0
304 | 0
320 | 0
336 | 0
352 | 0
368 | 0
384 | 0
400 | 0
416 | 0
432 | 0
448 | 0
464 | 0
480 | 0
496 | 0
512 | 0
528 | 0
544 | 0
560 | 0
576 | 0
592 | 0
608 | 0
624 | 0
640 | 0
656 | 0
672 | 0
688 | 0
704 | 0
720 | 0
736 | 0
752 | 0
768 | 0
784 | 0
800 | 0
816 | 0
832 | 0
848 | 0
864 | 0
880 | 0
896 | 0
912 | 0
928 | 0
944 | 0
960 | 0
976 | 0
992 | 0
1008 | 0
1024 | 0
1040 | 0
1056 | 0
1072 | 0
1088 | 0
1104 | 0
1120 | 0
1136 | 0
1152 | 0
1168 | 0
1184 | 0
1200 | 0
1216 | 0
1232 | 0
1248 | 0
1264 | 0
1280 | 0
1296 | 0
1312 | 0.00124119
1328 | 0.011947
1344 | 0.0328435
1360 | 0.0656688
1376 | 0.115892
1392 | 0.195161
1408 | 0.284683
1424 | 0.381176
1440 | 0.479993
1456 | 0.577048
1472 | 0.674061
1488 | 0.75368
1504 | 0.800863
1520 | 0.827791
1536 | 0.854826
1552 | 0.88537
1568 | 0.896287
1584 | 0.886655
1600 | 0.857539
1616 | 0.822393
1632 | 0.796667
1648 | 0.778118
1664 | 0.75285
1680 | 0.72223
1696 | 0.709154
1712 | 0.714796
1728 | 0.736741
1744 | 0.778023
1760 | 0.8232
1776 | 0.846251
1792 | 0.840725
1808 | 0.801916
1824 | 0.72515
1840 | 0.615149
1856 | 0.486654
1872 | 0.356865
1888 | 0.251162
1904 | 0.177268
1920 | 0.137555
1936 | 0.107771
1952 | 0.0845789
1968 | 0.078456
1984 | 0.0733772
2000 | 0.0588763
2016 | 0.0469434
2032 | 0.0357207
2048 | 0.0269663
2064 | 0.0386364
2080 | 0.0729167
2096 | 0.122508
2112 | 0.185609
2128 | 0.259697
2144 | 0.341954
2160 | 0.416064
2176 | 0.478478
2192 | 0.553141
2208 | 0.632417
2224 | 0.667605
2240 | 0.693702
2256 | 0.751387
2272 | 0.803705
2288 | 0.845691
2304 | 0.866602
2320 | 0.856502
2336 | 0.809199
2352 | 0.7256
2368 | 0.635541
2384 | 0.574263
2400 | 0.542953
2416 | 0.548899
2432 | 0.58839
2448 | 0.651146
2464 | 0.721581
2480 | 0.780248
2496 | 0.790193
2512 | 0.768539
2528 | 0.721445
2544 | 0.656772
2560 | 0.574789
2576 | 0.477689
2592 | 0.377207
2608 | 0.303217
2624 | 0.247091
2640 | 0.203153
2656 | 0.159821
2672 | 0.111182
2688 | 0.0692558
2704 | 0.0364121
2720 | 0.0131897
2736 | 0.00159858
2752 | 0
2768 | 0
2784 | 0
2800 | 0
2816 | 0
2832 | 0
2848 | 0
2864 | 0
2880 | 0
2896 | 0
2912 | 0
2928 | 0
2944 | 0
2960 | 0
2976 | 0
2992 | 0
3008 | 0
3024 | 0
3040 | 0
3056 | 0
3072 | 0
3088 | 0
3104 | 0
3120 | 0
3136 | 0
3152 | 0
3168 | 0
3184 | 0
3200 | 0
3216 | 0
3232 | 0
3248 | 0
3264 | 0
3280 | 0
3296 | 0
3312 | 0
3328 | 0
3344 | 0
3360 | 0
3376 | 0
3392 | 0
3408 | 0
Valeur de l'integrale : 698.308
