0.0467311
0.0626067
0.0756879
0.0868426
0.0966399
0.105327
0.113083
0.11596
0.111715
0.108838
0.107138
0.105877
0.105877
0.10682
0.0976291
0.086936
0.0756411
0.125581
0.173514
0.219886
0.257202
0.283285
0.308623
0.347219
0.390495
0.425957
0.387372
0.33699
0.318185
0.308238
0.303173
0.293574
0.275324
0.24466
0.220093
0.251926
0.298048
0.307463
0.471635
0.444785
0.489541
0.540145
0.595028
0.64215
0.670543
0.698232
0.733476
0.627241
0.691294
0.704475
0.697772
0.675719
0.636107
0.603809
0.565318
0.520479
0.465749
0.413101
0.356644
0.303865
0.257647
0.220304
0.183921
0.145996
0.107564
0.07872
0.211702
0.196575
0.239429
0.288736
0.343606
0.399435
0.453961
0.512287
0.572039
0.430952
0.441259
0.401819
0.346711
0.289945
0.227778
0.166768
0.108395
0.0599361
0.0291683
0.00872188
0.00460448
0.0137738
0.0227636
0.0318691
0.0409746
0.04382
0.0438684
0.043792
0.0442624
0.245831
0.250652
0.25807
0.262339
0.273293
0.301342
0.345157
0.396996
0.447223
0.0939335
0.0940255
0.0942298
0.484428
0.464872
0.496271
0.499969
0.481389
0.464777
0.442663
0.612777
0.591857
0.330826
0.320539
0.447465
0.418149
0.389803
0.358224
0.532812
0.357943
0.343519
0.343519
0.340801
0.166206
0.16334
0.167123
0.176068
0
0
0
0
0
0
0
0
0
0
0
0
0
0
0
0
0.0521639
0.101276
0.14664
0.187057
0.217035
0.238806
0.256474
0.271109
0.273166
0.249831
0.219439
0.185178
0.149971
0.11944
0.0914463
0.0715397
0.051633
0.0322173
0.012982
0.00302183
0
0.152176
0.153884
0.16806
0.182719
0.196966
0.20778
0.221466
0.235152
0.248838
0.108281
0.128236
0.141222
0.152579
0.164578
0.166608
0.167985
0.152081
0.136177
0.118957
0.0916181
0.0607573
0.0298964
0
0
0
0
0
0
0
0
0
0
0
0
0
0
0