144 | 0
160 | 0
176 | 0
192 | 0
208 | 0
224 | 0
240 | 0
256 | 0
272 | 0
288 | 0
304 | 0
320 | 0
336 | 0
352 | 0
368 | 0
384 | 0
400 | 0
416 | 0
432 | 0
448 | 0
464 | 0
480 | 0
496 | 0
512 | 0
528 | 0
544 | 0
560 | 0
576 | 0
592 | 0
608 | 0
624 | 0
640 | 0
656 | 0
672 | 0
688 | 0
704 | 0
720 | 0
736 | 0
752 | 0
768 | 0
784 | 0
800 | 0
816 | 0
832 | 0
848 | 0
864 | 0
880 | 0
896 | 0
912 | 0
928 | 0
944 | 0
960 | 0
976 | 0
992 | 0
1008 | 0
1024 | 0
1040 | 0
1056 | 0
1072 | 0
1088 | 0
1104 | 0
1120 | 0
1136 | 0
1152 | 0
1168 | 0
1184 | 0
1200 | 0
1216 | 0
1232 | 0
1248 | 0
1264 | 0
1280 | 0
1296 | 0
1312 | 0.001087
1328 | 0.0109186
1344 | 0.0300127
1360 | 0.0577839
1376 | 0.101716
1392 | 0.171038
1408 | 0.252065
1424 | 0.338117
1440 | 0.43204
1456 | 0.527604
1472 | 0.621103
1488 | 0.701644
1504 | 0.762729
1520 | 0.804166
1536 | 0.836902
1552 | 0.866264
1568 | 0.885044
1584 | 0.885613
1600 | 0.867971
1616 | 0.833037
1632 | 0.800946
1648 | 0.783861
1664 | 0.770697
1680 | 0.751718
1696 | 0.732653
1712 | 0.727412
1728 | 0.734559
1744 | 0.755813
1760 | 0.789139
1776 | 0.81584
1792 | 0.818811
1808 | 0.79487
1824 | 0.74206
1840 | 0.655753
1856 | 0.545583
1872 | 0.431024
1888 | 0.315663
1904 | 0.22775
1920 | 0.172258
1936 | 0.12862
1952 | 0.0933787
1968 | 0.0762815
1984 | 0.0708034
2000 | 0.0637776
2016 | 0.0520103
2032 | 0.0439789
2048 | 0.0425983
2064 | 0.0444079
2080 | 0.0648026
2096 | 0.110937
2112 | 0.167425
2128 | 0.224815
2144 | 0.299698
2160 | 0.379529
2176 | 0.445329
2192 | 0.507904
2208 | 0.580805
2224 | 0.656168
2240 | 0.688724
2256 | 0.713318
2272 | 0.767335
2288 | 0.811744
2304 | 0.837398
2320 | 0.84073
2336 | 0.813307
2352 | 0.750609
2368 | 0.673822
2384 | 0.620917
2400 | 0.592532
2416 | 0.584234
2432 | 0.602457
2448 | 0.64386
2464 | 0.695033
2480 | 0.735055
2496 | 0.745964
2512 | 0.745253
2528 | 0.719116
2544 | 0.673801
2560 | 0.609663
2576 | 0.52983
2592 | 0.44017
2608 | 0.338887
2624 | 0.267691
2640 | 0.222609
2656 | 0.18346
2672 | 0.14426
2688 | 0.100133
2704 | 0.0620529
2720 | 0.0318818
2736 | 0.0116641
2752 | 0.00139969
2768 | 0
2784 | 0
2800 | 0
2816 | 0
2832 | 0
2848 | 0
2864 | 0
2880 | 0
2896 | 0
2912 | 0
2928 | 0
2944 | 0
2960 | 0
2976 | 0
2992 | 0
3008 | 0
3024 | 0
3040 | 0
3056 | 0
3072 | 0
3088 | 0
3104 | 0
3120 | 0
3136 | 0
3152 | 0
3168 | 0
3184 | 0
3200 | 0
3216 | 0
3232 | 0
3248 | 0
3264 | 0
3280 | 0
3296 | 0
3312 | 0
3328 | 0
3344 | 0
3360 | 0
3376 | 0
3392 | 0
3408 | 0
Valeur de l'integrale : 697.687
