0
0
0
0
0
0
0.0769231
0.175824
0.150147
0.118573
0.106268
0.103393
0.103226
0.103226
0.103226
0.115108
0.115785
0.113778
0.102605
0.09606
0.103393
0.111888
0.0201681
0
0
0.445625
0.46
0.46
0.42295
0.34257
0.369549
0.405688
0.46
0.445625
0
0
0.31
0.326739
0.296626
0.273333
0.228878
0.212536
0.271405
0.329032
0.412903
0.4
2.4
0
0.619063
0.665
0.695
0.7
0.62
0.69099
0.754491
0.754491
0.753645
0.733091
0.61
0.514063
0.375
0.355
0.355
0.340731
0.24
0.24
0.18
0.135
0.0860504
0.0221683
0
0
0
0
1.88051
0
0.465
0.48
0.48
0.522449
0.52459
0.55028
0.464877
0.288188
0.19297
0.0885609
0
0
0
0
0
0
0
0
0.0427807
0.0851064
0.0798254
0.08
0.08
0.025
0
0
0
2.72008
0
0
0
0.0695652
0.13913
0.174983
0.175824
0.175824
0.131868
0
0
3.22581
0
0.411789
0.346041
0.243964
0.24
0.165
1.88051
0
0
0
1.88051
0
0
0
2.13125
0
0
0
0
0
0
0
0
0
0
0
0
0
0
0
0
0
0
0
0
0
0
0
0
0.443055
0.425073
0.375367
0.325286
0.27
0.225
0.172101
0.16
0.16
0.181406
0.0981595
0.0306748
0
0
0
0
0
0
0
0
0
1.68257
0.00910531
0.117422
0.129168
0.1169
0.115
0.115
0.115
0.115
0.125
0.217771
0.23
0.23
0.222813
0
0
0
0
0
0
0
0
0
0
0
0
0
0
0
0
0
0
0
0
0
0
0