16 | 0
32 | 0
48 | 0
64 | 0
80 | 0
96 | 0
112 | 0
128 | 0
144 | 0
160 | 0
176 | 0
192 | 0
208 | 0
224 | 0
240 | 0
256 | 0
272 | 0
288 | 0
304 | 0
320 | 0
336 | 0
352 | 0
368 | 0
384 | 0
400 | 0
416 | 0
432 | 0
448 | 0
464 | 0
480 | 0
496 | 0
512 | 0
528 | 0
544 | 0
560 | 0
576 | 0
592 | 0
608 | 0
624 | 0
640 | 0
656 | 0
672 | 0
688 | 0
704 | 0
720 | 0
736 | 0
752 | 0
768 | 0
784 | 0
800 | 0
816 | 0
832 | 0
848 | 0
864 | 0
880 | 0
896 | 0
912 | 0
928 | 0
944 | 0
960 | 0
976 | 0
992 | 0
1008 | 0
1024 | 0
1040 | 0
1056 | 0
1072 | 0
1088 | 0
1104 | 0
1120 | 0
1136 | 0
1152 | 0
1168 | 0
1184 | 0
1200 | 0
1216 | 0
1232 | 0
1248 | 0
1264 | 0
1280 | 0
1296 | 0
1312 | 0.0104673
1328 | 0.09121
1344 | 0.174576
1360 | 0.261888
1376 | 0.413653
1392 | 0.603484
1408 | 0.686638
1424 | 0.7175
1440 | 0.7975
1456 | 0.8775
1472 | 0.948313
1488 | 0.919287
1504 | 0.836898
1520 | 0.831551
1536 | 0.912234
1552 | 0.955098
1568 | 0.8825
1584 | 0.8025
1600 | 0.7225
1616 | 0.6425
1632 | 0.629866
1648 | 0.664315
1664 | 0.679525
1680 | 0.733333
1696 | 0.887693
1712 | 0.929891
1728 | 0.93913
1744 | 0.93913
1760 | 0.913192
1776 | 0.741758
1792 | 0.565934
1808 | 0.39011
1824 | 0.214286
1840 | 0.0453297
1856 | 0.0387097
1872 | 0.114405
1888 | 0.100042
1904 | 0.111437
1920 | 0.148666
1936 | 0.0825
1952 | 0.01125
1968 | 0
1984 | 0
2000 | 0
2016 | 0
2032 | 0.0128676
2048 | 0.111511
2064 | 0.17027
2080 | 0.2375
2096 | 0.529167
2112 | 0.636
2128 | 0.4775
2144 | 0.5575
2160 | 0.629866
2176 | 0.675054
2192 | 0.756024
2208 | 0.836189
2224 | 0.914622
2240 | 0.930682
2256 | 0.93913
2272 | 0.93913
2288 | 0.913192
2304 | 0.741758
2320 | 0.565934
2336 | 0.39011
2352 | 0.214286
2368 | 0.236842
2384 | 0.524961
2400 | 0.699025
2416 | 0.823423
2432 | 0.925942
2448 | 0.950537
2464 | 0.957055
2480 | 0.884183
2496 | 0.489058
2512 | 0.418846
2528 | 0.392962
2544 | 0.39263
2560 | 0.3225
2576 | 0.2425
2592 | 0.17479
2608 | 0.0825
2624 | 0.01125
2640 | 0
2656 | 0
2672 | 0
2688 | 0
2704 | 0
2720 | 0
2736 | 0
2752 | 0
2768 | 0
2784 | 0
2800 | 0
2816 | 0
2832 | 0
2848 | 0
2864 | 0
2880 | 0
2896 | 0
2912 | 0
2928 | 0
2944 | 0
2960 | 0
2976 | 0
2992 | 0
3008 | 0
3024 | 0
3040 | 0
3056 | 0
3072 | 0
3088 | 0
3104 | 0
3120 | 0
3136 | 0
3152 | 0
3168 | 0
3184 | 0
3200 | 0
3216 | 0
3232 | 0
3248 | 0
3264 | 0
3280 | 0
3296 | 0
3312 | 0
3328 | 0
3344 | 0
3360 | 0
3376 | 0
3392 | 0
3408 | 0
Valeur de l'integrale : 698.81
