0.0567303
0.0689948
0.0796111
0.0890378
0.0974761
0.105074
0.113294
0.115942
0.111917
0.108181
0.105916
0.105624
0.106449
0.0982087
0.0886445
0.0794302
0.124684
0.168166
0.208666
0.240876
0.266493
0.291742
0.318553
0.36012
0.396579
0.393755
0.350693
0.333983
0.319121
0.307144
0.300629
0.288363
0.269805
0.247142
0.2305
0.267144
0.307775
0.453098
0.427819
0.467969
0.51213
0.559338
0.607652
0.639557
0.672537
0.703653
0.735487
0.638944
0.695196
0.694211
0.677814
0.643049
0.605568
0.576778
0.541344
0.491048
0.442464
0.389458
0.334479
0.283471
0.236038
0.201652
0.168081
0.132573
0.0960236
0.214846
0.19467
0.227426
0.267079
0.310543
0.362304
0.412323
0.463001
0.50776
0.542943
0.407047
0.408705
0.361374
0.311019
0.257796
0.202747
0.148612
0.096701
0.0538365
0.0262994
0.012062
0.0124647
0.020588
0.0286125
0.0367875
0.0393422
0.0393422
0.0394644
0.0399663
0.225482
0.233077
0.236751
0.239409
0.247613
0.262431
0.292534
0.332346
0.378665
0.419106
0.0852576
0.0853333
0.428607
0.420212
0.457285
0.473174
0.45849
0.444906
0.422917
0.575031
0.55657
0.519473
0.295285
0.444331
0.410927
0.373089
0.344477
0.487957
0.490256
0.313996
0.302842
0.303583
0.305419
0.150022
0.149098
0.15476
0.163015
0
0
0
0
0
0
0
0
0
0
0
0
0
0
0
0.0484541
0.0940913
0.134311
0.170191
0.197705
0.218019
0.231353
0.245132
0.258324
0.264778
0.236338
0.202758
0.168748
0.1361
0.106224
0.0819655
0.0636238
0.0465508
0.0286035
0.0115535
0.00269596
0.138721
0.13989
0.150059
0.164307
0.175742
0.188133
0.197913
0.210143
0.222374
0.236617
0.118254
0.138801
0.150419
0.159773
0.160862
0.161548
0.147576
0.133604
0.119632
0.104644
0.0807793
0.0535694
0.026426
0
0
0
0
0
0
0
0
0
0
0
0
0
0