0.0633893
0.0734914
0.0825445
0.0907142
0.0981238
0.106053
0.113528
0.115742
0.111002
0.106954
0.105682
0.106164
0.0986795
0.0900287
0.0817313
0.123876
0.16393
0.20113
0.228897
0.250933
0.275738
0.302493
0.333465
0.368897
0.368519
0.360208
0.346614
0.333271
0.317186
0.30453
0.295347
0.282311
0.269937
0.254107
0.246405
0.278619
0.436566
0.415948
0.450695
0.491103
0.532989
0.57485
0.608977
0.644159
0.679785
0.708121
0.737074
0.647126
0.686847
0.676558
0.64814
0.614822
0.581014
0.553653
0.512271
0.467207
0.417923
0.366025
0.313347
0.261706
0.217931
0.185945
0.154126
0.119727
0.217361
0.199343
0.222537
0.253463
0.289028
0.330635
0.377609
0.424186
0.463165
0.48755
0.510252
0.379735
0.371644
0.327885
0.279975
0.232065
0.182673
0.133893
0.0876699
0.0490002
0.0277753
0.0186174
0.0188158
0.0261331
0.0333768
0.0356946
0.0356946
0.035763
0.0363304
0.204944
0.214901
0.221455
0.221547
0.227956
0.239914
0.257142
0.284963
0.321337
0.359775
0.384797
0.0780488
0.392094
0.377558
0.419127
0.441789
0.438637
0.427593
0.408157
0.549317
0.525254
0.492089
0.466935
0.4119
0.410997
0.370645
0.334159
0.461005
0.453399
0.434703
0.279661
0.271371
0.275185
0.277876
0.137922
0.139179
0.144583
0.151882
0
0
0
0
0
0
0
0
0
0
0
0
0
0
0.0452369
0.0881042
0.125859
0.157629
0.181986
0.200811
0.213289
0.223697
0.236176
0.251642
0.251006
0.219535
0.186296
0.154671
0.12254
0.096316
0.073742
0.0579929
0.0418558
0.0257186
0.0104083
0.129945
0.128497
0.137727
0.14824
0.159739
0.169833
0.18102
0.189943
0.200997
0.213695
0.235029
0.128977
0.14738
0.157215
0.156521
0.156505
0.144047
0.131589
0.119131
0.106673
0.0934049
0.0722338
0.0480103
0.0241572
0
0
0
0
0
0
0
0
0
0
0
0
0