176 | 0.0633893
192 | 0.0734914
208 | 0.0825445
224 | 0.0907142
240 | 0.0981238
256 | 0.106053
272 | 0.113528
288 | 0.115742
304 | 0.111002
320 | 0.106954
336 | 0.105682
352 | 0.106164
368 | 0.0986795
384 | 0.0900287
400 | 0.0817313
416 | 0.123876
432 | 0.16393
448 | 0.20113
464 | 0.228897
480 | 0.250933
496 | 0.275738
512 | 0.302493
528 | 0.333465
544 | 0.368897
560 | 0.368519
576 | 0.360208
592 | 0.346614
608 | 0.333271
624 | 0.317186
640 | 0.30453
656 | 0.295347
672 | 0.282311
688 | 0.269937
704 | 0.254107
720 | 0.246405
736 | 0.278619
752 | 0.436566
768 | 0.415948
784 | 0.450695
800 | 0.491103
816 | 0.532989
832 | 0.57485
848 | 0.608977
864 | 0.644159
880 | 0.679785
896 | 0.708121
912 | 0.737074
928 | 0.647126
944 | 0.686847
960 | 0.676558
976 | 0.64814
992 | 0.614822
1008 | 0.581014
1024 | 0.553653
1040 | 0.512271
1056 | 0.467207
1072 | 0.417923
1088 | 0.366025
1104 | 0.313347
1120 | 0.261706
1136 | 0.217931
1152 | 0.185945
1168 | 0.154126
1184 | 0.119727
1200 | 0.217361
1216 | 0.199343
1232 | 0.222537
1248 | 0.253463
1264 | 0.289028
1280 | 0.330635
1296 | 0.377609
1312 | 0.425086
1328 | 0.472005
1344 | 0.512418
1360 | 0.559822
1376 | 0.463941
1392 | 0.50878
1408 | 0.529632
1424 | 0.553337
1440 | 0.585028
1456 | 0.619678
1472 | 0.660761
1488 | 0.693004
1504 | 0.717108
1520 | 0.753165
1536 | 0.800907
1552 | 0.846769
1568 | 0.878347
1584 | 0.895234
1600 | 0.898015
1616 | 0.883645
1632 | 0.861128
1648 | 0.837191
1664 | 0.987214
1680 | 0.989657
1696 | 0.996144
1712 | 0.991763
1728 | 0.987833
1744 | 0.997378
1760 | 1.01807
1776 | 1.05012
1792 | 1.09144
1808 | 1.1239
1824 | 1.11903
1840 | 0.760453
1856 | 1.00733
1872 | 0.910796
1888 | 0.857509
1904 | 0.787581
1920 | 0.70247
1936 | 0.623801
1952 | 0.547491
1968 | 0.651816
1984 | 0.602697
2000 | 0.553347
2016 | 0.522794
2032 | 0.465585
2048 | 0.464598
2064 | 0.431978
2080 | 0.409417
2096 | 0.558016
2112 | 0.590226
2128 | 0.624363
2144 | 0.523647
2160 | 0.573579
2176 | 0.644788
2192 | 0.719272
2208 | 0.64259
2224 | 0.700861
2240 | 0.771464
2256 | 0.846337
2272 | 0.723029
2288 | 0.740209
2304 | 0.774501
2320 | 0.79161
2336 | 0.787939
2352 | 0.76166
2368 | 0.719795
2384 | 0.684132
2400 | 0.661378
2416 | 0.65384
2432 | 0.658463
2448 | 0.670761
2464 | 0.689346
2480 | 0.69966
2496 | 0.732272
2512 | 0.765798
2528 | 0.799329
2544 | 0.82255
2560 | 0.816278
2576 | 0.785572
2592 | 0.737474
2608 | 0.67012
2624 | 0.593596
2640 | 0.526662
2656 | 0.474123
2672 | 0.40577
2688 | 0.339965
2704 | 0.275165
2720 | 0.204358
2736 | 0.146355
2752 | 0.0994514
2768 | 0.0674483
2784 | 0.0429904
2800 | 0.0257186
2816 | 0.0104083
2832 | 0.129945
2848 | 0.128497
2864 | 0.137727
2880 | 0.14824
2896 | 0.159739
2912 | 0.169833
2928 | 0.18102
2944 | 0.189943
2960 | 0.200997
2976 | 0.213695
2992 | 0.235029
3008 | 0.128977
3024 | 0.14738
3040 | 0.157215
3056 | 0.156521
3072 | 0.156505
3088 | 0.144047
3104 | 0.131589
3120 | 0.119131
3136 | 0.106673
3152 | 0.0934049
3168 | 0.0722338
3184 | 0.0480103
3200 | 0.0241572
3216 | 0
3232 | 0
3248 | 0
3264 | 0
3280 | 0
3296 | 0
3312 | 0
3328 | 0
3344 | 0
3360 | 0
3376 | 0
3392 | 0
3408 | 0
Valeur de l'integrale : 1431.26
