176 | 0
192 | 0
208 | 0
224 | 0
240 | 0
256 | 0
272 | 0
288 | 0
304 | 0
320 | 0
336 | 0
352 | 0
368 | 0
384 | 0
400 | 0
416 | 0
432 | 0
448 | 0
464 | 0
480 | 0
496 | 0
512 | 0
528 | 0
544 | 0
560 | 0
576 | 0
592 | 0
608 | 0
624 | 0
640 | 0
656 | 0
672 | 0
688 | 0
704 | 0
720 | 0
736 | 0
752 | 0
768 | 0
784 | 0
800 | 0
816 | 0
832 | 0
848 | 0
864 | 0
880 | 0
896 | 0
912 | 0
928 | 0
944 | 0
960 | 0
976 | 0
992 | 0
1008 | 0
1024 | 0
1040 | 0
1056 | 0
1072 | 0
1088 | 0
1104 | 0
1120 | 0
1136 | 0
1152 | 0
1168 | 0
1184 | 0
1200 | 0
1216 | 0
1232 | 0
1248 | 0
1264 | 0
1280 | 0
1296 | 0
1312 | 0.000900061
1328 | 0.00884049
1344 | 0.0248685
1360 | 0.0495703
1376 | 0.0842062
1392 | 0.137136
1408 | 0.201747
1424 | 0.273362
1440 | 0.352963
1456 | 0.437005
1472 | 0.526868
1488 | 0.605334
1504 | 0.668108
1520 | 0.72539
1536 | 0.78229
1552 | 0.827953
1568 | 0.852214
1584 | 0.861857
1600 | 0.862321
1616 | 0.84795
1632 | 0.825365
1648 | 0.800861
1664 | 0.78227
1680 | 0.774756
1696 | 0.774689
1712 | 0.770216
1728 | 0.759877
1744 | 0.757464
1760 | 0.760924
1776 | 0.765159
1792 | 0.770108
1808 | 0.764128
1824 | 0.734229
1840 | 0.682404
1856 | 0.615239
1872 | 0.533238
1888 | 0.438383
1904 | 0.345792
1920 | 0.263833
1936 | 0.196208
1952 | 0.139335
1968 | 0.102499
1984 | 0.0774433
2000 | 0.0612577
2016 | 0.055859
2032 | 0.0536849
2048 | 0.0536009
2064 | 0.0613326
2080 | 0.0752576
2096 | 0.0970109
2112 | 0.136827
2128 | 0.18966
2144 | 0.243986
2160 | 0.302208
2176 | 0.369603
2192 | 0.441396
2208 | 0.504668
2224 | 0.561682
2240 | 0.626881
2256 | 0.694455
2272 | 0.723029
2288 | 0.740209
2304 | 0.774501
2320 | 0.79161
2336 | 0.787939
2352 | 0.76166
2368 | 0.719795
2384 | 0.684132
2400 | 0.661378
2416 | 0.65384
2432 | 0.658463
2448 | 0.670761
2464 | 0.689346
2480 | 0.69966
2496 | 0.687035
2512 | 0.677694
2528 | 0.67347
2544 | 0.664921
2560 | 0.634292
2576 | 0.584761
2592 | 0.524185
2608 | 0.446423
2624 | 0.35742
2640 | 0.27502
2656 | 0.223117
2672 | 0.186235
2688 | 0.153669
2704 | 0.120494
2720 | 0.0818182
2736 | 0.0500392
2752 | 0.0257094
2768 | 0.00945537
2784 | 0.00113464
2800 | 0
2816 | 0
2832 | 0
2848 | 0
2864 | 0
2880 | 0
2896 | 0
2912 | 0
2928 | 0
2944 | 0
2960 | 0
2976 | 0
2992 | 0
3008 | 0
3024 | 0
3040 | 0
3056 | 0
3072 | 0
3088 | 0
3104 | 0
3120 | 0
3136 | 0
3152 | 0
3168 | 0
3184 | 0
3200 | 0
3216 | 0
3232 | 0
3248 | 0
3264 | 0
3280 | 0
3296 | 0
3312 | 0
3328 | 0
3344 | 0
3360 | 0
3376 | 0
3392 | 0
3408 | 0
Valeur de l'integrale : 695.806
