0.0682453
0.0769339
0.0848296
0.0920363
0.0996823
0.106914
0.11355
0.11452
0.109581
0.106648
0.106173
0.0990832
0.0911729
0.0836267
0.122101
0.160257
0.194951
0.220555
0.239254
0.260682
0.287048
0.317934
0.344162
0.344497
0.338973
0.355634
0.344837
0.330411
0.314068
0.299444
0.289264
0.281484
0.274466
0.266553
0.258724
0.397528
0.404604
0.437697
0.473591
0.512527
0.550088
0.579335
0.615756
0.653177
0.685856
0.711802
0.736746
0.643716
0.671427
0.649644
0.621977
0.591633
0.559575
0.52566
0.488314
0.442297
0.393731
0.343946
0.291144
0.243353
0.202437
0.17187
0.140511
0.228573
0.203142
0.224169
0.246598
0.274633
0.309223
0.34737
0.391306
0.427457
0.448354
0.462602
0.476419
0.347534
0.340329
0.298128
0.254566
0.211004
0.166071
0.122326
0.0803886
0.0484875
0.0325105
0.0239625
0.024077
0.0307315
0.032666
0.032666
0.0327233
0.03317
0.187349
0.196165
0.205163
0.208585
0.212377
0.222344
0.236445
0.252525
0.278315
0.308887
0.334196
0.35568
0.361638
0.348934
0.381574
0.409821
0.414394
0.412253
0.39506
0.528834
0.504299
0.467448
0.444692
0.565255
0.383096
0.373685
0.33513
0.440039
0.431679
0.407252
0.390458
0.252608
0.248452
0.252624
0.256995
0.129391
0.130894
0.135757
0.142172
0
0
0
0
0
0
0
0
0
0
0
0
0
0.0424204
0.0828334
0.118704
0.148854
0.170037
0.186532
0.198064
0.207974
0.217526
0.231793
0.239535
0.234185
0.202954
0.171974
0.140637
0.112153
0.0875338
0.0677751
0.0526798
0.0380211
0.0233623
0.127557
0.121131
0.12751
0.137038
0.14549
0.155748
0.164972
0.175167
0.18337
0.194822
0.214008
0.234579
0.137823
0.153865
0.154278
0.152691
0.141208
0.129967
0.118727
0.107486
0.0962461
0.0843461
0.0654564
0.0442916
0.0229386
0
0
0
0
0
0
0
0
0
0
0
0