0.0720374
0.0796619
0.08666
0.0940334
0.101028
0.107481
0.112584
0.112852
0.109079
0.107034
0.0996359
0.0921463
0.0852148
0.120607
0.155843
0.189532
0.21359
0.230935
0.249184
0.27233
0.302808
0.329334
0.322913
0.318542
0.336476
0.353267
0.341394
0.326704
0.308774
0.293577
0.288011
0.28484
0.28432
0.276252
0.370625
0.370852
0.425346
0.459681
0.494963
0.530352
0.556581
0.587927
0.626297
0.660832
0.690956
0.713436
0.725648
0.63281
0.647139
0.625502
0.600102
0.571081
0.53339
0.502253
0.46338
0.417772
0.371074
0.321071
0.272341
0.22744
0.188358
0.15792
0.239108
0.214898
0.225522
0.246034
0.266546
0.294228
0.326307
0.362196
0.396795
0.416506
0.428328
0.435189
0.438414
0.32
0.312012
0.273323
0.233385
0.193292
0.152811
0.112868
0.0775047
0.0512899
0.0363398
0.0284541
0.028505
0.0302807
0.0301112
0.0301599
0.0305389
0.171893
0.179986
0.188018
0.194269
0.200949
0.208208
0.220079
0.233385
0.248404
0.269906
0.28984
0.312013
0.589297
0.324606
0.35581
0.377407
0.388572
0.392874
0.383263
0.51048
0.487686
0.451446
0.424471
0.540118
0.527739
0.350478
0.340288
0.432778
0.414595
0.391801
0.36963
0.355065
0.232632
0.229913
0.235247
0.242123
0.1222
0.123618
0.127947
0.135295
0
0
0
0
0
0
0
0
0
0
0
0
0.039934
0.0781577
0.112318
0.141317
0.161563
0.175502
0.185241
0.194513
0.203622
0.214846
0.222023
0.224266
0.217575
0.188362
0.15749
0.129697
0.102781
0.081049
0.0620531
0.0482585
0.03483
0.13137
0.119522
0.120823
0.127634
0.135393
0.142992
0.152411
0.160903
0.170267
0.179013
0.196439
0.215321
0.234203
0.144665
0.151228
0.150805
0.139075
0.128635
0.118395
0.108155
0.0979159
0.0876763
0.0770338
0.0608381
0.0422658
0.0217411
0
0
0
0
0
0
0
0
0
0
0