0.0750877
0.0818771
0.0889904
0.0957569
0.102028
0.107072
0.111161
0.112119
0.109275
0.100857
0.0931621
0.0865754
0.119331
0.152064
0.183459
0.207417
0.223891
0.240848
0.260909
0.288225
0.314735
0.310223
0.300088
0.317846
0.335718
0.349537
0.337326
0.321121
0.302737
0.292138
0.290705
0.293283
0.292007
0.377324
0.347332
0.393035
0.446481
0.480433
0.513012
0.538136
0.566301
0.599771
0.63535
0.667359
0.69398
0.704955
0.708614
0.612807
0.625015
0.605017
0.580466
0.546007
0.511171
0.477848
0.438809
0.39486
0.347803
0.301654
0.255855
0.212809
0.174217
0.248023
0.225929
0.234591
0.245559
0.264455
0.285177
0.311045
0.341442
0.369295
0.388822
0.400131
0.405146
0.403258
0.405585
0.29484
0.288046
0.252328
0.215298
0.178949
0.141828
0.107838
0.0780488
0.0534425
0.0396021
0.032279
0.0282478
0.0280727
0.0279689
0.0282945
0.158909
0.165674
0.173104
0.178829
0.187981
0.197731
0.20677
0.218068
0.230619
0.242462
0.255249
0.273006
0.522166
0.534234
0.333546
0.354733
0.361502
0.371453
0.367843
0.493824
0.472673
0.438901
0.411745
0.517121
0.505763
0.484905
0.320936
0.431438
0.409583
0.379486
0.358668
0.338963
0.328622
0.216302
0.215431
0.222724
0.229488
0.115835
0.117108
0.12235
0.129081
0
0
0
0
0
0
0
0
0
0
0
0.0377129
0.0739817
0.106584
0.134507
0.154202
0.167586
0.175214
0.183025
0.191568
0.202072
0.206897
0.208986
0.208986
0.202819
0.173444
0.146055
0.119682
0.0957594
0.0747391
0.0572221
0.0445219
0.133629
0.123627
0.119359
0.121408
0.126813
0.13383
0.140873
0.149579
0.157446
0.167113
0.181536
0.198985
0.216435
0.233339
0.142341
0.148099
0.138347
0.12769
0.118117
0.108715
0.0993127
0.0899103
0.080648
0.0719847
0.0582931
0.0402556
0.0206625
0
0
0
0
0
0
0
0
0
0