224 | 0
240 | 0
256 | 0
272 | 0
288 | 0
304 | 0
320 | 0
336 | 0
352 | 0
368 | 0
384 | 0
400 | 0
416 | 0
432 | 0
448 | 0
464 | 0
480 | 0
496 | 0
512 | 0
528 | 0
544 | 0
560 | 0
576 | 0
592 | 0
608 | 0
624 | 0
640 | 0
656 | 0
672 | 0
688 | 0
704 | 0
720 | 0
736 | 0
752 | 0
768 | 0
784 | 0
800 | 0
816 | 0
832 | 0
848 | 0
864 | 0
880 | 0
896 | 0
912 | 0
928 | 0
944 | 0
960 | 0
976 | 0
992 | 0
1008 | 0
1024 | 0
1040 | 0
1056 | 0
1072 | 0
1088 | 0
1104 | 0
1120 | 0
1136 | 0
1152 | 0
1168 | 0
1184 | 0
1200 | 0
1216 | 0
1232 | 0
1248 | 0
1264 | 0
1280 | 0
1296 | 0
1312 | 0.000707339
1328 | 0.00701772
1344 | 0.0198327
1360 | 0.0388722
1376 | 0.0669956
1392 | 0.110964
1408 | 0.16302
1424 | 0.215332
1440 | 0.271627
1456 | 0.33903
1472 | 0.412271
1488 | 0.481624
1504 | 0.541174
1520 | 0.600019
1536 | 0.659893
1552 | 0.718533
1568 | 0.767454
1584 | 0.804077
1600 | 0.822351
1616 | 0.823839
1632 | 0.819292
1648 | 0.817188
1664 | 0.812105
1680 | 0.804105
1696 | 0.79532
1712 | 0.791739
1728 | 0.795468
1744 | 0.799892
1760 | 0.794798
1776 | 0.776346
1792 | 0.755025
1808 | 0.731099
1824 | 0.704061
1840 | 0.673661
1856 | 0.633672
1872 | 0.581581
1888 | 0.523773
1904 | 0.46588
1920 | 0.404324
1936 | 0.332421
1952 | 0.258822
1968 | 0.197231
1984 | 0.147991
2000 | 0.106161
2016 | 0.0768289
2032 | 0.0594204
2048 | 0.0562849
2064 | 0.0659738
2080 | 0.0816563
2096 | 0.102558
2112 | 0.131311
2128 | 0.162062
2144 | 0.196617
2160 | 0.24223
2176 | 0.29425
2192 | 0.343588
2208 | 0.394877
2224 | 0.456933
2240 | 0.519376
2256 | 0.57244
2272 | 0.621086
2288 | 0.673763
2304 | 0.720924
2320 | 0.725486
2336 | 0.715407
2352 | 0.716501
2368 | 0.708423
2384 | 0.70447
2400 | 0.70723
2416 | 0.712369
2432 | 0.719831
2448 | 0.728489
2464 | 0.736868
2480 | 0.731094
2496 | 0.69594
2512 | 0.65978
2528 | 0.630075
2544 | 0.608427
2560 | 0.589743
2576 | 0.572993
2592 | 0.55383
2608 | 0.513963
2624 | 0.460441
2640 | 0.407071
2656 | 0.348772
2672 | 0.284013
2688 | 0.218809
2704 | 0.178481
2720 | 0.147135
2736 | 0.120475
2752 | 0.0932365
2768 | 0.0639369
2784 | 0.0388293
2800 | 0.0199499
2816 | 0.007259
2832 | 0.000887574
2848 | 0
2864 | 0
2880 | 0
2896 | 0
2912 | 0
2928 | 0
2944 | 0
2960 | 0
2976 | 0
2992 | 0
3008 | 0
3024 | 0
3040 | 0
3056 | 0
3072 | 0
3088 | 0
3104 | 0
3120 | 0
3136 | 0
3152 | 0
3168 | 0
3184 | 0
3200 | 0
3216 | 0
3232 | 0
3248 | 0
3264 | 0
3280 | 0
3296 | 0
3312 | 0
3328 | 0
3344 | 0
3360 | 0
3376 | 0
3392 | 0
3408 | 0
Valeur de l'integrale : 692.464
