224 | 0.0750877
240 | 0.0818771
256 | 0.0889904
272 | 0.0957569
288 | 0.102028
304 | 0.107072
320 | 0.111161
336 | 0.112119
352 | 0.109275
368 | 0.100857
384 | 0.0931621
400 | 0.0865754
416 | 0.119331
432 | 0.152064
448 | 0.183459
464 | 0.207417
480 | 0.223891
496 | 0.240848
512 | 0.260909
528 | 0.288225
544 | 0.314735
560 | 0.310223
576 | 0.300088
592 | 0.317846
608 | 0.335718
624 | 0.349537
640 | 0.337326
656 | 0.321121
672 | 0.302737
688 | 0.292138
704 | 0.290705
720 | 0.293283
736 | 0.292007
752 | 0.377324
768 | 0.347332
784 | 0.393035
800 | 0.446481
816 | 0.480433
832 | 0.513012
848 | 0.538136
864 | 0.566301
880 | 0.599771
896 | 0.63535
912 | 0.667359
928 | 0.69398
944 | 0.704955
960 | 0.708614
976 | 0.612807
992 | 0.625015
1008 | 0.605017
1024 | 0.580466
1040 | 0.546007
1056 | 0.511171
1072 | 0.477848
1088 | 0.438809
1104 | 0.39486
1120 | 0.347803
1136 | 0.301654
1152 | 0.255855
1168 | 0.212809
1184 | 0.174217
1200 | 0.248023
1216 | 0.225929
1232 | 0.234591
1248 | 0.245559
1264 | 0.264455
1280 | 0.285177
1296 | 0.311045
1312 | 0.342149
1328 | 0.376313
1344 | 0.408655
1360 | 0.439003
1376 | 0.472142
1392 | 0.514222
1408 | 0.568605
1424 | 0.510172
1440 | 0.559673
1456 | 0.591358
1472 | 0.627569
1488 | 0.660573
1504 | 0.683002
1520 | 0.707857
1536 | 0.737942
1552 | 0.771976
1568 | 0.807056
1584 | 0.836356
1600 | 0.850598
1616 | 0.851912
1632 | 0.847261
1648 | 0.845483
1664 | 0.971014
1680 | 0.969779
1696 | 0.968424
1712 | 0.970568
1728 | 0.983449
1744 | 0.997624
1760 | 1.00157
1776 | 0.994414
1792 | 0.985644
1808 | 0.973561
1824 | 0.95931
1840 | 0.946667
1856 | 1.15584
1872 | 1.11581
1888 | 0.857319
1904 | 0.820613
1920 | 0.765826
1936 | 0.703874
1952 | 0.626665
1968 | 0.691055
1984 | 0.620664
2000 | 0.545062
2016 | 0.488574
2032 | 0.576541
2048 | 0.562048
2064 | 0.550879
2080 | 0.402592
2096 | 0.533996
2112 | 0.540894
2128 | 0.541548
2144 | 0.555285
2160 | 0.581193
2176 | 0.622872
2192 | 0.55989
2208 | 0.610308
2224 | 0.679657
2240 | 0.748864
2256 | 0.688275
2272 | 0.738194
2288 | 0.796113
2304 | 0.850005
2320 | 0.725486
2336 | 0.715407
2352 | 0.716501
2368 | 0.708423
2384 | 0.70447
2400 | 0.70723
2416 | 0.712369
2432 | 0.719831
2448 | 0.728489
2464 | 0.736868
2480 | 0.731094
2496 | 0.733653
2512 | 0.733761
2528 | 0.736659
2544 | 0.742934
2560 | 0.743945
2576 | 0.740579
2592 | 0.729044
2608 | 0.696988
2624 | 0.652009
2640 | 0.609143
2656 | 0.555669
2672 | 0.492999
2688 | 0.427795
2704 | 0.3813
2720 | 0.320579
2736 | 0.26653
2752 | 0.212918
2768 | 0.159696
2784 | 0.113568
2800 | 0.077172
2816 | 0.0517809
2832 | 0.134517
2848 | 0.123627
2864 | 0.119359
2880 | 0.121408
2896 | 0.126813
2912 | 0.13383
2928 | 0.140873
2944 | 0.149579
2960 | 0.157446
2976 | 0.167113
2992 | 0.181536
3008 | 0.198985
3024 | 0.216435
3040 | 0.233339
3056 | 0.142341
3072 | 0.148099
3088 | 0.138347
3104 | 0.12769
3120 | 0.118117
3136 | 0.108715
3152 | 0.0993127
3168 | 0.0899103
3184 | 0.080648
3200 | 0.0719847
3216 | 0.0582931
3232 | 0.0402556
3248 | 0.0206625
3264 | 0
3280 | 0
3296 | 0
3312 | 0
3328 | 0
3344 | 0
3360 | 0
3376 | 0
3392 | 0
3408 | 0
Valeur de l'integrale : 1427.64
