0.0775946
0.0844608
0.0910082
0.0971015
0.102074
0.106166
0.110586
0.112104
0.103246
0.0947011
0.0879121
0.118244
0.148791
0.178184
0.200611
0.217586
0.233714
0.252492
0.276727
0.300515
0.297587
0.289527
0.300849
0.318503
0.333264
0.345319
0.331604
0.314833
0.300839
0.29439
0.298238
0.299883
0.384103
0.355606
0.370206
0.415346
0.466621
0.498227
0.521668
0.548519
0.578932
0.610043
0.64316
0.671791
0.687506
0.69049
0.683757
0.594244
0.606006
0.586417
0.556497
0.524464
0.487856
0.453711
0.415867
0.371448
0.327996
0.284489
0.240546
0.197949
0.257092
0.23535
0.24338
0.252503
0.26267
0.281859
0.301362
0.326002
0.349376
0.363748
0.375364
0.380183
0.37733
0.375315
0.375315
0.273349
0.267499
0.234167
0.200465
0.166936
0.135186
0.106309
0.0781747
0.0553016
0.0424108
0.0317762
0.0263169
0.0262016
0.0263575
0.147748
0.153579
0.159825
0.165284
0.173737
0.185636
0.196826
0.205492
0.216232
0.226092
0.2307
0.242103
0.461044
0.478468
0.522673
0.334846
0.342234
0.348372
0.350123
0.472978
0.458938
0.427448
0.401912
0.501388
0.485544
0.466289
0.445789
0.408083
0.409717
0.377234
0.349858
0.331234
0.315712
0.306808
0.203435
0.204882
0.211988
0.218228
0.110101
0.112402
0.117246
0.123413
0
0
0
0
0
0
0
0
0
0
0.0352473
0.0702121
0.101408
0.128323
0.147483
0.160646
0.167953
0.173945
0.181167
0.190898
0.195387
0.195656
0.195656
0.195336
0.1876
0.161549
0.135474
0.112088
0.0888427
0.0693407
0.053089
0.135558
0.126329
0.123175
0.120006
0.121084
0.125961
0.132489
0.139053
0.147145
0.155344
0.170205
0.184953
0.201172
0.216884
0.229803
0.139577
0.136781
0.12779
0.118027
0.10919
0.100498
0.0918066
0.0832486
0.0757361
0.069179
0.0557469
0.0384279
0.0196858
0
0
0
0
0
0
0
0
0