240 | 0
256 | 0
272 | 0
288 | 0
304 | 0
320 | 0
336 | 0
352 | 0
368 | 0
384 | 0
400 | 0
416 | 0
432 | 0
448 | 0
464 | 0
480 | 0
496 | 0
512 | 0
528 | 0
544 | 0
560 | 0
576 | 0
592 | 0
608 | 0
624 | 0
640 | 0
656 | 0
672 | 0
688 | 0
704 | 0
720 | 0
736 | 0
752 | 0
768 | 0
784 | 0
800 | 0
816 | 0
832 | 0
848 | 0
864 | 0
880 | 0
896 | 0
912 | 0
928 | 0
944 | 0
960 | 0
976 | 0
992 | 0
1008 | 0
1024 | 0
1040 | 0
1056 | 0
1072 | 0
1088 | 0
1104 | 0
1120 | 0
1136 | 0
1152 | 0
1168 | 0
1184 | 0
1200 | 0
1216 | 0
1232 | 0
1248 | 0
1264 | 0
1280 | 0
1296 | 0
1312 | 0.000654435
1328 | 0.00652421
1344 | 0.0184764
1360 | 0.0364661
1376 | 0.0628677
1392 | 0.103829
1408 | 0.150854
1424 | 0.204403
1440 | 0.257768
1456 | 0.314846
1472 | 0.382883
1488 | 0.447204
1504 | 0.505475
1520 | 0.560645
1536 | 0.621029
1552 | 0.680823
1568 | 0.730011
1584 | 0.769891
1600 | 0.798441
1616 | 0.810057
1632 | 0.81091
1648 | 0.810363
1664 | 0.811079
1680 | 0.809463
1696 | 0.807056
1712 | 0.801399
1728 | 0.798607
1744 | 0.802364
1760 | 0.804396
1776 | 0.792607
1792 | 0.767201
1808 | 0.738294
1824 | 0.706027
1840 | 0.670133
1856 | 0.633226
1872 | 0.590217
1888 | 0.536116
1904 | 0.480874
1920 | 0.430087
1936 | 0.369546
1952 | 0.299238
1968 | 0.240833
1984 | 0.183298
2000 | 0.133832
2016 | 0.0972147
2032 | 0.0729251
2048 | 0.0626012
2064 | 0.0651813
2080 | 0.0798104
2096 | 0.103199
2112 | 0.129415
2128 | 0.158653
2144 | 0.192935
2160 | 0.229755
2176 | 0.27192
2192 | 0.324903
2208 | 0.37289
2224 | 0.420328
2240 | 0.47977
2256 | 0.539971
2272 | 0.590594
2288 | 0.632825
2304 | 0.6766
2320 | 0.714118
2336 | 0.71055
2352 | 0.692712
2368 | 0.692573
2384 | 0.696455
2400 | 0.704054
2416 | 0.716566
2432 | 0.730057
2448 | 0.741756
2464 | 0.749706
2480 | 0.744891
2496 | 0.711839
2512 | 0.672692
2528 | 0.635499
2544 | 0.606473
2560 | 0.581044
2576 | 0.558138
2592 | 0.540693
2608 | 0.514508
2624 | 0.473395
2640 | 0.430094
2656 | 0.380881
2672 | 0.326526
2688 | 0.265897
2704 | 0.204517
2720 | 0.165088
2736 | 0.137045
2752 | 0.111748
2768 | 0.0873201
2784 | 0.0593188
2800 | 0.0360246
2816 | 0.0185089
2832 | 0.00685558
2848 | 0.000835538
2864 | 0
2880 | 0
2896 | 0
2912 | 0
2928 | 0
2944 | 0
2960 | 0
2976 | 0
2992 | 0
3008 | 0
3024 | 0
3040 | 0
3056 | 0
3072 | 0
3088 | 0
3104 | 0
3120 | 0
3136 | 0
3152 | 0
3168 | 0
3184 | 0
3200 | 0
3216 | 0
3232 | 0
3248 | 0
3264 | 0
3280 | 0
3296 | 0
3312 | 0
3328 | 0
3344 | 0
3360 | 0
3376 | 0
3392 | 0
3408 | 0
Valeur de l'integrale : 691.363
