0.0803699
0.0867082
0.0926289
0.0975221
0.101601
0.105969
0.110669
0.106131
0.0972319
0.0896704
0.117498
0.145944
0.173561
0.19464
0.210644
0.227278
0.245215
0.268106
0.289158
0.285152
0.27887
0.291017
0.30266
0.317196
0.330092
0.339606
0.325201
0.312394
0.302452
0.301206
0.304146
0.385537
0.363711
0.376062
0.393095
0.436549
0.484117
0.507356
0.532435
0.561557
0.589973
0.618992
0.648877
0.667296
0.675092
0.668266
0.66096
0.578175
0.588564
0.563633
0.535681
0.501809
0.464648
0.431126
0.392494
0.351458
0.310361
0.26843
0.224844
0.274223
0.24485
0.250973
0.259476
0.267979
0.278996
0.29714
0.315842
0.3343
0.345467
0.352764
0.358069
0.355585
0.352755
0.349249
0.349249
0.254777
0.249527
0.21911
0.187908
0.159125
0.132023
0.104536
0.0782953
0.0569174
0.041279
0.029723
0.0246657
0.0247822
0.138053
0.14313
0.14854
0.153136
0.161146
0.172196
0.185245
0.196027
0.204315
0.212718
0.21618
0.220026
0.411824
0.426641
0.472774
0.505612
0.325105
0.331715
0.330489
0.450585
0.441397
0.416867
0.392866
0.488615
0.471949
0.449049
0.430006
0.5236
0.388597
0.379173
0.34962
0.325008
0.310175
0.296307
0.289494
0.194003
0.195761
0.202344
0.208022
0.105931
0.10808
0.112551
0.118221
0
0
0
0
0
0
0
0
0
0.0330843
0.0659837
0.096689
0.122683
0.141325
0.154258
0.16154
0.167314
0.172871
0.181182
0.185241
0.18543
0.183925
0.183642
0.18118
0.175366
0.150451
0.127376
0.104529
0.0828579
0.0646696
0.137884
0.128657
0.125725
0.123547
0.119795
0.120669
0.125223
0.131327
0.137471
0.145799
0.158902
0.174176
0.187921
0.202598
0.213826
0.225589
0.129516
0.127069
0.11873
0.109724
0.101517
0.0934364
0.0854831
0.0785403
0.0729854
0.0663551
0.0534138
0.0367589
0.0187993
0
0
0
0
0
0
0
0