256 | 0
272 | 0
288 | 0
304 | 0
320 | 0
336 | 0
352 | 0
368 | 0
384 | 0
400 | 0
416 | 0
432 | 0
448 | 0
464 | 0
480 | 0
496 | 0
512 | 0
528 | 0
544 | 0
560 | 0
576 | 0
592 | 0
608 | 0
624 | 0
640 | 0
656 | 0
672 | 0
688 | 0
704 | 0
720 | 0
736 | 0
752 | 0
768 | 0
784 | 0
800 | 0
816 | 0
832 | 0
848 | 0
864 | 0
880 | 0
896 | 0
912 | 0
928 | 0
944 | 0
960 | 0
976 | 0
992 | 0
1008 | 0
1024 | 0
1040 | 0
1056 | 0
1072 | 0
1088 | 0
1104 | 0
1120 | 0
1136 | 0
1152 | 0
1168 | 0
1184 | 0
1200 | 0
1216 | 0
1232 | 0
1248 | 0
1264 | 0
1280 | 0
1296 | 0
1312 | 0.000608894
1328 | 0.0060654
1344 | 0.0172601
1360 | 0.0341327
1376 | 0.059211
1392 | 0.0978455
1408 | 0.141786
1424 | 0.190207
1440 | 0.245594
1456 | 0.299873
1472 | 0.357406
1488 | 0.417375
1504 | 0.471613
1520 | 0.525988
1536 | 0.58285
1552 | 0.643392
1568 | 0.694148
1584 | 0.734754
1600 | 0.76681
1616 | 0.788365
1632 | 0.798751
1648 | 0.802969
1664 | 0.804938
1680 | 0.808649
1696 | 0.81203
1712 | 0.812197
1728 | 0.807353
1744 | 0.804864
1760 | 0.806438
1776 | 0.802013
1792 | 0.783617
1808 | 0.751495
1824 | 0.715322
1840 | 0.675458
1856 | 0.634216
1872 | 0.594511
1888 | 0.548355
1904 | 0.495096
1920 | 0.445265
1936 | 0.394321
1952 | 0.334603
1968 | 0.279595
1984 | 0.224753
2000 | 0.166495
2016 | 0.123004
2032 | 0.0922687
2048 | 0.0751907
2064 | 0.070694
2080 | 0.0785897
2096 | 0.100555
2112 | 0.128641
2128 | 0.155364
2144 | 0.187849
2160 | 0.22397
2176 | 0.258067
2192 | 0.301675
2208 | 0.353755
2224 | 0.398009
2240 | 0.443046
2256 | 0.500668
2272 | 0.55864
2288 | 0.602811
2304 | 0.637014
2320 | 0.672168
2336 | 0.700488
2352 | 0.689391
2368 | 0.672132
2384 | 0.68272
2400 | 0.696632
2416 | 0.712768
2432 | 0.732365
2448 | 0.74933
2464 | 0.760441
2480 | 0.75657
2496 | 0.725787
2512 | 0.688738
2528 | 0.648421
2544 | 0.612419
2560 | 0.580413
2576 | 0.551456
2592 | 0.52823
2608 | 0.503925
2624 | 0.475756
2640 | 0.443783
2656 | 0.403859
2672 | 0.357856
2688 | 0.306948
2704 | 0.24957
2720 | 0.189695
2736 | 0.154322
2752 | 0.12763
2768 | 0.105068
2784 | 0.0814314
2800 | 0.0553228
2816 | 0.0335979
2832 | 0.0175457
2848 | 0.00648144
2864 | 0.000778884
2880 | 0
2896 | 0
2912 | 0
2928 | 0
2944 | 0
2960 | 0
2976 | 0
2992 | 0
3008 | 0
3024 | 0
3040 | 0
3056 | 0
3072 | 0
3088 | 0
3104 | 0
3120 | 0
3136 | 0
3152 | 0
3168 | 0
3184 | 0
3200 | 0
3216 | 0
3232 | 0
3248 | 0
3264 | 0
3280 | 0
3296 | 0
3312 | 0
3328 | 0
3344 | 0
3360 | 0
3376 | 0
3392 | 0
3408 | 0
Valeur de l'integrale : 690.279
