272 | 0
288 | 0
304 | 0
320 | 0
336 | 0
352 | 0
368 | 0
384 | 0
400 | 0
416 | 0
432 | 0
448 | 0
464 | 0
480 | 0
496 | 0
512 | 0
528 | 0
544 | 0
560 | 0
576 | 0
592 | 0
608 | 0
624 | 0
640 | 0
656 | 0
672 | 0
688 | 0
704 | 0
720 | 0
736 | 0
752 | 0
768 | 0
784 | 0
800 | 0
816 | 0
832 | 0
848 | 0
864 | 0
880 | 0
896 | 0
912 | 0
928 | 0
944 | 0
960 | 0
976 | 0
992 | 0
1008 | 0
1024 | 0
1040 | 0
1056 | 0
1072 | 0
1088 | 0
1104 | 0
1120 | 0
1136 | 0
1152 | 0
1168 | 0
1184 | 0
1200 | 0
1216 | 0
1232 | 0
1248 | 0
1264 | 0
1280 | 0
1296 | 0
1312 | 0.000569279
1328 | 0.00566689
1344 | 0.0161187
1360 | 0.0320213
1376 | 0.0556369
1392 | 0.0925025
1408 | 0.134119
1424 | 0.179524
1440 | 0.229645
1456 | 0.28663
1472 | 0.341499
1488 | 0.391277
1504 | 0.442003
1520 | 0.492829
1536 | 0.548964
1552 | 0.606334
1568 | 0.658364
1584 | 0.700864
1600 | 0.734001
1616 | 0.759223
1632 | 0.778932
1648 | 0.791873
1664 | 0.798144
1680 | 0.802843
1696 | 0.811072
1712 | 0.816628
1728 | 0.817297
1744 | 0.812812
1760 | 0.808568
1776 | 0.804155
1792 | 0.793358
1808 | 0.768604
1824 | 0.730014
1840 | 0.687185
1856 | 0.642732
1872 | 0.59929
1888 | 0.556506
1904 | 0.509827
1920 | 0.460355
1936 | 0.409623
1952 | 0.358582
1968 | 0.313793
1984 | 0.261897
2000 | 0.205181
2016 | 0.153545
2032 | 0.11679
2048 | 0.0933567
2064 | 0.0820824
2080 | 0.0832296
2096 | 0.0986874
2112 | 0.125123
2128 | 0.153403
2144 | 0.183263
2160 | 0.217417
2176 | 0.250725
2192 | 0.286564
2208 | 0.329723
2224 | 0.378486
2240 | 0.420515
2256 | 0.46396
2272 | 0.519746
2288 | 0.571352
2304 | 0.607858
2320 | 0.634382
2336 | 0.661307
2352 | 0.680862
2368 | 0.670106
2384 | 0.664258
2400 | 0.683736
2416 | 0.705023
2432 | 0.727484
2448 | 0.749877
2464 | 0.766028
2480 | 0.766365
2496 | 0.737761
2512 | 0.70296
2528 | 0.664493
2544 | 0.625141
2560 | 0.58688
2576 | 0.552009
2592 | 0.52315
2608 | 0.493722
2624 | 0.467326
2640 | 0.447277
2656 | 0.41801
2672 | 0.380641
2688 | 0.337457
2704 | 0.289164
2720 | 0.232491
2736 | 0.177721
2752 | 0.144206
2768 | 0.120373
2784 | 0.0983678
2800 | 0.0762867
2816 | 0.0518313
2832 | 0.0319615
2848 | 0.016646
2864 | 0.00607042
2880 | 0.000733661
2896 | 0
2912 | 0
2928 | 0
2944 | 0
2960 | 0
2976 | 0
2992 | 0
3008 | 0
3024 | 0
3040 | 0
3056 | 0
3072 | 0
3088 | 0
3104 | 0
3120 | 0
3136 | 0
3152 | 0
3168 | 0
3184 | 0
3200 | 0
3216 | 0
3232 | 0
3248 | 0
3264 | 0
3280 | 0
3296 | 0
3312 | 0
3328 | 0
3344 | 0
3360 | 0
3376 | 0
3392 | 0
3408 | 0
Valeur de l'integrale : 689.2
