0.0827962
0.0885502
0.0933587
0.0974118
0.101723
0.106334
0.105014
0.10018
0.0922905
0.117555
0.143662
0.16949
0.189358
0.204496
0.2202
0.238603
0.260578
0.280528
0.275183
0.268258
0.281015
0.293393
0.302317
0.314981
0.325335
0.333229
0.322384
0.31328
0.308427
0.306579
0.384596
0.366362
0.382109
0.396879
0.414847
0.455116
0.493593
0.518227
0.545647
0.573042
0.599668
0.625862
0.646199
0.656904
0.655047
0.647652
0.64112
0.563235
0.567054
0.543661
0.513731
0.479172
0.442833
0.408118
0.372473
0.333548
0.293756
0.25184
0.295209
0.261997
0.258872
0.26556
0.273522
0.282948
0.293462
0.310908
0.324162
0.331549
0.336265
0.337794
0.336167
0.333679
0.329633
0.326569
0.326569
0.238422
0.234485
0.206247
0.179354
0.154722
0.12873
0.103
0.078401
0.0549575
0.0387594
0.027954
0.0234038
0.130125
0.134013
0.138744
0.142745
0.149778
0.160234
0.172291
0.184912
0.195287
0.201551
0.204213
0.207101
0.37451
0.384153
0.425499
0.461598
0.479373
0.316743
0.316161
0.426889
0.422064
0.402961
0.384445
0.476805
0.460987
0.43774
0.415303
0.505889
0.499576
0.361015
0.352867
0.326233
0.305731
0.292424
0.280759
0.27673
0.185806
0.187509
0.193539
0.200564
0.102083
0.104077
0.108217
0.113449
0
0
0
0
0
0
0
0
0.0311509
0.0622357
0.0913434
0.117494
0.13566
0.148358
0.155599
0.161421
0.166771
0.173382
0.176361
0.176355
0.17486
0.173269
0.171075
0.169743
0.163871
0.141897
0.119253
0.097925
0.0776285
0.143467
0.13128
0.127944
0.125925
0.123121
0.119485
0.120308
0.124579
0.130309
0.13676
0.149662
0.163329
0.177652
0.190077
0.199927
0.210173
0.210173
0.120808
0.118645
0.11087
0.102512
0.0948522
0.0874237
0.0809707
0.0758847
0.0702016
0.0637528
0.0512682
0.0352323
0.0180237
0
0
0
0
0
0
0