0.0848155
0.0895363
0.0935545
0.0978037
0.102325
0.101148
0.0993394
0.0952708
0.118861
0.142432
0.166112
0.18467
0.199013
0.213886
0.231343
0.253689
0.27293
0.267607
0.25972
0.270978
0.283905
0.293568
0.300924
0.311111
0.319901
0.330197
0.322715
0.318318
0.313127
0.382032
0.366541
0.383497
0.401122
0.416915
0.434011
0.465971
0.504509
0.531367
0.557375
0.5832
0.607326
0.624824
0.637685
0.639001
0.63626
0.629582
0.622833
0.544095
0.548044
0.522523
0.491717
0.457842
0.420555
0.388337
0.354434
0.316587
0.276492
0.317529
0.282835
0.274153
0.272113
0.2784
0.287283
0.29632
0.306576
0.318973
0.322149
0.323709
0.323052
0.318307
0.316522
0.312916
0.309354
0.306654
0.306473
0.224652
0.221533
0.197183
0.174081
0.150256
0.125844
0.101644
0.0752845
0.0517781
0.0365731
0.0265939
0.123155
0.126529
0.13016
0.133675
0.139997
0.149367
0.160705
0.172408
0.184602
0.193044
0.194144
0.196361
0.348601
0.351626
0.386081
0.419137
0.441497
0.457229
0.303168
0.409486
0.401203
0.387063
0.373073
0.465774
0.450808
0.428723
0.405931
0.489337
0.483428
0.465409
0.337089
0.330417
0.307947
0.289346
0.278086
0.269212
0.265588
0.178355
0.179923
0.187067
0.193654
0.0985051
0.100361
0.104204
0.108862
0
0
0
0
0
0
0
0.0293482
0.0588544
0.0865579
0.111559
0.130408
0.142893
0.150079
0.155928
0.161319
0.167618
0.169191
0.168364
0.166767
0.165201
0.162038
0.160843
0.158951
0.154958
0.133262
0.112104
0.092106
0.151087
0.136997
0.130451
0.128011
0.125381
0.122623
0.119213
0.119989
0.124011
0.130022
0.140852
0.154391
0.167238
0.180299
0.187724
0.19673
0.19673
0.19673
0.113198
0.111269
0.103986
0.0961898
0.0891249
0.0830974
0.0784096
0.0731829
0.0676224
0.0613469
0.0492928
0.0338876
0.0173796
0
0
0
0
0
0