288 | 0
304 | 0
320 | 0
336 | 0
352 | 0
368 | 0
384 | 0
400 | 0
416 | 0
432 | 0
448 | 0
464 | 0
480 | 0
496 | 0
512 | 0
528 | 0
544 | 0
560 | 0
576 | 0
592 | 0
608 | 0
624 | 0
640 | 0
656 | 0
672 | 0
688 | 0
704 | 0
720 | 0
736 | 0
752 | 0
768 | 0
784 | 0
800 | 0
816 | 0
832 | 0
848 | 0
864 | 0
880 | 0
896 | 0
912 | 0
928 | 0
944 | 0
960 | 0
976 | 0
992 | 0
1008 | 0
1024 | 0
1040 | 0
1056 | 0
1072 | 0
1088 | 0
1104 | 0
1120 | 0
1136 | 0
1152 | 0
1168 | 0
1184 | 0
1200 | 0
1216 | 0
1232 | 0
1248 | 0
1264 | 0
1280 | 0
1296 | 0
1312 | 0.000534504
1328 | 0.00531751
1344 | 0.0151189
1360 | 0.0300236
1376 | 0.0523788
1392 | 0.0872409
1408 | 0.127223
1424 | 0.17042
1440 | 0.21754
1456 | 0.269152
1472 | 0.327347
1488 | 0.374869
1504 | 0.415891
1520 | 0.463603
1536 | 0.516292
1552 | 0.573185
1568 | 0.622689
1584 | 0.666857
1600 | 0.702127
1616 | 0.728708
1632 | 0.751926
1648 | 0.773355
1664 | 0.787717
1680 | 0.796354
1696 | 0.805282
1712 | 0.815413
1728 | 0.821228
1744 | 0.822002
1760 | 0.816014
1776 | 0.806369
1792 | 0.796034
1808 | 0.779097
1824 | 0.748233
1840 | 0.703689
1856 | 0.656788
1872 | 0.610449
1888 | 0.564472
1904 | 0.520869
1920 | 0.47647
1936 | 0.4254
1952 | 0.373983
1968 | 0.33719
1984 | 0.294912
2000 | 0.240178
2016 | 0.189963
2032 | 0.145898
2048 | 0.116502
2064 | 0.0987397
2080 | 0.093376
2096 | 0.10247
2112 | 0.122544
2128 | 0.149223
2144 | 0.180184
2160 | 0.211677
2176 | 0.243069
2192 | 0.277805
2208 | 0.313513
2224 | 0.353777
2240 | 0.400718
2256 | 0.441311
2272 | 0.483182
2288 | 0.532904
2304 | 0.577223
2320 | 0.606389
2336 | 0.625659
2352 | 0.644732
2368 | 0.662907
2384 | 0.662754
2400 | 0.666243
2416 | 0.692176
2432 | 0.718939
2448 | 0.743976
2464 | 0.765271
2480 | 0.771286
2496 | 0.747996
2512 | 0.715333
2528 | 0.678882
2544 | 0.641
2560 | 0.599513
2576 | 0.558999
2592 | 0.524668
2608 | 0.490196
2624 | 0.459053
2640 | 0.440282
2656 | 0.422358
2672 | 0.395067
2688 | 0.359947
2704 | 0.318816
2720 | 0.270422
2736 | 0.218585
2752 | 0.166422
2768 | 0.136363
2784 | 0.113049
2800 | 0.0924708
2816 | 0.0717535
2832 | 0.0494589
2848 | 0.0304226
2864 | 0.0156503
2880 | 0.00573954
2896 | 0.000689431
2912 | 0
2928 | 0
2944 | 0
2960 | 0
2976 | 0
2992 | 0
3008 | 0
3024 | 0
3040 | 0
3056 | 0
3072 | 0
3088 | 0
3104 | 0
3120 | 0
3136 | 0
3152 | 0
3168 | 0
3184 | 0
3200 | 0
3216 | 0
3232 | 0
3248 | 0
3264 | 0
3280 | 0
3296 | 0
3312 | 0
3328 | 0
3344 | 0
3360 | 0
3376 | 0
3392 | 0
3408 | 0
Valeur de l'integrale : 688.12
