0.0860145
0.0899911
0.0941752
0.0986077
0.0975562
0.0958727
0.0946387
0.120745
0.14272
0.16394
0.180719
0.19411
0.208219
0.224822
0.246142
0.265933
0.260913
0.253238
0.262838
0.274323
0.284561
0.292638
0.297833
0.30656
0.317613
0.330142
0.326997
0.32225
0.384256
0.365143
0.382765
0.401373
0.419628
0.434742
0.445724
0.477755
0.517543
0.543122
0.567821
0.591393
0.607494
0.618017
0.621784
0.622042
0.619688
0.61279
0.600857
0.527095
0.527826
0.501236
0.47092
0.436049
0.401313
0.370423
0.337262
0.298852
0.338131
0.304871
0.293127
0.285782
0.283858
0.291126
0.299667
0.308542
0.314387
0.317351
0.31527
0.311909
0.305448
0.300705
0.297779
0.294585
0.291427
0.288869
0.289466
0.212736
0.212176
0.191265
0.168776
0.14631
0.123281
0.0973794
0.0711332
0.0490017
0.0348823
0.121521
0.119929
0.123089
0.125688
0.131415
0.139966
0.15013
0.16117
0.172516
0.182864
0.18645
0.187263
0.326881
0.329069
0.355466
0.38315
0.40432
0.424203
0.432484
0.393622
0.385794
0.369447
0.359626
0.451419
0.441257
0.420307
0.398567
0.478012
0.468291
0.451363
0.435616
0.316543
0.312753
0.292304
0.276019
0.267371
0.259075
0.25542
0.171479
0.174317
0.181042
0.187204
0.0951694
0.0969002
0.100321
0.103616
0
0
0
0
0
0
0.0274079
0.0556752
0.0822022
0.106196
0.124353
0.137793
0.144938
0.150797
0.156211
0.162445
0.16387
0.161881
0.159604
0.157959
0.154961
0.152829
0.15112
0.150551
0.145914
0.125618
0.105764
0.16083
0.144643
0.135894
0.130385
0.12738
0.124781
0.122183
0.118972
0.119707
0.124062
0.134246
0.145808
0.158594
0.170315
0.178181
0.184903
0.184903
0.184903
0.184903
0.106489
0.104756
0.0979063
0.0907141
0.0849738
0.0806284
0.0757921
0.0706669
0.0652259
0.0591209
0.0475424
0.0327643
0.016784
0
0
0
0
0