304 | 0
320 | 0
336 | 0
352 | 0
368 | 0
384 | 0
400 | 0
416 | 0
432 | 0
448 | 0
464 | 0
480 | 0
496 | 0
512 | 0
528 | 0
544 | 0
560 | 0
576 | 0
592 | 0
608 | 0
624 | 0
640 | 0
656 | 0
672 | 0
688 | 0
704 | 0
720 | 0
736 | 0
752 | 0
768 | 0
784 | 0
800 | 0
816 | 0
832 | 0
848 | 0
864 | 0
880 | 0
896 | 0
912 | 0
928 | 0
944 | 0
960 | 0
976 | 0
992 | 0
1008 | 0
1024 | 0
1040 | 0
1056 | 0
1072 | 0
1088 | 0
1104 | 0
1120 | 0
1136 | 0
1152 | 0
1168 | 0
1184 | 0
1200 | 0
1216 | 0
1232 | 0
1248 | 0
1264 | 0
1280 | 0
1296 | 0
1312 | 0.000503742
1328 | 0.00500871
1344 | 0.0142359
1360 | 0.0282605
1376 | 0.049275
1392 | 0.0824105
1408 | 0.120386
1424 | 0.162176
1440 | 0.207154
1456 | 0.255786
1472 | 0.308543
1488 | 0.360196
1504 | 0.399376
1520 | 0.437649
1536 | 0.487291
1552 | 0.540992
1568 | 0.590557
1584 | 0.632742
1600 | 0.669953
1616 | 0.698839
1632 | 0.723408
1648 | 0.747876
1664 | 0.770049
1680 | 0.786293
1696 | 0.798837
1712 | 0.809563
1728 | 0.819774
1744 | 0.825495
1760 | 0.824719
1776 | 0.813729
1792 | 0.798709
1808 | 0.782651
1824 | 0.759806
1840 | 0.723318
1856 | 0.675039
1872 | 0.626398
1888 | 0.577871
1904 | 0.531312
1920 | 0.489387
1936 | 0.442656
1952 | 0.390331
1968 | 0.352537
1984 | 0.31768
2000 | 0.271569
2016 | 0.223153
2032 | 0.180759
2048 | 0.144088
2064 | 0.12014
2080 | 0.1085
2096 | 0.111583
2112 | 0.125417
2128 | 0.146088
2144 | 0.175359
2160 | 0.207593
2176 | 0.236448
2192 | 0.269125
2208 | 0.303524
2224 | 0.336676
2240 | 0.375501
2256 | 0.421331
2272 | 0.460504
2288 | 0.496581
2304 | 0.539631
2320 | 0.576847
2336 | 0.599065
2352 | 0.611476
2368 | 0.629532
2384 | 0.656259
2400 | 0.66472
2416 | 0.674978
2432 | 0.705692
2448 | 0.734665
2464 | 0.758645
2480 | 0.770178
2496 | 0.753827
2512 | 0.726098
2528 | 0.691553
2544 | 0.655335
2560 | 0.615282
2576 | 0.571641
2592 | 0.532105
2608 | 0.492688
2624 | 0.45687
2640 | 0.433307
2656 | 0.416524
2672 | 0.400069
2688 | 0.374511
2704 | 0.340935
2720 | 0.299055
2736 | 0.255053
2752 | 0.205372
2768 | 0.157627
2784 | 0.128404
2800 | 0.106564
2816 | 0.0872409
2832 | 0.0686531
2848 | 0.0472144
2864 | 0.0287076
2880 | 0.0148432
2896 | 0.0054135
2912 | 0.00064962
2928 | 0
2944 | 0
2960 | 0
2976 | 0
2992 | 0
3008 | 0
3024 | 0
3040 | 0
3056 | 0
3072 | 0
3088 | 0
3104 | 0
3120 | 0
3136 | 0
3152 | 0
3168 | 0
3184 | 0
3200 | 0
3216 | 0
3232 | 0
3248 | 0
3264 | 0
3280 | 0
3296 | 0
3312 | 0
3328 | 0
3344 | 0
3360 | 0
3376 | 0
3392 | 0
3408 | 0
Valeur de l'integrale : 687.039
