0
0
0
0
0
0.0384615
0.126374
0.161974
0.132505
0.112084
0.104811
0.103309
0.103226
0.103226
0.108844
0.115445
0.114772
0.107903
0.0992248
0.0995915
0.107473
0.0651243
0.0105356
0
0.274231
0.452812
0.46
0.44298
0.381555
0.35539
0.388168
0.434761
0.452812
0.263683
0
0.167568
0.318282
0.312811
0.285658
0.251887
0.220405
0.242375
0.300242
0.370968
0.406452
1.21481
1.05112
0.367669
0.642031
0.68
0.6975
0.66
0.652395
0.722658
0.754491
0.754068
0.743226
0.666891
0.562031
0.444531
0.365
0.355
0.347867
0.290358
0.24
0.21
0.1575
0.111417
0.0545889
0.0116342
0
0
0
0.761161
0.92663
0.273529
0.4725
0.48
0.500326
0.523517
0.536855
0.50723
0.373885
0.240456
0.142552
0.0425683
0
0
0
0
0
0
0
0.0213904
0.064
0.0823813
0.0799126
0.08
0.0525
0.0125
0
0
1.16649
1.57503
0
0
0.0347826
0.104348
0.155011
0.175403
0.175824
0.153846
0.0659341
0
1.73996
1.4234
0.217163
0.376874
0.291355
0.241966
0.2025
0.859375
0.92663
0
0
0.799219
0.93
0
0
0.799219
1.04388
0
0
0
0
0
0
0
0
0
0
0
0
0
0
0
0
0
0
0
0
0
0
0
0.264533
0.433735
0.398676
0.348536
0.297417
0.2475
0.199514
0.16583
0.16
0.169689
0.140084
0.0644172
0.0153374
0
0
0
0
0
0
0
0
0.726562
0.829972
0.0690813
0.123015
0.122728
0.115942
0.115
0.115
0.115
0.119792
0.169772
0.224353
0.23
0.226406
0.185243
0
0
0
0
0
0
0
0
0
0
0
0
0
0
0
0
0
0
0
0
0
0