32 | 0
48 | 0
64 | 0
80 | 0
96 | 0
112 | 0
128 | 0
144 | 0
160 | 0
176 | 0
192 | 0
208 | 0
224 | 0
240 | 0
256 | 0
272 | 0
288 | 0
304 | 0
320 | 0
336 | 0
352 | 0
368 | 0
384 | 0
400 | 0
416 | 0
432 | 0
448 | 0
464 | 0
480 | 0
496 | 0
512 | 0
528 | 0
544 | 0
560 | 0
576 | 0
592 | 0
608 | 0
624 | 0
640 | 0
656 | 0
672 | 0
688 | 0
704 | 0
720 | 0
736 | 0
752 | 0
768 | 0
784 | 0
800 | 0
816 | 0
832 | 0
848 | 0
864 | 0
880 | 0
896 | 0
912 | 0
928 | 0
944 | 0
960 | 0
976 | 0
992 | 0
1008 | 0
1024 | 0
1040 | 0
1056 | 0
1072 | 0
1088 | 0
1104 | 0
1120 | 0
1136 | 0
1152 | 0
1168 | 0
1184 | 0
1200 | 0
1216 | 0
1232 | 0
1248 | 0
1264 | 0
1280 | 0
1296 | 0
1312 | 0.00499732
1328 | 0.051168
1344 | 0.134142
1360 | 0.218345
1376 | 0.335175
1392 | 0.512238
1408 | 0.645364
1424 | 0.702641
1440 | 0.7575
1456 | 0.8375
1472 | 0.913077
1488 | 0.934136
1504 | 0.878723
1520 | 0.834225
1536 | 0.872
1552 | 0.934352
1568 | 0.918839
1584 | 0.8425
1600 | 0.7625
1616 | 0.6825
1632 | 0.636249
1648 | 0.645787
1664 | 0.670838
1680 | 0.702176
1696 | 0.810957
1712 | 0.911031
1728 | 0.934511
1744 | 0.93913
1760 | 0.927642
1776 | 0.827681
1792 | 0.653846
1808 | 0.478022
1824 | 0.302198
1840 | 0.129808
1856 | 0.0417589
1872 | 0.0810041
1888 | 0.10683
1904 | 0.106093
1920 | 0.131382
1936 | 0.115312
1952 | 0.046875
1968 | 0.00669643
1984 | 0
2000 | 0
2016 | 0
2032 | 0.00546875
2048 | 0.0627273
2064 | 0.145062
2080 | 0.205195
2096 | 0.346875
2112 | 0.583673
2128 | 0.538462
2144 | 0.5175
2160 | 0.593306
2176 | 0.651116
2192 | 0.714601
2208 | 0.794019
2224 | 0.871465
2240 | 0.922452
2256 | 0.934882
2272 | 0.93913
2288 | 0.927642
2304 | 0.827681
2320 | 0.653846
2336 | 0.478022
2352 | 0.302198
2368 | 0.225806
2384 | 0.39702
2400 | 0.617357
2416 | 0.762177
2432 | 0.875084
2448 | 0.939132
2464 | 0.953796
2480 | 0.930323
2496 | 0.648267
2512 | 0.452668
2528 | 0.4051
2544 | 0.392784
2560 | 0.357278
2576 | 0.2825
2592 | 0.209879
2608 | 0.126964
2624 | 0.046875
2640 | 0.00615806
2656 | 0
2672 | 0
2688 | 0
2704 | 0
2720 | 0
2736 | 0
2752 | 0
2768 | 0
2784 | 0
2800 | 0
2816 | 0
2832 | 0
2848 | 0
2864 | 0
2880 | 0
2896 | 0
2912 | 0
2928 | 0
2944 | 0
2960 | 0
2976 | 0
2992 | 0
3008 | 0
3024 | 0
3040 | 0
3056 | 0
3072 | 0
3088 | 0
3104 | 0
3120 | 0
3136 | 0
3152 | 0
3168 | 0
3184 | 0
3200 | 0
3216 | 0
3232 | 0
3248 | 0
3264 | 0
3280 | 0
3296 | 0
3312 | 0
3328 | 0
3344 | 0
3360 | 0
3376 | 0
3392 | 0
3408 | 0
Valeur de l'integrale : 697.956
