0.0866892
0.0908064
0.095151
0.0942108
0.0926398
0.0914871
0.119342
0.143741
0.16346
0.178034
0.189936
0.20312
0.218932
0.239316
0.258268
0.254721
0.247489
0.25661
0.266496
0.275418
0.284068
0.290018
0.294067
0.304968
0.318128
0.333844
0.330306
0.38881
0.368153
0.380563
0.399804
0.418906
0.436239
0.445718
0.458037
0.491457
0.529286
0.55367
0.576396
0.592506
0.601989
0.603948
0.606557
0.606994
0.60417
0.592303
0.581268
0.508719
0.507371
0.481063
0.449652
0.417156
0.383793
0.353289
0.319213
0.356892
0.325264
0.313499
0.30312
0.296168
0.295631
0.302652
0.311071
0.315833
0.313083
0.311095
0.304529
0.295867
0.289443
0.283802
0.281132
0.278283
0.275317
0.273711
0.274683
0.204175
0.205824
0.185326
0.164055
0.142784
0.118077
0.0922464
0.0674885
0.0468433
0.124961
0.118485
0.116834
0.119083
0.123824
0.131678
0.140945
0.15087
0.161607
0.171261
0.177028
0.180292
0.308361
0.309971
0.333936
0.354831
0.372309
0.391311
0.403715
0.511322
0.371681
0.35634
0.34437
0.435344
0.428649
0.412368
0.391659
0.468732
0.458077
0.43814
0.423287
0.409917
0.300295
0.297567
0.279512
0.266004
0.257915
0.249776
0.246002
0.166379
0.169073
0.175393
0.18117
0.0920523
0.0935336
0.0958493
0.0982591
0
0
0
0
0
0.0255341
0.0522239
0.0780728
0.101271
0.118836
0.131873
0.140115
0.145992
0.151417
0.157582
0.159078
0.157051
0.153766
0.151518
0.148572
0.146517
0.144025
0.143508
0.142
0.137867
0.118804
0.170748
0.154313
0.143192
0.135566
0.129658
0.126704
0.124247
0.121791
0.118758
0.119969
0.128376
0.139333
0.150242
0.161976
0.168424
0.175637
0.174417
0.174417
0.174417
0.174417
0.100532
0.0989632
0.0926073
0.0867201
0.0825934
0.0780949
0.0733438
0.0683182
0.0629986
0.0571399
0.0460727
0.03172
0.0162278
0
0
0
0