0
0
0
0
0.025641
0.0842491
0.135153
0.144361
0.122429
0.109029
0.104277
0.103281
0.103226
0.106904
0.111063
0.114884
0.110408
0.103644
0.100576
0.103379
0.0783875
0.0444185
0.00732154
0.19333
0.345
0.455208
0.448953
0.410061
0.377737
0.372267
0.414921
0.438549
0.336664
0.175443
0.122047
0.222664
0.311815
0.3013
0.268339
0.238433
0.238135
0.271555
0.337816
0.380645
0.916429
0.79774
0.856196
0.478458
0.659688
0.686667
0.671667
0.669161
0.684272
0.73325
0.754209
0.746943
0.693797
0.613443
0.499687
0.414688
0.361667
0.350245
0.311907
0.27357
0.22
0.185
0.134827
0.0829839
0.0377537
0.00789247
0
0
0.504065
0.53729
0.732668
0.35
0.475
0.493362
0.508161
0.531897
0.513338
0.430866
0.312177
0.192023
0.0936768
0.0278778
0
0
0
0
0
0
0.014114
0.0427046
0.0695123
0.081572
0.0799417
0.0616667
0.035
0.00839102
0
0.700726
0.889248
1.10464
0
0.0247726
0.0695652
0.124441
0.161378
0.175543
0.161172
0.102564
0.043956
1.19125
1.03383
1.03491
0.265351
0.326373
0.273248
0.216171
0.628265
0.606618
0.53729
0
0.491827
0.55719
0.555978
0
0.506436
0.574719
0.574719
0
0
0
0
0
0
0
0
0
0
0
0
0
0
0
0
0
0
0
0
0
0
0.156024
0.327326
0.412147
0.370791
0.320846
0.273146
0.223573
0.186027
0.16384
0.166261
0.147622
0.10379
0.0429448
0.0101381
0
0
0
0
0
0
0
0.463315
0.504413
0.554004
0.0891997
0.120907
0.120039
0.115626
0.115
0.115
0.118151
0.150056
0.191451
0.226328
0.227604
0.205561
0.153366
0
0
0
0
0
0
0
0
0
0
0
0
0
0
0
0
0
0
0
0
0