48 | 0
64 | 0
80 | 0
96 | 0
112 | 0
128 | 0
144 | 0
160 | 0
176 | 0
192 | 0
208 | 0
224 | 0
240 | 0
256 | 0
272 | 0
288 | 0
304 | 0
320 | 0
336 | 0
352 | 0
368 | 0
384 | 0
400 | 0
416 | 0
432 | 0
448 | 0
464 | 0
480 | 0
496 | 0
512 | 0
528 | 0
544 | 0
560 | 0
576 | 0
592 | 0
608 | 0
624 | 0
640 | 0
656 | 0
672 | 0
688 | 0
704 | 0
720 | 0
736 | 0
752 | 0
768 | 0
784 | 0
800 | 0
816 | 0
832 | 0
848 | 0
864 | 0
880 | 0
896 | 0
912 | 0
928 | 0
944 | 0
960 | 0
976 | 0
992 | 0
1008 | 0
1024 | 0
1040 | 0
1056 | 0
1072 | 0
1088 | 0
1104 | 0
1120 | 0
1136 | 0
1152 | 0
1168 | 0
1184 | 0
1200 | 0
1216 | 0
1232 | 0
1248 | 0
1264 | 0
1280 | 0
1296 | 0
1312 | 0.00327754
1328 | 0.0331651
1344 | 0.0941915
1360 | 0.177715
1376 | 0.280621
1392 | 0.427166
1408 | 0.572424
1424 | 0.670733
1440 | 0.735034
1456 | 0.7975
1472 | 0.874676
1488 | 0.91509
1504 | 0.902879
1520 | 0.86316
1536 | 0.86032
1552 | 0.900945
1568 | 0.916729
1584 | 0.880087
1600 | 0.8025
1616 | 0.7225
1632 | 0.665198
1648 | 0.644622
1664 | 0.654478
1680 | 0.685691
1696 | 0.757582
1712 | 0.856577
1728 | 0.921037
1744 | 0.936051
1760 | 0.931752
1776 | 0.870771
1792 | 0.740571
1808 | 0.565934
1824 | 0.39011
1840 | 0.216575
1856 | 0.0961663
1872 | 0.0712406
1888 | 0.088315
1904 | 0.108553
1920 | 0.122269
1936 | 0.114147
1952 | 0.0804357
1968 | 0.0349813
1984 | 0.00472689
2000 | 0
2016 | 0
2032 | 0.00336538
2048 | 0.0375817
2064 | 0.105978
2080 | 0.180344
2096 | 0.282178
2112 | 0.42809
2128 | 0.535955
2144 | 0.545714
2160 | 0.554437
2176 | 0.618254
2192 | 0.683621
2208 | 0.751756
2224 | 0.827694
2240 | 0.889211
2256 | 0.927877
2272 | 0.936293
2288 | 0.931752
2304 | 0.870771
2320 | 0.740571
2336 | 0.565934
2352 | 0.39011
2368 | 0.279783
2384 | 0.342488
2400 | 0.51363
2416 | 0.690249
2432 | 0.817894
2448 | 0.902866
2464 | 0.945389
2480 | 0.93816
2496 | 0.774929
2512 | 0.558532
2528 | 0.430586
2544 | 0.400362
2560 | 0.368004
2576 | 0.31881
2592 | 0.24832
2608 | 0.1664
2624 | 0.0874667
2640 | 0.0331638
2656 | 0.00425834
2672 | 0
2688 | 0
2704 | 0
2720 | 0
2736 | 0
2752 | 0
2768 | 0
2784 | 0
2800 | 0
2816 | 0
2832 | 0
2848 | 0
2864 | 0
2880 | 0
2896 | 0
2912 | 0
2928 | 0
2944 | 0
2960 | 0
2976 | 0
2992 | 0
3008 | 0
3024 | 0
3040 | 0
3056 | 0
3072 | 0
3088 | 0
3104 | 0
3120 | 0
3136 | 0
3152 | 0
3168 | 0
3184 | 0
3200 | 0
3216 | 0
3232 | 0
3248 | 0
3264 | 0
3280 | 0
3296 | 0
3312 | 0
3328 | 0
3344 | 0
3360 | 0
3376 | 0
3392 | 0
3408 | 0
Valeur de l'integrale : 697.876
