0
0
0
0.0192308
0.0631868
0.10275
0.12987
0.132488
0.117042
0.107518
0.104012
0.103267
0.10596
0.108994
0.111729
0.111547
0.106434
0.103581
0.103184
0.0831889
0.0600858
0.0343736
0.151087
0.274017
0.376724
0.448088
0.423372
0.400788
0.384797
0.396724
0.423253
0.353504
0.255826
0.213453
0.179009
0.239639
0.303735
0.285823
0.254542
0.247007
0.261612
0.307161
0.353368
0.757135
0.689936
0.738013
0.796755
0.537241
0.669766
0.67
0.675891
0.688552
0.700979
0.738347
0.748816
0.708153
0.645159
0.55166
0.463516
0.399766
0.356434
0.322681
0.293929
0.250176
0.19875
0.16159
0.108302
0.0644056
0.0288704
0.00589807
0
0.381503
0.395057
0.515902
0.657914
0.385135
0.486124
0.500815
0.517755
0.515717
0.455348
0.369132
0.258157
0.14282
0.0694987
0.0203235
0
0
0
0
0
0.0104065
0.031796
0.0524633
0.0722173
0.0811732
0.0662138
0.04625
0.0263861
0.0065429
0.497783
0.590192
0.716893
0.80657
0.0192858
0.0548023
0.0916511
0.135778
0.164763
0.164637
0.120879
0.0769231
0.937263
0.811688
0.839953
0.82613
0.258905
0.302307
0.245031
0.525077
0.498151
0.427145
0.3875
0.3875
0.388088
0.397127
0.3875
0.397127
0.405952
0.396512
0.396512
0
0
0
0
0
0
0
0
0
0
0
0
0
0
0
0
0
0
0
0
0
0.11064
0.229953
0.342073
0.386165
0.342708
0.295862
0.249142
0.207396
0.179404
0.167707
0.151021
0.120051
0.077937
0.032003
0.00721306
0
0
0
0
0
0
0.340093
0.3623
0.397007
0.443378
0.0966801
0.119374
0.118738
0.115469
0.115
0.117347
0.140777
0.171216
0.201654
0.225417
0.213192
0.18461
0.0908396
0
0
0
0
0
0
0
0
0
0
0
0
0
0
0
0
0
0
0
0