64 | 0
80 | 0
96 | 0
112 | 0
128 | 0
144 | 0
160 | 0
176 | 0
192 | 0
208 | 0
224 | 0
240 | 0
256 | 0
272 | 0
288 | 0
304 | 0
320 | 0
336 | 0
352 | 0
368 | 0
384 | 0
400 | 0
416 | 0
432 | 0
448 | 0
464 | 0
480 | 0
496 | 0
512 | 0
528 | 0
544 | 0
560 | 0
576 | 0
592 | 0
608 | 0
624 | 0
640 | 0
656 | 0
672 | 0
688 | 0
704 | 0
720 | 0
736 | 0
752 | 0
768 | 0
784 | 0
800 | 0
816 | 0
832 | 0
848 | 0
864 | 0
880 | 0
896 | 0
912 | 0
928 | 0
944 | 0
960 | 0
976 | 0
992 | 0
1008 | 0
1024 | 0
1040 | 0
1056 | 0
1072 | 0
1088 | 0
1104 | 0
1120 | 0
1136 | 0
1152 | 0
1168 | 0
1184 | 0
1200 | 0
1216 | 0
1232 | 0
1248 | 0
1264 | 0
1280 | 0
1296 | 0
1312 | 0.0023844
1328 | 0.0245072
1344 | 0.0695869
1360 | 0.137709
1376 | 0.234712
1392 | 0.36335
1408 | 0.494136
1424 | 0.611737
1440 | 0.703716
1456 | 0.771299
1472 | 0.835477
1488 | 0.885499
1504 | 0.896386
1520 | 0.885528
1536 | 0.875383
1552 | 0.885237
1568 | 0.896188
1584 | 0.887753
1600 | 0.840712
1616 | 0.7625
1632 | 0.699702
1648 | 0.665004
1664 | 0.651009
1680 | 0.666917
1696 | 0.724844
1712 | 0.804077
1728 | 0.879464
1744 | 0.925789
1760 | 0.931262
1776 | 0.889832
1792 | 0.799356
1808 | 0.653061
1824 | 0.478022
1840 | 0.303915
1856 | 0.166639
1872 | 0.101978
1888 | 0.0802174
1904 | 0.0953227
1920 | 0.120643
1936 | 0.111189
1952 | 0.0873249
1968 | 0.0655067
1984 | 0.0277367
2000 | 0.0033284
2016 | 0
2032 | 0.00265152
2048 | 0.026176
2064 | 0.0756988
2080 | 0.145833
2096 | 0.245342
2112 | 0.352381
2128 | 0.443411
2144 | 0.542636
2160 | 0.56858
2176 | 0.581682
2192 | 0.649337
2208 | 0.716917
2224 | 0.784306
2240 | 0.849312
2256 | 0.900621
2272 | 0.930639
2288 | 0.931468
2304 | 0.889832
2320 | 0.799356
2336 | 0.653061
2352 | 0.478022
2368 | 0.350543
2384 | 0.353433
2400 | 0.45165
2416 | 0.601847
2432 | 0.75255
2448 | 0.855349
2464 | 0.917449
2480 | 0.935092
2496 | 0.826009
2512 | 0.677085
2528 | 0.507708
2544 | 0.419232
2560 | 0.378668
2576 | 0.335288
2592 | 0.284596
2608 | 0.206123
2624 | 0.126918
2640 | 0.068214
2656 | 0.0257422
2672 | 0.00325438
2688 | 0
2704 | 0
2720 | 0
2736 | 0
2752 | 0
2768 | 0
2784 | 0
2800 | 0
2816 | 0
2832 | 0
2848 | 0
2864 | 0
2880 | 0
2896 | 0
2912 | 0
2928 | 0
2944 | 0
2960 | 0
2976 | 0
2992 | 0
3008 | 0
3024 | 0
3040 | 0
3056 | 0
3072 | 0
3088 | 0
3104 | 0
3120 | 0
3136 | 0
3152 | 0
3168 | 0
3184 | 0
3200 | 0
3216 | 0
3232 | 0
3248 | 0
3264 | 0
3280 | 0
3296 | 0
3312 | 0
3328 | 0
3344 | 0
3360 | 0
3376 | 0
3392 | 0
3408 | 0
Valeur de l'integrale : 698.239
