0
0
0.0153846
0.0505495
0.0828795
0.1069
0.12368
0.125429
0.113991
0.106631
0.103854
0.105437
0.107789
0.109918
0.109777
0.108062
0.105811
0.105142
0.0871261
0.0680851
0.04947
0.14364
0.227385
0.317218
0.385502
0.428055
0.413748
0.401747
0.401747
0.407385
0.3565
0.28534
0.267759
0.238003
0.201734
0.245354
0.291484
0.272113
0.257959
0.263956
0.292667
0.325842
0.653644
0.610959
0.671119
0.719721
0.772623
0.571991
0.659813
0.673641
0.689932
0.700762
0.711111
0.737272
0.717016
0.66531
0.587621
0.51119
0.441812
0.387962
0.333146
0.306144
0.271142
0.227139
0.177496
0.135558
0.0892713
0.0526463
0.0231448
0.00455484
0.306747
0.315595
0.411565
0.507705
0.617295
0.412449
0.493406
0.50967
0.507814
0.469291
0.401389
0.314403
0.204722
0.113349
0.0543811
0.0159904
0
0
0
0
0.00825806
0.0250849
0.0418739
0.0581856
0.073813
0.0698071
0.0529768
0.0371533
0.02178
0.391606
0.439332
0.508977
0.578217
0.64996
0.045299
0.0755608
0.106174
0.143017
0.158519
0.131741
0.0967033
0.790012
0.691448
0.706805
0.711103
0.675282
0.254471
0.272387
0.491282
0.440848
0.384418
0.335756
0.642588
0.320088
0.303021
0.303021
0.655769
0.332575
0.308133
0.302663
0.304147
0
0
0
0
0
0
0
0
0
0
0
0
0
0
0
0
0
0
0
0
0.0884057
0.177231
0.264463
0.337682
0.359079
0.317058
0.27172
0.230999
0.197781
0.179752
0.155308
0.129014
0.097147
0.0620768
0.0245273
0.00568747
0
0
0
0
0
0.275741
0.282662
0.309343
0.343045
0.370431
0.100626
0.118473
0.117971
0.115375
0.11687
0.135383
0.159451
0.183519
0.206082
0.214159
0.197755
0.131143
0.0645307
0
0
0
0
0
0
0
0
0
0
0
0
0
0
0
0
0
0
0