0
0.0128205
0.0421245
0.0694491
0.090834
0.106757
0.119372
0.121088
0.112043
0.106048
0.105574
0.107031
0.108743
0.108628
0.107225
0.107255
0.106778
0.0912464
0.0740331
0.0583482
0.136777
0.21005
0.273459
0.334647
0.378298
0.419473
0.412461
0.412461
0.409817
0.354119
0.298505
0.289899
0.278224
0.247217
0.212238
0.243105
0.279654
0.271999
0.26995
0.289463
0.310946
0.577904
0.550076
0.612743
0.669835
0.714769
0.758701
0.580438
0.664294
0.685538
0.699716
0.709032
0.71474
0.712819
0.679189
0.612816
0.546776
0.484533
0.42497
0.3633
0.317621
0.285119
0.24845
0.205017
0.153467
0.115955
0.0759552
0.0441677
0.0187948
0.256116
0.262644
0.345169
0.424633
0.502556
0.600849
0.430992
0.501791
0.502774
0.471266
0.422263
0.35099
0.259675
0.169189
0.0927378
0.0446653
0.0131803
0
0
0
0.00684492
0.0207478
0.0345666
0.0484744
0.0619388
0.0655075
0.0580594
0.0443028
0.0317818
0.33446
0.354984
0.392689
0.43492
0.495772
0.560434
0.0643863
0.090268
0.116422
0.14131
0.133231
0.109802
0.690484
0.613955
0.628136
0.624192
0.603014
0.584533
0.237473
0.479924
0.425353
0.358658
0.317689
0.546687
0.547059
0.259909
0.244971
0.530602
0.565193
0.263932
0.248301
0.245707
0.252033
0
0
0
0
0
0
0
0
0
0
0
0
0
0
0
0
0
0
0
0.073804
0.147909
0.215557
0.277539
0.323466
0.333727
0.292639
0.252344
0.218993
0.195429
0.167816
0.136451
0.109069
0.0812481
0.0499235
0.0201511
0.00463338
0
0
0
0
0.226829
0.236957
0.253391
0.279742
0.301868
0.323153
0.103173
0.117879
0.117466
0.116875
0.131855
0.151758
0.17166
0.190319
0.197691
0.20174
0.153344
0.101691
0.0500386
0
0
0
0
0
0
0
0
0
0
0
0
0
0
0
0
0
0