0
0
0
0
0
0
0
0
0
0
0
0
0
0
0
0
0
0
0
0
0
0
0
0
0
0
0
0
0
0
0
0
0
0
0
0
0
0
0
0
0
0
0
0
0
0
0
0
0
0
0
0
0
0
0
0
0
0
0
0
0
0
0
0
0
0
0
0
0
0
0
0
0
0
0
0
0
0
0
0
0
0
0
0
0
0
0
0
0
0
0
0
0
0
0
0
0
0
0
0
0.0559904
0.112266
0.150579
0.179091
0.222571
0.284265
0.332444
0.333846
0.328474
0.290504
0.338964
0.367882
0.363305
0.368397
0.384034
0.397578
0.463253
0.465833
0.469554
0.435185
0.379615
0.312867
0.249879
0.177276
0.0905609
0.287885
0.292286
0.297947
0.303606
0.309484
0.315595
0.320088
0
0
0
0
0.3
0.310235
0.301325
0.309274
0.300683
0.299934
0.293396
0
0
0
0
0
0
0
0.227561
0.234445
0.238726
0.244138
0.249863
0.250015
0.251243
0.333981
0.341022
0.364142
0.390625
0.421262
0.456962
0.487459
0
0
0
0
0
0
0
0.0176406
0.0514918
0.0845722
0.115071
0.145033
0.155847
0.172362
0.172496
0.147033
0.119323
0.201084
0.291656
0.389059
0.476108
0.465145
0.446269
0.428718
0.33565
0.229564
0.116856
0
0
0
0
0
0
0
0
0
0
0
0
0
0
0
0
0
0
0
0
0
0
0
0
0
0
0
0
0
0
0
0