0
0
0
0
0
0
0
0
0
0
0
0
0
0
0
0
0
0
0
0
0
0
0
0
0
0
0
0
0
0
0
0
0
0
0
0
0
0
0
0
0
0
0
0
0
0
0
0
0
0
0
0
0
0
0
0
0
0
0
0
0
0
0
0
0
0
0
0
0
0
0
0
0
0
0
0
0
0
0
0
0
0
0
0
0
0
0
0
0
0
0
0
0
0
0
0
0
0
0
0.0493788
0.0990047
0.131245
0.156096
0.193609
0.246894
0.297802
0.339184
0.335907
0.286649
0.320775
0.360753
0.370225
0.37068
0.384124
0.391285
0.407368
0.471599
0.473411
0.429156
0.385423
0.336388
0.27671
0.220258
0.156319
0.325252
0.260604
0.256263
0.260604
0.264923
0.269459
0.274116
0.27042
0
0
0
0.262173
0.270028
0.263287
0.262661
0.262594
0.262123
0.257116
0.253972
0
0
0
0
0
0
0.203107
0.204631
0.205277
0.208552
0.212671
0.217048
0.218042
0.520625
0.303147
0.312784
0.332126
0.354016
0.378997
0.401959
0.417299
0
0
0
0
0
0
0.0156012
0.0455003
0.0748407
0.10198
0.12633
0.142904
0.151094
0.16448
0.156124
0.133907
0.202321
0.276962
0.353564
0.432427
0.42516
0.405011
0.394115
0.380363
0.296844
0.202648
0.101462
0
0
0
0
0
0
0
0
0
0
0
0
0
0
0
0
0
0
0
0
0
0
0
0
0
0
0
0
0
0
0