0
0
0
0
0
0
0
0
0
0
0
0
0
0
0
0
0
0
0
0
0
0
0
0
0
0
0
0
0
0
0
0
0
0
0
0
0
0
0
0
0
0
0
0
0
0
0
0
0
0
0
0
0
0
0
0
0
0
0
0
0
0
0
0
0
0
0
0
0
0
0
0
0
0
0
0
0
0
0
0
0
0
0
0
0
0
0
0
0
0
0
0
0
0
0
0
0
0
0
0
0
0
0
0
0
0
0.375606
0.387097
0.260081
0.193548
0.303507
0.425721
0.387097
0.38477
0.348968
0
0.509868
0.498904
0.387097
0.430493
0.495818
0.438596
0.471491
0.527086
0.525226
0
0
0
0
0
0
2.79127
0
0
0
0
0
0
0
0
0
0
2.81044
0
0
0
0
0
0
0
0
0
0
0
0
0
2.09202
0
0
0
0
0
0
2.5737
0
0
0
0
0
0
0
0
0
0
0
0
0
0.108844
0.216308
0.234004
0.210094
0.19212
0.129241
0.115108
0.097561
0
0
0.657895
0.701754
0.701754
0.68082
0
0
0
0
0
0
0
0
0
0
0
0
0
0
0
0
0
0
0
0
0
0
0
0
0
0
0
0
0
0
0
0
0
0
0
0
0
0