0
0
0
0
0
0
0
0
0
0
0
0
0
0
0
0
0
0
0
0
0
0
0
0
0
0
0
0
0
0
0
0
0
0
0
0
0
0
0
0
0
0
0
0
0
0
0
0
0
0
0
0
0
0
0
0
0
0
0
0
0
0
0
0
0
0
0
0
0
0
0
0
0
0
0
0
0
0
0
0
0
0
0
0
0
0
0
0
0
0
0
0
0
0
0
0
0
0.0390855
0.0794318
0.106539
0.125364
0.153628
0.195427
0.235774
0.275946
0.312526
0.305785
0.321338
0.334225
0.346803
0.369661
0.388158
0.390243
0.399156
0.413948
0.431945
0.445456
0.398134
0.350233
0.313946
0.274035
0.225559
0.367849
0.328449
0.26995
0.208372
0.205587
0.208414
0.211233
0.209889
0.212571
0.214533
0
0.209374
0.214353
0.210126
0.209792
0.205701
0.205288
0.206073
0.20411
0.198419
0.190787
0
0
0
0
0.167561
0.167472
0.166058
0.163962
0.164377
0.166497
0.169673
0.41009
0.42482
0.445001
0.261221
0.268345
0.282457
0.29508
0.304608
0.313497
0.321412
0
0
0
0
0.0131201
0.0376047
0.061057
0.0833333
0.10376
0.115529
0.125556
0.136206
0.135086
0.140114
0.206912
0.265632
0.319986
0.373283
0.362759
0.349978
0.338705
0.32657
0.319502
0.310881
0.239456
0.159272
0.0790245
0
0
0
0
0
0
0
0
0
0
0
0
0
0
0
0
0
0
0
0
0
0
0
0
0
0
0
0
0