160 | 0.00377747
176 | 0.0241071
192 | 0.0629846
208 | 0.13112
224 | 0.227568
240 | 0.344597
256 | 0.471609
272 | 0.577953
288 | 0.671766
304 | 0.754141
320 | 0.823326
336 | 0.873815
352 | 0.91307
368 | 0.934182
384 | 0.943941
400 | 0.943287
416 | 0.922164
432 | 0.812195
448 | 0.714805
464 | 0.633157
480 | 0.576218
496 | 0.536855
512 | 0.482863
528 | 0.466829
544 | 0.467901
560 | 0.483971
576 | 0.518355
592 | 0.605378
608 | 0.687005
624 | 0.751253
640 | 0.789952
656 | 0.809799
672 | 0.820372
688 | 0.834209
704 | 0.840016
720 | 0.835857
736 | 0.818952
752 | 0.786379
768 | 0.735939
784 | 0.690008
800 | 0.659557
816 | 0.64303
832 | 0.623119
848 | 0.597593
864 | 0.569668
880 | 0.535147
896 | 0.508383
912 | 0.505432
928 | 0.513348
944 | 0.513934
960 | 0.496357
976 | 0.469902
992 | 0.458369
1008 | 0.449732
1024 | 0.457349
1040 | 0.464676
1056 | 0.45627
1072 | 0.429418
1088 | 0.400551
1104 | 0.371571
1120 | 0.342968
1136 | 0.312479
1152 | 0.273386
1168 | 0.235285
1184 | 0.203826
1200 | 0.202952
1216 | 0.233133
1232 | 0.301499
1248 | 0.375055
1264 | 0.463265
1280 | 0.565154
1296 | 0.658418
1312 | 0.73802
1328 | 0.802491
1344 | 0.856282
1360 | 0.895066
1376 | 0.913249
1392 | 0.891823
1408 | 0.855706
1424 | 0.805078
1440 | 0.729763
1456 | 0.639797
1472 | 0.54353
1488 | 0.448025
1504 | 0.357654
1520 | 0.242433
1536 | 0.168879
1552 | 0.115644
1568 | 0.0756393
1584 | 0.0414321
1600 | 0.0166227
1616 | 0.00289842
1632 | 0
1648 | 0
1664 | 0
1680 | 0
1696 | 0
1712 | 0
1728 | 0
1744 | 0
1760 | 0
1776 | 0
1792 | 0
1808 | 0
1824 | 0
1840 | 0
1856 | 0
1872 | 0
1888 | 0
1904 | 0
1920 | 0
1936 | 0
1952 | 0
1968 | 0
1984 | 0
2000 | 0
2016 | 0
2032 | 0
2048 | 0
2064 | 0
2080 | 0.00212722
2096 | 0.0113097
2112 | 0.0256514
2128 | 0.0533428
2144 | 0.0950999
2160 | 0.152612
2176 | 0.216891
2192 | 0.299939
2208 | 0.396655
2224 | 0.50795
2240 | 0.607792
2256 | 0.68554
2272 | 0.720576
2288 | 0.751637
2304 | 0.796333
2320 | 0.838503
2336 | 0.867111
2352 | 0.882924
2368 | 0.88642
2384 | 0.885985
2400 | 0.887769
2416 | 0.9037
2432 | 0.931649
2448 | 0.94495
2464 | 0.951409
2480 | 0.953115
2496 | 0.942701
2512 | 0.92658
2528 | 0.892527
2544 | 0.831467
2560 | 0.76147
2576 | 0.678276
2592 | 0.580624
2608 | 0.477754
2624 | 0.374947
2640 | 0.283892
2656 | 0.199768
2672 | 0.13536
2688 | 0.0863583
2704 | 0.0514071
2720 | 0.0493589
2736 | 0.0886686
2752 | 0.162506
2768 | 0.258707
2784 | 0.36874
2800 | 0.480539
2816 | 0.557223
2832 | 0.648098
2848 | 0.733139
2864 | 0.808157
2880 | 0.862383
2896 | 0.890392
2912 | 0.894573
2928 | 0.886365
2944 | 0.867207
2960 | 0.842644
2976 | 0.821995
2992 | 0.790239
3008 | 0.70169
3024 | 0.604595
3040 | 0.504435
3056 | 0.410484
3072 | 0.334416
3088 | 0.254425
3104 | 0.184324
3120 | 0.124096
3136 | 0.0754026
3152 | 0.0407047
3168 | 0.0378508
3184 | 0.0666582
3200 | 0.12304
3216 | 0.208353
3232 | 0.299055
3248 | 0.420136
3264 | 0.49766
3280 | 0.600008
3296 | 0.695712
3312 | 0.759889
3328 | 0.804937
3344 | 0.77031
3360 | 0.709598
3376 | 0.623499
3392 | 0.526057
3408 | 0.410068
3424 | 0.329703
3440 | 0.219054
3456 | 0.099962
3472 | 0.0599865
3488 | 0.0303277
3504 | 0.0117417
3520 | 0.00149614
3536 | 0
3552 | 0
3568 | 0
3584 | 0
3600 | 0
3616 | 0
3632 | 0
3648 | 0
3664 | 0
Valeur de l'integrale : 1516.5
