160 | 0.00377747
176 | 0.0241071
192 | 0.0629846
208 | 0.13112
224 | 0.227568
240 | 0.344597
256 | 0.471609
272 | 0.577953
288 | 0.671766
304 | 0.754141
320 | 0.823326
336 | 0.873815
352 | 0.91307
368 | 0.934182
384 | 0.943941
400 | 0.943287
416 | 0.922164
432 | 0.812195
448 | 0.714805
464 | 0.633157
480 | 0.576218
496 | 0.536855
512 | 0.482863
528 | 0.466829
544 | 0.467901
560 | 0.483971
576 | 0.518355
592 | 0.605378
608 | 0.687005
624 | 0.751253
640 | 0.789952
656 | 0.809799
672 | 0.820372
688 | 0.834209
704 | 0.840016
720 | 0.835857
736 | 0.818952
752 | 0.786379
768 | 0.735939
784 | 0.690008
800 | 0.659557
816 | 0.64303
832 | 0.623119
848 | 0.597593
864 | 0.569668
880 | 0.535147
896 | 0.508383
912 | 0.505432
928 | 0.513348
944 | 0.513934
960 | 0.496357
976 | 0.469902
992 | 0.458369
1008 | 0.449732
1024 | 0.457349
1040 | 0.464676
1056 | 0.45627
1072 | 0.429418
1088 | 0.400551
1104 | 0.371571
1120 | 0.342968
1136 | 0.312479
1152 | 0.273386
1168 | 0.235285
1184 | 0.203826
1200 | 0.202952
1216 | 0.233133
1232 | 0.301499
1248 | 0.375055
1264 | 0.463265
1280 | 0.565154
1296 | 0.658418
1312 | 0.73802
1328 | 0.802491
1344 | 0.856282
1360 | 0.895066
1376 | 0.913249
1392 | 0.891823
1408 | 0.855706
1424 | 0.805078
1440 | 0.729763
1456 | 0.639797
1472 | 0.54353
1488 | 0.448025
1504 | 0.357654
1520 | 0.242433
1536 | 0.168879
1552 | 0.115644
1568 | 0.0756393
1584 | 0.0414321
1600 | 0.0166227
1616 | 0.00289842
1632 | 0
1648 | 0
1664 | 0
1680 | 0
1696 | 0
1712 | 0.0390855
1728 | 0.0794318
1744 | 0.106539
1760 | 0.125364
1776 | 0.153628
1792 | 0.195427
1808 | 0.235774
1824 | 0.275946
1840 | 0.312526
1856 | 0.305785
1872 | 0.321338
1888 | 0.334225
1904 | 0.346803
1920 | 0.369661
1936 | 0.388158
1952 | 0.390243
1968 | 0.399156
1984 | 0.413948
2000 | 0.431945
2016 | 0.445456
2032 | 0.398134
2048 | 0.350233
2064 | 0.313946
2080 | 0.276162
2096 | 0.236869
2112 | 0.3935
2128 | 0.381792
2144 | 0.36505
2160 | 0.360984
2176 | 0.422478
2192 | 0.508353
2208 | 0.607888
2224 | 0.717839
2240 | 0.820363
2256 | 0.900074
2272 | 0.720576
2288 | 0.961011
2304 | 1.01069
2320 | 1.04863
2336 | 1.0769
2352 | 1.08862
2368 | 1.09171
2384 | 1.09206
2400 | 1.09188
2416 | 1.10212
2432 | 1.12244
2448 | 0.94495
2464 | 0.951409
2480 | 0.953115
2496 | 0.942701
2512 | 1.09414
2528 | 1.06
2544 | 0.997525
2560 | 0.925432
2576 | 0.842653
2592 | 0.747121
2608 | 0.647427
2624 | 0.785037
2640 | 0.708712
2656 | 0.644769
2672 | 0.396581
2688 | 0.354703
2704 | 0.333864
2720 | 0.344439
2736 | 0.393277
2752 | 0.476003
2768 | 0.580119
2784 | 0.36874
2800 | 0.480539
2816 | 0.557223
2832 | 0.648098
2848 | 0.746259
2864 | 0.845762
2880 | 0.92344
2896 | 0.973726
2912 | 0.998333
2928 | 1.00189
2944 | 0.992763
2960 | 0.97885
2976 | 0.957081
2992 | 0.930353
3008 | 0.908602
3024 | 0.870227
3040 | 0.824421
3056 | 0.783767
3072 | 0.697175
3088 | 0.604403
3104 | 0.523029
3120 | 0.450666
3136 | 0.394905
3152 | 0.351586
3168 | 0.277307
3184 | 0.22593
3200 | 0.202065
3216 | 0.208353
3232 | 0.299055
3248 | 0.420136
3264 | 0.49766
3280 | 0.600008
3296 | 0.695712
3312 | 0.759889
3328 | 0.804937
3344 | 0.77031
3360 | 0.709598
3376 | 0.623499
3392 | 0.526057
3408 | 0.410068
3424 | 0.329703
3440 | 0.219054
3456 | 0.099962
3472 | 0.0599865
3488 | 0.0303277
3504 | 0.0117417
3520 | 0.00149614
3536 | 0
3552 | 0
3568 | 0
3584 | 0
3600 | 0
3616 | 0
3632 | 0
3648 | 0
3664 | 0
Valeur de l'integrale : 1849.6
