0
0
0
0
0
0
0
0
0
0
0
0
0
0
0
0
0
0
0
0
0
0
0
0
0
0
0
0
0
0
0
0
0
0
0
0
0
0
0
0
0
0
0
0
0
0
0
0
0
0
0
0
0
0
0
0
0
0
0
0
0
0
0
0
0
0
0
0
0
0
0
0
0
0
0
0
0
0
0
0
0
0
0
0
0
0
0
0
0
0
0
0
0
0
0
0
0.0353962
0.0719342
0.0964832
0.114752
0.140443
0.176981
0.213519
0.249914
0.283297
0.283126
0.326266
0.338989
0.338989
0.353646
0.381263
0.393119
0.398099
0.411398
0.424242
0.405449
0.409255
0.365311
0.320801
0.28735
0.251541
0.375568
0.344875
0.300416
0.24612
0.189392
0.187123
0.18948
0.188398
0.190592
0.192855
0.194468
0.194561
0.19432
0.19084
0.190565
0.187217
0.186892
0.184283
0.185814
0.181134
0.174752
0.16834
0
0
0
0.152841
0.154789
0.15204
0.150874
0.149142
0.149507
0.151685
0.365354
0.382685
0.399085
0.416844
0.244325
0.250547
0.260429
0.267822
0.274725
0.281878
0.287792
0
0
0
0.0122091
0.0351022
0.0566096
0.0765779
0.0953287
0.106317
0.115491
0.123344
0.126597
0.12654
0.197559
0.26097
0.312584
0.357963
0.344895
0.328278
0.318762
0.308494
0.297784
0.292272
0.282592
0.215346
0.143874
0.0710656
0
0
0
0
0
0
0
0
0
0
0
0
0
0
0
0
0
0
0
0
0
0
0
0
0
0
0
0