176 | 0.0219156
192 | 0.0572641
208 | 0.119367
224 | 0.207742
240 | 0.315871
256 | 0.43509
272 | 0.53593
288 | 0.625764
304 | 0.705262
320 | 0.774531
336 | 0.833553
352 | 0.883644
368 | 0.913929
384 | 0.933143
400 | 0.941771
416 | 0.925756
432 | 0.827224
448 | 0.740181
464 | 0.665988
480 | 0.610811
496 | 0.570283
512 | 0.543416
528 | 0.495952
544 | 0.491097
560 | 0.500798
576 | 0.522161
592 | 0.562012
608 | 0.641109
624 | 0.706965
640 | 0.756485
656 | 0.783122
672 | 0.800533
688 | 0.817896
704 | 0.831744
720 | 0.836321
736 | 0.827673
752 | 0.802581
768 | 0.757682
784 | 0.709237
800 | 0.674091
816 | 0.651164
832 | 0.632953
848 | 0.618091
864 | 0.590044
880 | 0.557993
896 | 0.532085
912 | 0.514724
928 | 0.505909
944 | 0.504708
960 | 0.496695
976 | 0.480098
992 | 0.464434
1008 | 0.462106
1024 | 0.462106
1040 | 0.462106
1056 | 0.46021
1072 | 0.443864
1088 | 0.410462
1104 | 0.375382
1120 | 0.340548
1136 | 0.31224
1152 | 0.285444
1168 | 0.259301
1184 | 0.241695
1200 | 0.231024
1216 | 0.249539
1232 | 0.302783
1248 | 0.361257
1264 | 0.433839
1280 | 0.520361
1296 | 0.604802
1312 | 0.679753
1328 | 0.747656
1344 | 0.812136
1360 | 0.863492
1376 | 0.895026
1392 | 0.889766
1408 | 0.860129
1424 | 0.817496
1440 | 0.760415
1456 | 0.679396
1472 | 0.585629
1488 | 0.493455
1504 | 0.418387
1520 | 0.320096
1536 | 0.216214
1552 | 0.15134
1568 | 0.103887
1584 | 0.0681024
1600 | 0.0377404
1616 | 0.015123
1632 | 0.00261376
1648 | 0
1664 | 0
1680 | 0
1696 | 0
1712 | 0
1728 | 0
1744 | 0
1760 | 0
1776 | 0
1792 | 0
1808 | 0
1824 | 0
1840 | 0
1856 | 0
1872 | 0
1888 | 0
1904 | 0
1920 | 0
1936 | 0
1952 | 0
1968 | 0
1984 | 0
2000 | 0
2016 | 0
2032 | 0
2048 | 0
2064 | 0
2080 | 0.00194619
2096 | 0.0102224
2112 | 0.0228524
2128 | 0.0472173
2144 | 0.0838321
2160 | 0.134431
2176 | 0.199806
2192 | 0.269298
2208 | 0.355807
2224 | 0.455939
2240 | 0.547322
2256 | 0.626449
2272 | 0.684916
2288 | 0.724705
2304 | 0.760281
2320 | 0.811165
2336 | 0.849113
2352 | 0.875509
2368 | 0.88897
2384 | 0.892231
2400 | 0.892108
2416 | 0.895445
2432 | 0.910403
2448 | 0.935083
2464 | 0.946726
2480 | 0.951214
2496 | 0.943429
2512 | 0.928211
2528 | 0.896807
2544 | 0.840901
2560 | 0.776381
2576 | 0.704013
2592 | 0.619328
2608 | 0.528969
2624 | 0.438866
2640 | 0.34989
2656 | 0.266694
2672 | 0.187128
2688 | 0.126605
2704 | 0.0831359
2720 | 0.0704579
2736 | 0.0931535
2752 | 0.145704
2768 | 0.226886
2784 | 0.327508
2800 | 0.438891
2816 | 0.514914
2832 | 0.601086
2848 | 0.68223
2864 | 0.75689
2880 | 0.821105
2896 | 0.860647
2912 | 0.876329
2928 | 0.879543
2944 | 0.871155
2960 | 0.852325
2976 | 0.827701
2992 | 0.80393
3008 | 0.725599
3024 | 0.637493
3040 | 0.542103
3056 | 0.451344
3072 | 0.379267
3088 | 0.302628
3104 | 0.231732
3120 | 0.167883
3136 | 0.113158
3152 | 0.0703792
3168 | 0.0553504
3184 | 0.0715554
3200 | 0.112739
3216 | 0.186605
3232 | 0.276739
3248 | 0.383684
3264 | 0.45701
3280 | 0.553328
3296 | 0.644138
3312 | 0.703597
3328 | 0.75286
3344 | 0.733459
3360 | 0.69518
3376 | 0.634998
3392 | 0.558126
3408 | 0.47213
3424 | 0.368296
3440 | 0.301454
3456 | 0.204191
3472 | 0.0946618
3488 | 0.0563599
3504 | 0.0285217
3520 | 0.0110043
3536 | 0.00139697
3552 | 0
3568 | 0
3584 | 0
3600 | 0
3616 | 0
3632 | 0
3648 | 0
3664 | 0
Valeur de l'integrale : 1519.58
