0
0
0
0
0
0
0
0
0
0
0
0
0
0
0
0
0
0
0
0
0
0
0
0
0
0
0
0
0
0
0
0
0
0
0
0
0
0
0
0
0
0
0
0
0
0
0
0
0
0
0
0
0
0
0
0
0
0
0
0
0
0
0
0
0
0
0
0
0
0
0
0
0
0
0
0
0
0
0
0
0
0
0
0
0
0
0
0
0
0
0
0
0
0
0
0.0323478
0.06573
0.0881616
0.104855
0.129483
0.162992
0.195103
0.228371
0.259032
0.258924
0.304352
0.342011
0.342966
0.345847
0.365633
0.386485
0.400137
0.409456
0.421086
0.4005
0.375238
0.378622
0.337488
0.295974
0.265618
0.386514
0.354529
0.318562
0.276792
0.226156
0.173611
0.171716
0.170899
0.172702
0.174588
0.176486
0.363766
0.181496
0.174797
0.174566
0.171752
0.171508
0.169322
0.167911
0.166578
0.161204
0.155731
0.150596
0
0
0.142222
0.142143
0.141513
0.139212
0.138234
0.136797
0.137454
0.329463
0.343442
0.361676
0.37629
0.392038
0.229482
0.233061
0.238964
0.244444
0.250136
0.255683
0.256255
0
0
0.0114163
0.0329119
0.0531849
0.0715426
0.088391
0.09848
0.107043
0.11418
0.115411
0.119061
0.180358
0.24791
0.304381
0.348327
0.333118
0.315249
0.301642
0.292658
0.283273
0.273993
0.267132
0.256805
0.196491
0.130755
0.0648603
0
0
0
0
0
0
0
0
0
0
0
0
0
0
0
0
0
0
0
0
0
0
0
0
0
0
0