192 | 0.0524961
208 | 0.109548
224 | 0.191095
240 | 0.291565
256 | 0.403821
272 | 0.499604
288 | 0.585659
304 | 0.662333
320 | 0.729234
336 | 0.788477
352 | 0.848053
368 | 0.886206
384 | 0.913971
400 | 0.931578
416 | 0.925756
432 | 0.839938
448 | 0.76034
464 | 0.693113
480 | 0.642364
496 | 0.601908
512 | 0.573118
528 | 0.549925
544 | 0.516307
560 | 0.520486
576 | 0.536179
592 | 0.563745
608 | 0.59839
624 | 0.663472
640 | 0.715816
656 | 0.753337
672 | 0.777088
688 | 0.800051
704 | 0.816831
720 | 0.828936
736 | 0.828671
752 | 0.811817
768 | 0.775203
784 | 0.731761
800 | 0.693326
816 | 0.665216
832 | 0.641404
848 | 0.62753
864 | 0.609645
880 | 0.577672
896 | 0.553329
912 | 0.535697
928 | 0.514416
944 | 0.498557
960 | 0.489588
976 | 0.481726
992 | 0.474315
1008 | 0.467367
1024 | 0.472203
1040 | 0.46609
1056 | 0.458211
1072 | 0.448503
1088 | 0.425501
1104 | 0.386553
1120 | 0.346596
1136 | 0.312545
1152 | 0.287448
1168 | 0.271526
1184 | 0.263203
1200 | 0.263208
1216 | 0.271325
1232 | 0.311865
1248 | 0.357602
1264 | 0.416798
1280 | 0.489659
1296 | 0.561166
1312 | 0.629334
1328 | 0.693135
1344 | 0.760385
1360 | 0.821991
1376 | 0.864848
1392 | 0.874522
1408 | 0.861315
1424 | 0.825222
1440 | 0.776791
1456 | 0.713842
1472 | 0.628252
1488 | 0.537875
1504 | 0.464243
1520 | 0.378661
1536 | 0.288913
1552 | 0.195082
1568 | 0.137102
1584 | 0.0942989
1600 | 0.0625161
1616 | 0.0346133
1632 | 0.013758
1648 | 0.00238001
1664 | 0
1680 | 0
1696 | 0
1712 | 0.0323478
1728 | 0.06573
1744 | 0.0881616
1760 | 0.104855
1776 | 0.129483
1792 | 0.162992
1808 | 0.195103
1824 | 0.228371
1840 | 0.259032
1856 | 0.258924
1872 | 0.304352
1888 | 0.342011
1904 | 0.342966
1920 | 0.345847
1936 | 0.365633
1952 | 0.386485
1968 | 0.400137
1984 | 0.409456
2000 | 0.421086
2016 | 0.4005
2032 | 0.375238
2048 | 0.378622
2064 | 0.337488
2080 | 0.297752
2096 | 0.275036
2112 | 0.407286
2128 | 0.396883
2144 | 0.393502
2160 | 0.396547
2176 | 0.404089
2192 | 0.423463
2208 | 0.494167
2224 | 0.584489
2240 | 0.66865
2256 | 0.743877
2272 | 0.807384
2288 | 1.05485
2304 | 0.916083
2320 | 0.952285
2336 | 0.997782
2352 | 1.03035
2368 | 1.05319
2384 | 1.06339
2400 | 1.06512
2416 | 1.0653
2432 | 1.06374
2448 | 1.07162
2464 | 1.0884
2480 | 0.946954
2496 | 0.942471
2512 | 1.07212
2528 | 1.0429
2544 | 0.989901
2560 | 0.928489
2576 | 0.860111
2592 | 0.784743
2608 | 0.706853
2624 | 0.819605
2640 | 0.755988
2656 | 0.692357
2672 | 0.627751
2688 | 0.56803
2704 | 0.35069
2720 | 0.331031
2736 | 0.346759
2752 | 0.387955
2768 | 0.454475
2784 | 0.54665
2800 | 0.651447
2816 | 0.47355
2832 | 0.560433
2848 | 0.649349
2864 | 0.742575
2880 | 0.8269
2896 | 0.895042
2912 | 0.939039
2928 | 0.962582
2944 | 0.973053
2960 | 0.97127
2976 | 0.95349
2992 | 0.929425
3008 | 0.923889
3024 | 0.912435
3040 | 0.881466
3056 | 0.83781
3072 | 0.753137
3088 | 0.661915
3104 | 0.579716
3120 | 0.505413
3136 | 0.437431
3152 | 0.379425
3168 | 0.348803
3184 | 0.341106
3200 | 0.309353
3216 | 0.301982
3232 | 0.315235
3248 | 0.358529
3264 | 0.420074
3280 | 0.513388
3296 | 0.599608
3312 | 0.653377
3328 | 0.699466
3344 | 0.692263
3360 | 0.668283
3376 | 0.627831
3392 | 0.573712
3408 | 0.50516
3424 | 0.429054
3440 | 0.338653
3456 | 0.283191
3472 | 0.194602
3488 | 0.0891633
3504 | 0.0531469
3520 | 0.0269188
3536 | 0.0103555
3552 | 0.00131377
3568 | 0
3584 | 0
3600 | 0
3616 | 0
3632 | 0
3648 | 0
3664 | 0
Valeur de l'integrale : 1855.23
