0
0
0
0
0
0
0
0
0
0
0
0
0
0
0
0
0
0
0
0
0
0
0
0
0
0
0
0
0
0
0
0
0
0
0
0
0
0
0
0
0
0
0
0
0
0
0
0
0
0
0
0
0
0
0
0
0
0
0
0
0
0
0
0
0
0
0
0
0
0
0
0
0
0
0
0
0
0
0
0
0
0
0
0
0
0
0
0
0
0
0
0
0
0
0.0298469
0.0605187
0.0811616
0.0965294
0.119117
0.151205
0.180915
0.210247
0.238595
0.238504
0.280582
0.321006
0.345454
0.349021
0.357519
0.371771
0.393581
0.410558
0.418584
0.399307
0.373093
0.349325
0.352256
0.313644
0.27539
0.389804
0.366732
0.330074
0.29598
0.256613
0.20922
0.160269
0.156314
0.157883
0.159458
0.161064
0.332116
0.34083
0.164351
0.161045
0.158648
0.158439
0.156596
0.1554
0.152045
0.149572
0.14488
0.140426
0.137973
0
0.131474
0.132913
0.130869
0.130335
0.12838
0.127564
0.126636
0.300624
0.31154
0.326425
0.342853
0.355958
0.370019
0.214726
0.21572
0.220176
0.224783
0.229291
0.230482
0.239255
0
0.0107203
0.030979
0.0501508
0.0676124
0.0831379
0.0919347
0.099761
0.106397
0.107349
0.109114
0.17072
0.22831
0.289118
0.338085
0.325909
0.306788
0.291937
0.279004
0.270543
0.262159
0.251779
0.243974
0.236258
0.180123
0.120332
0.0576548
0
0
0
0
0
0
0
0
0
0
0
0
0
0
0
0
0
0
0
0
0
0
0
0
0
0