208 | 0.101222
224 | 0.176917
240 | 0.270733
256 | 0.376744
272 | 0.46789
288 | 0.550385
304 | 0.62433
320 | 0.688942
336 | 0.746208
352 | 0.807771
368 | 0.852498
384 | 0.887572
400 | 0.913254
416 | 0.91709
432 | 0.846254
448 | 0.777767
464 | 0.715232
480 | 0.668982
496 | 0.631307
512 | 0.601706
528 | 0.576884
544 | 0.563892
560 | 0.542132
576 | 0.552777
592 | 0.575057
608 | 0.598671
624 | 0.62248
640 | 0.67526
656 | 0.716383
672 | 0.750298
688 | 0.778597
704 | 0.800303
720 | 0.815259
736 | 0.822368
752 | 0.813779
768 | 0.785608
784 | 0.750196
800 | 0.715604
816 | 0.683677
832 | 0.655295
848 | 0.635765
864 | 0.619149
880 | 0.596938
896 | 0.571879
912 | 0.554887
928 | 0.533873
944 | 0.506979
960 | 0.485015
976 | 0.476257
992 | 0.476257
1008 | 0.476257
1024 | 0.476257
1040 | 0.475097
1056 | 0.462189
1072 | 0.447534
1088 | 0.431186
1104 | 0.402523
1120 | 0.359111
1136 | 0.320262
1152 | 0.289614
1168 | 0.274436
1184 | 0.274202
1200 | 0.281428
1216 | 0.297484
1232 | 0.326924
1248 | 0.36182
1264 | 0.409425
1280 | 0.470312
1296 | 0.530247
1312 | 0.587625
1328 | 0.645385
1344 | 0.7085
1360 | 0.773028
1376 | 0.82495
1392 | 0.847493
1408 | 0.849103
1424 | 0.829556
1440 | 0.787596
1456 | 0.733833
1472 | 0.666049
1488 | 0.582406
1504 | 0.509499
1520 | 0.424398
1536 | 0.344992
1552 | 0.263228
1568 | 0.177712
1584 | 0.125312
1600 | 0.087091
1616 | 0.0577159
1632 | 0.0317225
1648 | 0.0126189
1664 | 0.00218463
1680 | 0
1696 | 0
1712 | 0
1728 | 0
1744 | 0
1760 | 0
1776 | 0
1792 | 0
1808 | 0
1824 | 0
1840 | 0
1856 | 0
1872 | 0
1888 | 0
1904 | 0
1920 | 0
1936 | 0
1952 | 0
1968 | 0
1984 | 0
2000 | 0
2016 | 0
2032 | 0
2048 | 0
2064 | 0
2080 | 0.00162312
2096 | 0.00866068
2112 | 0.0192185
2128 | 0.0386957
2144 | 0.0677532
2160 | 0.107953
2176 | 0.159924
2192 | 0.224548
2208 | 0.300956
2224 | 0.378295
2240 | 0.453391
2256 | 0.519952
2272 | 0.577777
2288 | 0.639721
2304 | 0.702482
2320 | 0.753193
2336 | 0.791255
2352 | 0.834335
2368 | 0.865606
2384 | 0.887031
2400 | 0.898526
2416 | 0.902761
2432 | 0.904964
2448 | 0.908441
2464 | 0.920316
2480 | 0.938769
2496 | 0.938987
2512 | 0.930022
2528 | 0.904115
2544 | 0.855667
2560 | 0.799465
2576 | 0.737655
2592 | 0.668215
2608 | 0.59982
2624 | 0.531263
2640 | 0.463477
2656 | 0.392105
2672 | 0.313472
2688 | 0.237874
2704 | 0.168229
2720 | 0.132428
2736 | 0.129628
2752 | 0.152002
2768 | 0.196379
2784 | 0.263684
2800 | 0.355446
2816 | 0.429528
2832 | 0.519976
2848 | 0.599037
2864 | 0.667984
2880 | 0.729577
2896 | 0.780335
2912 | 0.817667
2928 | 0.841462
2944 | 0.852679
2960 | 0.853254
2976 | 0.843555
2992 | 0.821624
3008 | 0.752576
3024 | 0.685637
3040 | 0.606378
3056 | 0.525415
3072 | 0.457982
3088 | 0.38682
3104 | 0.321031
3120 | 0.257205
3136 | 0.196678
3152 | 0.143894
3168 | 0.113234
3184 | 0.106893
3200 | 0.121027
3216 | 0.166282
3232 | 0.230669
3248 | 0.328167
3264 | 0.394302
3280 | 0.476374
3296 | 0.560837
3312 | 0.609776
3328 | 0.651515
3344 | 0.647963
3360 | 0.635502
3376 | 0.608487
3392 | 0.571549
3408 | 0.523215
3424 | 0.462202
3440 | 0.397862
3456 | 0.319309
3472 | 0.271257
3488 | 0.184524
3504 | 0.0842686
3520 | 0.0502804
3536 | 0.0254896
3552 | 0.00980328
3568 | 0.00124706
3584 | 0
3600 | 0
3616 | 0
3632 | 0
3648 | 0
3664 | 0
Valeur de l'integrale : 1524.49
