0
0
0
0
0
0
0
0
0
0
0
0
0
0
0
0
0
0
0
0
0
0
0
0
0
0
0
0
0
0
0
0
0
0
0
0
0
0
0
0
0
0
0
0
0
0
0
0
0
0
0
0
0
0
0
0
0
0
0
0
0
0
0
0
0
0
0
0
0
0
0
0
0
0
0
0
0
0
0
0
0
0
0
0
0
0
0
0
0
0
0
0
0
0.0284595
0.0561848
0.0752002
0.0894287
0.110288
0.139921
0.168808
0.196096
0.221148
0.221069
0.260225
0.297927
0.325765
0.350918
0.35963
0.363857
0.37951
0.403853
0.419032
0.398451
0.373922
0.349297
0.326759
0.329361
0.293609
0.389596
0.371274
0.343481
0.308774
0.276387
0.239209
0.194657
0.146772
0.145354
0.14674
0.1481
0.304668
0.312892
0.310423
0.152136
0.147401
0.147221
0.145628
0.144614
0.141714
0.13775
0.135416
0.131542
0.129387
0.127326
0.125375
0.12348
0.123005
0.121252
0.120793
0.119127
0.118684
0.278433
0.285629
0.297472
0.311015
0.325893
0.337711
0.347914
0.19992
0.200291
0.204097
0.207806
0.208816
0.216638
0.217048
0.0100176
0.0292605
0.0474443
0.0640916
0.078988
0.0869191
0.0936098
0.0996206
0.100441
0.10188
0.157721
0.217177
0.268185
0.32168
0.317914
0.301884
0.285802
0.271835
0.259559
0.251798
0.242222
0.231103
0.225354
0.218144
0.166916
0.108009
0.0542448
0
0
0
0
0
0
0
0
0
0
0
0
0
0
0
0
0
0
0
0
0
0
0
0
0