224 | 0.164698
240 | 0.252679
256 | 0.353071
272 | 0.439962
288 | 0.519118
304 | 0.590452
320 | 0.65287
336 | 0.70824
352 | 0.769516
368 | 0.814176
384 | 0.855336
400 | 0.887883
416 | 0.900332
432 | 0.843247
448 | 0.787609
464 | 0.734711
480 | 0.69109
496 | 0.656533
512 | 0.628699
528 | 0.603163
544 | 0.588008
560 | 0.583675
576 | 0.571221
592 | 0.588634
608 | 0.60793
624 | 0.621947
640 | 0.63655
656 | 0.678953
672 | 0.71647
688 | 0.753771
704 | 0.780209
720 | 0.799926
736 | 0.810106
752 | 0.808793
768 | 0.789042
784 | 0.761474
800 | 0.734079
816 | 0.705067
832 | 0.673332
848 | 0.64907
864 | 0.627518
880 | 0.606849
896 | 0.590298
912 | 0.571877
928 | 0.551876
944 | 0.52569
960 | 0.493794
976 | 0.472919
992 | 0.471543
1008 | 0.477927
1024 | 0.483753
1040 | 0.478667
1056 | 0.470883
1072 | 0.451981
1088 | 0.431493
1104 | 0.409434
1120 | 0.376165
1136 | 0.333757
1152 | 0.298405
1168 | 0.277367
1184 | 0.276717
1200 | 0.290364
1216 | 0.311936
1232 | 0.346427
1248 | 0.372211
1264 | 0.409744
1280 | 0.460057
1296 | 0.509799
1312 | 0.557397
1328 | 0.605422
1344 | 0.662637
1360 | 0.723578
1376 | 0.777661
1392 | 0.810814
1408 | 0.825243
1424 | 0.820332
1440 | 0.794932
1456 | 0.747523
1472 | 0.689314
1488 | 0.62256
1504 | 0.554757
1520 | 0.470162
1536 | 0.389995
1552 | 0.31678
1568 | 0.241737
1584 | 0.163183
1600 | 0.11634
1616 | 0.0808268
1632 | 0.0532216
1648 | 0.0292774
1664 | 0.0116541
1680 | 0.00201915
1696 | 0
1712 | 0.0284595
1728 | 0.0561848
1744 | 0.0752002
1760 | 0.0894287
1776 | 0.110288
1792 | 0.139921
1808 | 0.168808
1824 | 0.196096
1840 | 0.221148
1856 | 0.221069
1872 | 0.260225
1888 | 0.297927
1904 | 0.325765
1920 | 0.350918
1936 | 0.35963
1952 | 0.363857
1968 | 0.37951
1984 | 0.403853
2000 | 0.419032
2016 | 0.398451
2032 | 0.373922
2048 | 0.349297
2064 | 0.326759
2080 | 0.330854
2096 | 0.301564
2112 | 0.407339
2128 | 0.407213
2144 | 0.405753
2160 | 0.407043
2176 | 0.421594
2192 | 0.442572
2208 | 0.467255
2224 | 0.501973
2240 | 0.562767
2256 | 0.625224
2272 | 0.67937
2288 | 0.893418
2304 | 0.96605
2320 | 1.03334
2336 | 0.92014
2352 | 0.951695
2368 | 0.989819
2384 | 1.01751
2400 | 1.03633
2416 | 1.0453
2432 | 1.04588
2448 | 1.04567
2464 | 1.04481
2480 | 1.05198
2496 | 1.05912
2512 | 1.0527
2528 | 1.02954
2544 | 0.984489
2560 | 0.93087
2576 | 0.870941
2592 | 0.805532
2608 | 0.740385
2624 | 0.841045
2640 | 0.790393
2656 | 0.740021
2672 | 0.684609
2688 | 0.623858
2704 | 0.565328
2720 | 0.523757
2736 | 0.359311
2752 | 0.368572
2768 | 0.403481
2784 | 0.458571
2800 | 0.533354
2816 | 0.605562
2832 | 0.693173
2848 | 0.569791
2864 | 0.66019
2880 | 0.737648
2896 | 0.803791
2912 | 0.857726
2928 | 0.898605
2944 | 0.92599
2960 | 0.941207
2976 | 0.941245
2992 | 0.929791
3008 | 0.92496
3024 | 0.91389
3040 | 0.898106
3056 | 0.877651
3072 | 0.811982
3088 | 0.726105
3104 | 0.646161
3120 | 0.570761
3136 | 0.498838
3152 | 0.435989
3168 | 0.390509
3184 | 0.365636
3200 | 0.365554
3216 | 0.387714
3232 | 0.38824
3248 | 0.412407
3264 | 0.417131
3280 | 0.450129
3296 | 0.524342
3312 | 0.571629
3328 | 0.609645
3344 | 0.607537
3360 | 0.598474
3376 | 0.58234
3392 | 0.557728
3408 | 0.524527
3424 | 0.481692
3440 | 0.430728
3456 | 0.37722
3472 | 0.306591
3488 | 0.258583
3504 | 0.175439
3520 | 0.0798833
3536 | 0.047713
3552 | 0.0242589
3568 | 0.00935512
3584 | 0.00118718
3600 | 0
3616 | 0
3632 | 0
3648 | 0
3664 | 0
Valeur de l'integrale : 1858.81
