224 | 0.164698
240 | 0.252679
256 | 0.353071
272 | 0.439962
288 | 0.519118
304 | 0.590452
320 | 0.65287
336 | 0.70824
352 | 0.769516
368 | 0.814176
384 | 0.855336
400 | 0.887883
416 | 0.900332
432 | 0.843247
448 | 0.787609
464 | 0.734711
480 | 0.69109
496 | 0.656533
512 | 0.628699
528 | 0.603163
544 | 0.588008
560 | 0.583675
576 | 0.571221
592 | 0.588634
608 | 0.60793
624 | 0.621947
640 | 0.63655
656 | 0.678953
672 | 0.71647
688 | 0.753771
704 | 0.780209
720 | 0.799926
736 | 0.810106
752 | 0.808793
768 | 0.789042
784 | 0.761474
800 | 0.734079
816 | 0.705067
832 | 0.673332
848 | 0.64907
864 | 0.627518
880 | 0.606849
896 | 0.590298
912 | 0.571877
928 | 0.551876
944 | 0.52569
960 | 0.493794
976 | 0.472919
992 | 0.471543
1008 | 0.477927
1024 | 0.483753
1040 | 0.478667
1056 | 0.470883
1072 | 0.451981
1088 | 0.431493
1104 | 0.409434
1120 | 0.376165
1136 | 0.333757
1152 | 0.298405
1168 | 0.277367
1184 | 0.276717
1200 | 0.290364
1216 | 0.311936
1232 | 0.346427
1248 | 0.372211
1264 | 0.409744
1280 | 0.460057
1296 | 0.509799
1312 | 0.557397
1328 | 0.605422
1344 | 0.662637
1360 | 0.723578
1376 | 0.777661
1392 | 0.810814
1408 | 0.825243
1424 | 0.820332
1440 | 0.794932
1456 | 0.747523
1472 | 0.689314
1488 | 0.62256
1504 | 0.554757
1520 | 0.470162
1536 | 0.389995
1552 | 0.31678
1568 | 0.241737
1584 | 0.163183
1600 | 0.11634
1616 | 0.0808268
1632 | 0.0532216
1648 | 0.0292774
1664 | 0.0116541
1680 | 0.00201915
1696 | 0
1712 | 0
1728 | 0
1744 | 0
1760 | 0
1776 | 0
1792 | 0
1808 | 0
1824 | 0
1840 | 0
1856 | 0
1872 | 0
1888 | 0
1904 | 0
1920 | 0
1936 | 0
1952 | 0
1968 | 0
1984 | 0
2000 | 0
2016 | 0
2032 | 0
2048 | 0
2064 | 0
2080 | 0.00149311
2096 | 0.00795471
2112 | 0.0177427
2128 | 0.035939
2144 | 0.0622725
2160 | 0.0982687
2176 | 0.145207
2192 | 0.203363
2208 | 0.272598
2224 | 0.355201
2240 | 0.417413
2256 | 0.478484
2272 | 0.53127
2288 | 0.58875
2304 | 0.653158
2320 | 0.722918
2336 | 0.768004
2352 | 0.804294
2368 | 0.842598
2384 | 0.871882
2400 | 0.891716
2416 | 0.903584
2432 | 0.908133
2448 | 0.910252
2464 | 0.91327
2480 | 0.922595
2496 | 0.931794
2512 | 0.927324
2528 | 0.906062
2544 | 0.861484
2560 | 0.809618
2576 | 0.750148
2592 | 0.686405
2608 | 0.621701
2624 | 0.562612
2640 | 0.504764
2656 | 0.442549
2672 | 0.373594
2688 | 0.297965
2704 | 0.227617
2720 | 0.175843
2736 | 0.159391
2752 | 0.168281
2768 | 0.199384
2784 | 0.250765
2800 | 0.324538
2816 | 0.388924
2832 | 0.476125
2848 | 0.559773
2864 | 0.630929
2880 | 0.690203
2896 | 0.7397
2912 | 0.778738
2928 | 0.811686
2944 | 0.83238
2960 | 0.841586
2976 | 0.840804
2992 | 0.827911
3008 | 0.767239
3024 | 0.696713
3040 | 0.629921
3056 | 0.555971
3072 | 0.494068
3088 | 0.424221
3104 | 0.360359
3120 | 0.298926
3136 | 0.239279
3152 | 0.184191
3168 | 0.148287
3184 | 0.134533
3200 | 0.1402
3216 | 0.16957
3232 | 0.221324
3248 | 0.304398
3264 | 0.362886
3280 | 0.450129
3296 | 0.524342
3312 | 0.571629
3328 | 0.609645
3344 | 0.607537
3360 | 0.598474
3376 | 0.58234
3392 | 0.557728
3408 | 0.524527
3424 | 0.481692
3440 | 0.430728
3456 | 0.37722
3472 | 0.306591
3488 | 0.258583
3504 | 0.175439
3520 | 0.0798833
3536 | 0.047713
3552 | 0.0242589
3568 | 0.00935512
3584 | 0.00118718
3600 | 0
3616 | 0
3632 | 0
3648 | 0
3664 | 0
Valeur de l'integrale : 1525.7
