240 | 0.236883
256 | 0.332196
272 | 0.41518
288 | 0.491213
304 | 0.560061
320 | 0.620387
336 | 0.673949
352 | 0.73472
368 | 0.7776
384 | 0.818553
400 | 0.856791
416 | 0.876576
432 | 0.831752
448 | 0.788088
464 | 0.7463
480 | 0.710844
496 | 0.677798
512 | 0.652183
528 | 0.628258
544 | 0.611799
560 | 0.604973
576 | 0.607183
592 | 0.603903
608 | 0.619187
624 | 0.629801
640 | 0.635632
656 | 0.642781
672 | 0.681747
688 | 0.722118
704 | 0.756762
720 | 0.781084
736 | 0.796174
752 | 0.798057
768 | 0.785779
784 | 0.766084
800 | 0.745604
816 | 0.72303
832 | 0.69417
848 | 0.66632
864 | 0.640626
880 | 0.615635
896 | 0.600091
912 | 0.588964
928 | 0.56797
944 | 0.543071
960 | 0.512275
976 | 0.481914
992 | 0.468725
1008 | 0.473413
1024 | 0.484816
1040 | 0.485505
1056 | 0.474499
1072 | 0.460869
1088 | 0.436699
1104 | 0.411141
1120 | 0.384365
1136 | 0.351598
1152 | 0.312456
1168 | 0.286386
1184 | 0.279305
1200 | 0.291647
1216 | 0.318258
1232 | 0.356518
1248 | 0.386943
1264 | 0.416222
1280 | 0.457195
1296 | 0.497892
1312 | 0.536792
1328 | 0.576009
1344 | 0.62389
1360 | 0.679498
1376 | 0.729693
1392 | 0.76669
1408 | 0.791799
1424 | 0.799635
1440 | 0.788578
1456 | 0.757719
1472 | 0.705673
1488 | 0.648325
1504 | 0.595981
1520 | 0.515913
1536 | 0.435596
1552 | 0.360707
1568 | 0.292834
1584 | 0.22349
1600 | 0.152036
1616 | 0.108467
1632 | 0.0749017
1648 | 0.0493766
1664 | 0.0271822
1680 | 0.0108275
1696 | 0.00190476
1712 | 0
1728 | 0
1744 | 0
1760 | 0
1776 | 0
1792 | 0
1808 | 0
1824 | 0
1840 | 0
1856 | 0
1872 | 0
1888 | 0
1904 | 0
1920 | 0
1936 | 0
1952 | 0
1968 | 0
1984 | 0
2000 | 0
2016 | 0
2032 | 0
2048 | 0
2064 | 0
2080 | 0.00139158
2096 | 0.00735517
2112 | 0.0163569
2128 | 0.0333008
2144 | 0.0580986
2160 | 0.0907934
2176 | 0.13297
2192 | 0.185808
2208 | 0.248512
2224 | 0.324306
2240 | 0.393616
2256 | 0.442995
2272 | 0.491693
2288 | 0.543732
2304 | 0.603855
2320 | 0.676126
2336 | 0.739097
2352 | 0.782249
2368 | 0.814031
2384 | 0.850201
2400 | 0.877346
2416 | 0.897014
2432 | 0.908551
2448 | 0.912762
2464 | 0.914636
2480 | 0.915937
2496 | 0.917199
2512 | 0.921042
2528 | 0.904568
2544 | 0.866111
2560 | 0.817607
2576 | 0.762808
2592 | 0.700869
2608 | 0.641578
2624 | 0.585416
2640 | 0.536526
2656 | 0.483789
2672 | 0.42343
2688 | 0.356751
2704 | 0.2857
2720 | 0.231348
2736 | 0.198222
2752 | 0.193418
2768 | 0.210582
2784 | 0.248903
2800 | 0.307436
2816 | 0.356733
2832 | 0.434932
2848 | 0.516575
2864 | 0.593081
2880 | 0.654862
2896 | 0.703087
2912 | 0.741714
2928 | 0.776078
2944 | 0.805109
2960 | 0.82315
2976 | 0.830502
2992 | 0.826251
3008 | 0.776308
3024 | 0.71409
3040 | 0.642605
3056 | 0.581055
3072 | 0.525042
3088 | 0.460121
3104 | 0.397032
3120 | 0.337287
3136 | 0.279701
3152 | 0.224964
3168 | 0.185433
3184 | 0.165655
3200 | 0.164204
3216 | 0.18526
3232 | 0.220306
3248 | 0.290594
3264 | 0.337853
3280 | 0.417659
3296 | 0.498128
3312 | 0.535565
3328 | 0.572833
3344 | 0.571799
3360 | 0.564216
3376 | 0.551216
3392 | 0.536639
3408 | 0.514785
3424 | 0.485415
3440 | 0.45094
3456 | 0.409727
3472 | 0.363524
3488 | 0.293018
3504 | 0.247041
3520 | 0.167206
3536 | 0.0759406
3552 | 0.0454934
3568 | 0.0232505
3584 | 0.00894881
3600 | 0.00113279
3616 | 0
3632 | 0
3648 | 0
3664 | 0
Valeur de l'integrale : 1525.79
