0
0
0
0
0
0
0
0
0
0
0
0
0
0
0
0
0
0
0
0
0
0
0
0
0
0
0
0
0
0
0
0
0
0
0
0
0
0
0
0
0
0
0
0
0
0
0
0
0
0
0
0
0
0
0
0
0
0
0
0
0
0
0
0
0
0
0
0
0
0
0
0
0
0
0
0
0
0
0
0
0
0
0
0
0
0
0
0
0
0
0
0
0.026646
0.0537573
0.0701847
0.0833103
0.102677
0.130205
0.157086
0.183889
0.20736
0.20601
0.242622
0.277913
0.303917
0.332134
0.360693
0.365395
0.371661
0.390123
0.4123
0.400085
0.374791
0.351666
0.328355
0.306966
0.309909
0.398133
0.372436
0.349313
0.323003
0.290057
0.25926
0.22403
0.17969
0.137067
0.135857
0.137067
0.281372
0.288413
0.287077
0.288545
0.139902
0.137486
0.136096
0.13521
0.132689
0.129216
0.125653
0.123693
0.121807
0.119979
0.240042
0.118085
0.114883
0.114471
0.112951
0.112566
0.111347
0.261969
0.265522
0.27376
0.284621
0.296994
0.310531
0.319201
0.325517
0.186599
0.186897
0.190002
0.190846
0.197387
0.19827
0.207858
0.0275052
0.0450149
0.0609192
0.0752327
0.0829199
0.0888532
0.0938474
0.0943808
0.0956384
0.148135
0.201987
0.25616
0.300196
0.303784
0.296071
0.282536
0.267503
0.254353
0.242884
0.233902
0.223468
0.214329
0.208815
0.203335
0.151061
0.102093
0.0491115
0
0
0
0
0
0
0
0
0
0
0
0
0
0
0
0
0
0
0
0
0
0
0
0