256 | 0.313653
272 | 0.393042
288 | 0.466155
304 | 0.532645
320 | 0.590983
336 | 0.642825
352 | 0.702936
368 | 0.744168
384 | 0.783311
400 | 0.821209
416 | 0.847171
432 | 0.813038
448 | 0.780093
464 | 0.748813
480 | 0.722907
496 | 0.697035
512 | 0.672221
528 | 0.650318
544 | 0.63475
560 | 0.626229
576 | 0.625789
592 | 0.634205
608 | 0.631982
624 | 0.639451
640 | 0.642543
656 | 0.641752
672 | 0.647832
688 | 0.689335
704 | 0.726671
720 | 0.758922
736 | 0.77879
752 | 0.785671
768 | 0.776904
784 | 0.764251
800 | 0.750806
816 | 0.73441
832 | 0.711841
848 | 0.686292
864 | 0.657483
880 | 0.628828
896 | 0.608842
912 | 0.598195
928 | 0.584321
944 | 0.558727
960 | 0.529427
976 | 0.500104
992 | 0.47743
1008 | 0.470655
1024 | 0.480199
1040 | 0.486398
1056 | 0.481213
1072 | 0.464882
1088 | 0.446113
1104 | 0.417277
1120 | 0.387503
1136 | 0.360817
1152 | 0.330701
1168 | 0.300313
1184 | 0.287646
1200 | 0.29315
1216 | 0.317736
1232 | 0.359652
1248 | 0.393864
1264 | 0.426833
1280 | 0.460362
1296 | 0.493044
1312 | 0.524159
1328 | 0.555558
1344 | 0.59499
1360 | 0.641934
1376 | 0.68674
1392 | 0.721539
1408 | 0.75086
1424 | 0.769449
1440 | 0.770932
1456 | 0.754096
1472 | 0.71856
1488 | 0.666799
1504 | 0.623022
1520 | 0.558188
1536 | 0.481278
1552 | 0.405719
1568 | 0.335512
1584 | 0.272253
1600 | 0.209322
1616 | 0.142188
1632 | 0.100953
1648 | 0.069786
1664 | 0.0460498
1680 | 0.0253696
1696 | 0.0102511
1712 | 0.0268275
1728 | 0.0505591
1744 | 0.0673521
1760 | 0.0781108
1776 | 0.0960587
1792 | 0.12175
1808 | 0.146886
1824 | 0.171954
1840 | 0.195348
1856 | 0.193994
1872 | 0.22725
1888 | 0.260419
1904 | 0.284786
1920 | 0.311127
1936 | 0.342623
1952 | 0.366028
1968 | 0.372613
1984 | 0.382154
2000 | 0.398952
2016 | 0.394697
2032 | 0.377671
2048 | 0.353871
2064 | 0.33191
2080 | 0.31111
2096 | 0.296884
2112 | 0.4214
2128 | 0.412717
2144 | 0.406002
2160 | 0.414853
2176 | 0.428253
2192 | 0.444554
2208 | 0.472457
2224 | 0.505891
2240 | 0.530237
2256 | 0.547891
2272 | 0.584985
2288 | 0.766496
2304 | 0.827418
2320 | 0.895275
2336 | 0.9625
2352 | 1.02133
2368 | 0.923875
2384 | 0.950928
2400 | 0.983743
2416 | 1.00817
2432 | 1.02391
2448 | 1.0314
2464 | 1.03215
2480 | 1.03211
2496 | 1.02473
2512 | 1.13477
2528 | 1.1262
2544 | 0.976543
2560 | 0.932045
2576 | 0.879771
2592 | 0.82144
2608 | 0.763058
2624 | 0.852984
2640 | 0.810316
2656 | 0.770974
2672 | 0.727325
2688 | 0.678727
2704 | 0.627174
2720 | 0.581018
2736 | 0.54894
2752 | 0.532881
2768 | 0.406355
2784 | 0.43049
2800 | 0.476948
2816 | 0.519114
2832 | 0.583499
2848 | 0.666656
2864 | 0.75944
2880 | 0.660943
2896 | 0.727974
2912 | 0.77987
2928 | 0.821214
2944 | 0.857156
2960 | 0.887234
2976 | 0.902775
2992 | 0.907379
3008 | 0.917463
3024 | 0.916099
3040 | 0.901766
3056 | 0.882559
3072 | 0.83533
3088 | 0.775481
3104 | 0.710821
3120 | 0.638636
3136 | 0.56846
3152 | 0.503215
3168 | 0.450214
3184 | 0.415937
3200 | 0.399718
3216 | 0.404847
3232 | 0.428152
3248 | 0.470311
3264 | 0.465809
3280 | 0.484228
3296 | 0.510167
3312 | 0.509566
3328 | 0.537871
3344 | 0.540031
3360 | 0.533616
3376 | 0.522068
3392 | 0.51016
3408 | 0.49759
3424 | 0.478689
3440 | 0.456186
3456 | 0.430265
3472 | 0.395716
3488 | 0.348795
3504 | 0.280595
3520 | 0.236485
3536 | 0.159728
3552 | 0.0725206
3568 | 0.0436686
3584 | 0.0223287
3600 | 0.00857633
3616 | 0.00108316
3632 | 0
3648 | 0
3664 | 0
Valeur de l'integrale : 1857.94
