256 | 0.313653
272 | 0.393042
288 | 0.466155
304 | 0.532645
320 | 0.590983
336 | 0.642825
352 | 0.702936
368 | 0.744168
384 | 0.783311
400 | 0.821209
416 | 0.847171
432 | 0.813038
448 | 0.780093
464 | 0.748813
480 | 0.722907
496 | 0.697035
512 | 0.672221
528 | 0.650318
544 | 0.63475
560 | 0.626229
576 | 0.625789
592 | 0.634205
608 | 0.631982
624 | 0.639451
640 | 0.642543
656 | 0.641752
672 | 0.647832
688 | 0.689335
704 | 0.726671
720 | 0.758922
736 | 0.77879
752 | 0.785671
768 | 0.776904
784 | 0.764251
800 | 0.750806
816 | 0.73441
832 | 0.711841
848 | 0.686292
864 | 0.657483
880 | 0.628828
896 | 0.608842
912 | 0.598195
928 | 0.584321
944 | 0.558727
960 | 0.529427
976 | 0.500104
992 | 0.47743
1008 | 0.470655
1024 | 0.480199
1040 | 0.486398
1056 | 0.481213
1072 | 0.464882
1088 | 0.446113
1104 | 0.417277
1120 | 0.387503
1136 | 0.360817
1152 | 0.330701
1168 | 0.300313
1184 | 0.287646
1200 | 0.29315
1216 | 0.317736
1232 | 0.359652
1248 | 0.393864
1264 | 0.426833
1280 | 0.460362
1296 | 0.493044
1312 | 0.524159
1328 | 0.555558
1344 | 0.59499
1360 | 0.641934
1376 | 0.68674
1392 | 0.721539
1408 | 0.75086
1424 | 0.769449
1440 | 0.770932
1456 | 0.754096
1472 | 0.71856
1488 | 0.666799
1504 | 0.623022
1520 | 0.558188
1536 | 0.481278
1552 | 0.405719
1568 | 0.335512
1584 | 0.272253
1600 | 0.209322
1616 | 0.142188
1632 | 0.100953
1648 | 0.069786
1664 | 0.0460498
1680 | 0.0253696
1696 | 0.0102511
1712 | 0.00177773
1728 | 0
1744 | 0
1760 | 0
1776 | 0
1792 | 0
1808 | 0
1824 | 0
1840 | 0
1856 | 0
1872 | 0
1888 | 0
1904 | 0
1920 | 0
1936 | 0
1952 | 0
1968 | 0
1984 | 0
2000 | 0
2016 | 0
2032 | 0
2048 | 0
2064 | 0
2080 | 0.00129725
2096 | 0.00688269
2112 | 0.015172
2128 | 0.0308059
2144 | 0.0540684
2160 | 0.0850478
2176 | 0.123424
2192 | 0.171043
2208 | 0.22831
2224 | 0.297673
2240 | 0.361458
2256 | 0.419301
2272 | 0.457461
2288 | 0.50511
2304 | 0.559967
2320 | 0.628938
2336 | 0.694234
2352 | 0.754875
2368 | 0.792935
2384 | 0.823193
2400 | 0.856788
2416 | 0.883439
2432 | 0.902236
2448 | 0.912882
2464 | 0.916653
2480 | 0.91706
2496 | 0.911293
2512 | 0.907825
2528 | 0.899554
2544 | 0.866345
2560 | 0.824641
2576 | 0.772726
2592 | 0.715714
2608 | 0.657463
2624 | 0.606321
2640 | 0.559807
2656 | 0.515739
2672 | 0.464487
2688 | 0.405894
2704 | 0.342992
2720 | 0.286206
2736 | 0.248693
2752 | 0.227705
2768 | 0.231435
2784 | 0.255481
2800 | 0.301224
2816 | 0.337859
2832 | 0.401476
2848 | 0.475376
2864 | 0.550917
2880 | 0.618432
2896 | 0.669927
2912 | 0.708052
2928 | 0.741941
2944 | 0.772122
2960 | 0.797883
2976 | 0.813592
2992 | 0.817251
3008 | 0.777692
3024 | 0.725446
3040 | 0.662175
3056 | 0.594823
3072 | 0.550777
3088 | 0.491249
3104 | 0.432514
3120 | 0.373118
3136 | 0.317026
3152 | 0.264017
3168 | 0.22342
3184 | 0.199045
3200 | 0.191607
3216 | 0.205533
3232 | 0.232946
3248 | 0.284984
3264 | 0.322452
3280 | 0.391145
3296 | 0.465301
3312 | 0.509566
3328 | 0.537871
3344 | 0.540031
3360 | 0.533616
3376 | 0.522068
3392 | 0.51016
3408 | 0.49759
3424 | 0.478689
3440 | 0.456186
3456 | 0.430265
3472 | 0.395716
3488 | 0.348795
3504 | 0.280595
3520 | 0.236485
3536 | 0.159728
3552 | 0.0725206
3568 | 0.0436686
3584 | 0.0223287
3600 | 0.00857633
3616 | 0.00108316
3632 | 0
3648 | 0
3664 | 0
Valeur de l'integrale : 1524.65
