0
0
0
0
0
0
0
0
0
0
0
0
0
0
0
0
0
0
0
0
0
0
0
0
0
0
0
0
0
0
0
0
0
0
0
0
0
0
0
0
0
0
0
0
0
0
0
0
0
0
0
0
0
0
0
0
0
0
0
0
0
0
0
0
0
0
0
0
0
0
0
0
0
0
0
0
0
0
0
0
0
0
0
0
0
0
0
0
0
0
0.0236341
0.04772
0.0635944
0.0751533
0.0903902
0.114338
0.137929
0.161473
0.183495
0.183441
0.214871
0.244997
0.267921
0.292592
0.322259
0.348887
0.372786
0.382439
0.390966
0.382917
0.373753
0.35772
0.335164
0.314286
0.293791
0.381082
0.390829
0.362382
0.333572
0.312361
0.288622
0.258766
0.228225
0.196555
0.159145
0.121101
0.243978
0.24933
0.248361
0.250069
0.249064
0.250145
0.122065
0.119649
0.117671
0.114944
0.112134
0.109435
0.107923
0.107548
0.215199
0.214933
0.212081
0.103299
0.10084
0.100533
0.0995524
0.234586
0.236477
0.241332
0.245716
0.252754
0.261983
0.27096
0.27857
0.282858
0.287194
0.164464
0.162823
0.16756
0.168216
0.176738
0.193105
0.210252
0.0550588
0.0687002
0.0759325
0.0815287
0.0857215
0.0851135
0.085376
0.132316
0.180672
0.227106
0.270425
0.273334
0.267327
0.268196
0.262554
0.25046
0.237386
0.224432
0.211344
0.202833
0.194257
0.186879
0.17855
0.176483
0.131503
0.0855339
0.0436487
0
0
0
0
0
0
0
0
0
0
0
0
0
0
0
0
0
0
0
0
0
0