0
0
0
0
0
0
0
0
0
0
0
0
0
0
0
0
0
0
0
0
0
0
0
0
0
0
0
0
0
0
0
0
0
0
0
0
0
0
0
0
0
0
0
0
0
0
0
0
0
0
0
0
0
0
0
0
0
0
0
0
0
0
0
0
0
0
0
0
0
0
0
0
0
0
0
0
0
0
0
0
0
0
0
0
0
0
0
0
0
0.0223719
0.0451829
0.0602338
0.0712059
0.0871475
0.107944
0.130015
0.152196
0.172998
0.172951
0.203916
0.232479
0.252942
0.27614
0.304153
0.329429
0.356399
0.382067
0.390755
0.376121
0.363728
0.355
0.339771
0.318363
0.298956
0.379089
0.367499
0.372171
0.344753
0.317031
0.296699
0.274066
0.243082
0.216362
0.18616
0.150551
0.232197
0.233442
0.232659
0.234156
0.233302
0.234761
0.233902
0.11466
0.111368
0.108922
0.106396
0.103974
0.102613
0.101297
0.20458
0.20437
0.20179
0.199274
0.0972133
0.0950412
0.0949354
0.221827
0.225355
0.228283
0.232804
0.23688
0.243415
0.250706
0.257179
0.263538
0.267343
0.270976
0.153657
0.15579
0.156357
0.164232
0.179419
0.195688
0.210241
0.0654322
0.0728626
0.0783013
0.0823747
0.0818131
0.0816392
0.125833
0.171702
0.216023
0.25727
0.257665
0.257402
0.253094
0.253872
0.248512
0.237207
0.223591
0.210118
0.198459
0.190048
0.182703
0.171558
0.170327
0.162757
0.12146
0.0833535
0.0423758
0
0
0
0
0
0
0
0
0
0
0
0
0
0
0
0
0
0
0
0
0