304 | 0.464441
320 | 0.517413
336 | 0.564603
352 | 0.622186
368 | 0.659152
384 | 0.69371
400 | 0.726519
416 | 0.750491
432 | 0.731914
448 | 0.719377
464 | 0.712539
480 | 0.710738
496 | 0.709113
512 | 0.705904
528 | 0.697892
544 | 0.689161
560 | 0.681589
576 | 0.679624
592 | 0.682249
608 | 0.685414
624 | 0.685121
640 | 0.681418
656 | 0.664955
672 | 0.659718
688 | 0.661031
704 | 0.662898
720 | 0.670427
736 | 0.702735
752 | 0.725499
768 | 0.735239
784 | 0.73588
800 | 0.735967
816 | 0.734102
832 | 0.729046
848 | 0.720279
864 | 0.704765
880 | 0.681469
896 | 0.656792
912 | 0.634413
928 | 0.613564
944 | 0.592333
960 | 0.570621
976 | 0.548414
992 | 0.526026
1008 | 0.510572
1024 | 0.499613
1040 | 0.485832
1056 | 0.47575
1072 | 0.470051
1088 | 0.46037
1104 | 0.440964
1120 | 0.411928
1136 | 0.384826
1152 | 0.354365
1168 | 0.333909
1184 | 0.327241
1200 | 0.327277
1216 | 0.332754
1232 | 0.357639
1248 | 0.386304
1264 | 0.423726
1280 | 0.466093
1296 | 0.498706
1312 | 0.520843
1328 | 0.534815
1344 | 0.554051
1360 | 0.579607
1376 | 0.601815
1392 | 0.619239
1408 | 0.637209
1424 | 0.656589
1440 | 0.672957
1456 | 0.683885
1472 | 0.684405
1488 | 0.673413
1504 | 0.661302
1520 | 0.625495
1536 | 0.575509
1552 | 0.523885
1568 | 0.466813
1584 | 0.400487
1600 | 0.338471
1616 | 0.280527
1632 | 0.227406
1648 | 0.173614
1664 | 0.117151
1680 | 0.0835897
1696 | 0.0586167
1712 | 0.0600371
1728 | 0.0642906
1744 | 0.0657414
1760 | 0.0691335
1776 | 0.0827985
1792 | 0.104267
1808 | 0.12314
1824 | 0.14394
1840 | 0.163638
1856 | 0.163595
1872 | 0.192946
1888 | 0.221326
1904 | 0.240705
1920 | 0.261441
1936 | 0.287973
1952 | 0.312
1968 | 0.337676
1984 | 0.36624
2000 | 0.389975
2016 | 0.376696
2032 | 0.358266
2048 | 0.346445
2064 | 0.338038
2080 | 0.324661
2096 | 0.309413
2112 | 0.392017
2128 | 0.391718
2144 | 0.395173
2160 | 0.424602
2176 | 0.430521
2192 | 0.443471
2208 | 0.469356
2224 | 0.498533
2240 | 0.519919
2256 | 0.539729
2272 | 0.551483
2288 | 0.669991
2304 | 0.688765
2320 | 0.735365
2336 | 0.791231
2352 | 0.848109
2368 | 0.904425
2384 | 0.959497
2400 | 1.0084
2416 | 0.92854
2432 | 0.951741
2448 | 0.978728
2464 | 0.998354
2480 | 1.01085
2496 | 1.0111
2512 | 1.09985
2528 | 1.08146
2544 | 1.04451
2560 | 1.0083
2576 | 0.972927
2592 | 0.83484
2608 | 0.789528
2624 | 0.866424
2640 | 0.830283
2656 | 0.796683
2672 | 0.762985
2688 | 0.727343
2704 | 0.692007
2720 | 0.659757
2736 | 0.632442
2752 | 0.610402
2768 | 0.594005
2784 | 0.587703
2800 | 0.592848
2816 | 0.48833
2832 | 0.513464
2848 | 0.559769
2864 | 0.620232
2880 | 0.686017
2896 | 0.754342
2912 | 0.81713
2928 | 0.721264
2944 | 0.759238
2960 | 0.78864
2976 | 0.811152
2992 | 0.830574
3008 | 0.861539
3024 | 0.881
3040 | 0.887003
3056 | 0.883816
3072 | 0.847847
3088 | 0.797946
3104 | 0.748961
3120 | 0.705421
3136 | 0.657593
3152 | 0.603781
3168 | 0.550999
3184 | 0.509328
3200 | 0.48123
3216 | 0.468971
3232 | 0.471653
3248 | 0.491737
3264 | 0.498262
3280 | 0.526871
3296 | 0.558462
3312 | 0.549028
3328 | 0.534946
3344 | 0.498545
3360 | 0.460083
3376 | 0.448909
3392 | 0.441619
3408 | 0.433102
3424 | 0.425452
3440 | 0.421581
3456 | 0.422188
3472 | 0.420441
3488 | 0.408579
3504 | 0.387366
3520 | 0.353535
3536 | 0.31102
3552 | 0.249395
3568 | 0.211156
3584 | 0.14271
3600 | 0.0647036
3616 | 0.0390067
3632 | 0.0199552
3648 | 0.00762428
3664 | 0.000956938
Valeur de l'integrale : 1849.09
