0
0
0
0
0
0
0
0
0
0
0
0
0
0
0
0
0
0
0
0
0
0
0
0
0
0
0
0
0
0
0
0
0
0
0
0
0
0
0
0
0
0
0
0
0
0
0
0
0
0
0
0
0
0
0
0
0
0
0
0
0
0
0
0
0
0
0
0
0
0
0
0
0
0
0
0
0
0
0
0
0
0
0
0
0
0
0
0
0.0212703
0.0429058
0.0572106
0.0676525
0.0827985
0.104267
0.12314
0.14394
0.163638
0.163595
0.192946
0.221326
0.240705
0.261441
0.287973
0.312
0.337676
0.36624
0.389975
0.376696
0.358266
0.346445
0.338038
0.323565
0.303663
0.379401
0.366387
0.350955
0.355213
0.32876
0.302082
0.282547
0.258466
0.231296
0.205703
0.176808
0.252731
0.222633
0.218765
0.220148
0.219393
0.220706
0.220397
0.220272
0.107034
0.103501
0.101217
0.0990224
0.0977965
0.0966051
0.193238
0.194769
0.192451
0.190162
0.187926
0.0918127
0.0900231
0.212025
0.213554
0.217901
0.220638
0.224858
0.228659
0.233649
0.238862
0.244314
0.25002
0.253234
0.254093
0.147378
0.146059
0.153379
0.167526
0.182636
0.196635
0.208948
0.0696243
0.0753197
0.0792795
0.0787591
0.0785979
0.120699
0.163844
0.205992
0.245512
0.245695
0.24346
0.24418
0.2403
0.241023
0.236075
0.224112
0.210117
0.198078
0.186649
0.179312
0.16837
0.163952
0.157507
0.151012
0.11854
0.0810654
0.0394963
0
0
0
0
0
0
0
0
0
0
0
0
0
0
0
0
0
0
0
0