0
0
0
0
0
0
0
0
0
0
0
0
0
0
0
0
0
0
0
0
0
0
0
0
0
0
0
0
0
0
0
0
0
0
0
0
0
0
0
0
0
0
0
0
0
0
0
0
0
0
0
0
0
0
0
0
0
0
0
0
0
0
0
0
0
0
0
0
0
0
0
0
0
0
0
0
0
0
0
0
0
0
0
0
0
0
0
0
0
0
0
0
0
0
0
0
0
0
0
0
0
0
0
0
0
0.209507
0.381356
0.323589
0.226815
0.245536
0.365037
0.405491
0.38593
0.366279
0.180337
0.266832
0.504386
0.445744
0.407643
0.465092
0.465981
0.455044
0.499268
0.526169
0.320101
0
0
0
0
0
1.13352
1.38524
0
0
0
0
0
0
0
0
0
1.19509
1.37778
0
0
0
0
0
0
0
0
0
0
0
0
0.922453
1.03047
0
0
0
0
0
1.21225
1.44281
0
0
0
0
0
0
0
0
0
0
0
0
0.0544218
0.162746
0.224808
0.221405
0.200706
0.161836
0.122553
0.10687
0.0521739
0
0.421348
0.679825
0.701754
0.691295
0.398458
0
0
0
0
0
0
0
0
0
0
0
0
0
0
0
0
0
0
0
0
0
0
0
0
0
0
0
0
0
0
0
0
0
0
0
0
0