0
0
0
0
0
0
0
0
0
0
0
0
0
0
0
0
0
0
0
0
0
0
0
0
0
0
0
0
0
0
0
0
0
0
0
0
0
0
0
0
0
0
0
0
0
0
0
0
0
0
0
0
0
0
0
0
0
0
0
0
0
0
0
0
0
0
0
0
0
0
0
0
0
0
0
0
0
0
0
0
0
0
0
0
0
0
0
0.0203474
0.0409064
0.054481
0.0644368
0.078863
0.0993144
0.119166
0.136724
0.155251
0.155199
0.183096
0.210087
0.229744
0.24937
0.273427
0.296323
0.320796
0.348054
0.374678
0.376642
0.359709
0.342099
0.330729
0.32265
0.309316
0.379799
0.367365
0.350841
0.335836
0.339733
0.314214
0.288492
0.267289
0.246663
0.220632
0.196044
0.271177
0.243023
0.209245
0.207668
0.207048
0.208218
0.207964
0.208255
0.206162
0.0997465
0.0965185
0.0945209
0.0934033
0.0923244
0.184682
0.184461
0.183914
0.181846
0.179801
0.177816
0.0871213
0.201546
0.204455
0.206849
0.210924
0.213488
0.217437
0.22002
0.223329
0.227725
0.232652
0.237638
0.238429
0.244227
0.13864
0.143871
0.157112
0.171199
0.184328
0.196332
0.203992
0.0721587
0.0764084
0.075925
0.0757751
0.116497
0.157583
0.197149
0.234803
0.234949
0.232746
0.231598
0.23225
0.228757
0.229577
0.223711
0.211243
0.198704
0.18696
0.176663
0.165898
0.161214
0.15204
0.146482
0.147577
0.115466
0.0758594
0.0369833
0
0
0
0
0
0
0
0
0
0
0
0
0
0
0
0
0
0
0