320 | 0.496798
336 | 0.542595
352 | 0.59924
368 | 0.634971
384 | 0.668231
400 | 0.699629
416 | 0.722588
432 | 0.705862
448 | 0.694818
464 | 0.690409
480 | 0.694633
496 | 0.699058
512 | 0.702679
528 | 0.701718
544 | 0.699593
560 | 0.696683
576 | 0.694217
592 | 0.69681
608 | 0.699461
624 | 0.697654
640 | 0.692303
656 | 0.683887
672 | 0.668136
688 | 0.667605
704 | 0.667729
720 | 0.668987
736 | 0.674259
752 | 0.698649
768 | 0.712018
784 | 0.720258
800 | 0.724905
816 | 0.727313
832 | 0.724363
848 | 0.7208
864 | 0.710715
880 | 0.692513
896 | 0.67315
912 | 0.652358
928 | 0.628723
944 | 0.604304
960 | 0.579365
976 | 0.558253
992 | 0.541681
1008 | 0.524761
1024 | 0.513951
1040 | 0.500166
1056 | 0.482359
1072 | 0.46801
1088 | 0.457833
1104 | 0.443867
1120 | 0.42082
1136 | 0.391821
1152 | 0.366553
1168 | 0.342646
1184 | 0.332572
1200 | 0.335893
1216 | 0.346239
1232 | 0.365164
1248 | 0.387657
1264 | 0.418554
1280 | 0.458726
1296 | 0.494474
1312 | 0.519877
1328 | 0.536776
1344 | 0.552044
1360 | 0.571879
1376 | 0.588194
1392 | 0.599885
1408 | 0.611965
1424 | 0.625535
1440 | 0.639609
1456 | 0.650282
1472 | 0.65583
1488 | 0.654836
1504 | 0.653112
1520 | 0.62956
1536 | 0.594505
1552 | 0.546532
1568 | 0.497242
1584 | 0.442647
1600 | 0.381351
1616 | 0.321732
1632 | 0.265047
1648 | 0.214797
1664 | 0.163998
1680 | 0.110666
1696 | 0.0799593
1712 | 0.0757887
1728 | 0.0775923
1744 | 0.074726
1760 | 0.0725155
1776 | 0.0802736
1792 | 0.0993144
1808 | 0.119166
1824 | 0.136724
1840 | 0.155251
1856 | 0.155199
1872 | 0.183096
1888 | 0.210087
1904 | 0.229744
1920 | 0.24937
1936 | 0.273427
1952 | 0.296323
1968 | 0.320796
1984 | 0.348054
2000 | 0.374678
2016 | 0.376642
2032 | 0.359709
2048 | 0.342099
2064 | 0.330729
2080 | 0.323696
2096 | 0.3148
2112 | 0.391762
2128 | 0.391349
2144 | 0.392518
2160 | 0.40144
2176 | 0.435329
2192 | 0.446888
2208 | 0.464678
2224 | 0.495044
2240 | 0.51852
2256 | 0.533246
2272 | 0.546261
2288 | 0.660383
2304 | 0.677745
2320 | 0.703364
2336 | 0.746377
2352 | 0.800389
2368 | 0.85325
2384 | 0.906666
2400 | 0.958878
2416 | 1.00504
2432 | 0.930675
2448 | 0.952354
2464 | 0.977548
2480 | 0.995572
2496 | 1.00176
2512 | 1.09166
2528 | 1.07424
2544 | 1.03971
2560 | 0.999577
2576 | 0.960213
2592 | 0.92202
2608 | 0.792182
2624 | 0.869641
2640 | 0.83549
2656 | 0.804214
2672 | 0.771176
2688 | 0.73826
2704 | 0.704584
2720 | 0.677034
2736 | 0.653736
2752 | 0.634197
2768 | 0.619491
2784 | 0.609975
2800 | 0.6086
2816 | 0.605271
2832 | 0.514607
2848 | 0.545666
2864 | 0.595914
2880 | 0.650935
2896 | 0.708797
2912 | 0.767793
2928 | 0.820665
2944 | 0.727375
2960 | 0.76008
2976 | 0.781963
2992 | 0.800745
3008 | 0.83286
3024 | 0.858634
3040 | 0.871397
3056 | 0.874492
3072 | 0.84579
3088 | 0.803162
3104 | 0.759069
3120 | 0.712369
3136 | 0.671535
3152 | 0.627145
3168 | 0.58272
3184 | 0.540755
3200 | 0.511173
3216 | 0.496551
3232 | 0.492938
3248 | 0.507483
3264 | 0.509735
3280 | 0.530479
3296 | 0.557802
3312 | 0.566065
3328 | 0.550511
3344 | 0.511028
3360 | 0.472074
3376 | 0.431788
3392 | 0.421297
3408 | 0.41487
3424 | 0.407845
3440 | 0.404317
3456 | 0.405761
3472 | 0.410529
3488 | 0.406757
3504 | 0.395035
3520 | 0.374316
3536 | 0.341431
3552 | 0.300665
3568 | 0.241599
3584 | 0.20452
3600 | 0.138009
3616 | 0.0624643
3632 | 0.0376664
3648 | 0.0192724
3664 | 0.00734934
Valeur de l'integrale : 1844.83
