320 | 0.496798
336 | 0.542595
352 | 0.59924
368 | 0.634971
384 | 0.668231
400 | 0.699629
416 | 0.722588
432 | 0.705862
448 | 0.694818
464 | 0.690409
480 | 0.694633
496 | 0.699058
512 | 0.702679
528 | 0.701718
544 | 0.699593
560 | 0.696683
576 | 0.694217
592 | 0.69681
608 | 0.699461
624 | 0.697654
640 | 0.692303
656 | 0.683887
672 | 0.668136
688 | 0.667605
704 | 0.667729
720 | 0.668987
736 | 0.674259
752 | 0.698649
768 | 0.712018
784 | 0.720258
800 | 0.724905
816 | 0.727313
832 | 0.724363
848 | 0.7208
864 | 0.710715
880 | 0.692513
896 | 0.67315
912 | 0.652358
928 | 0.628723
944 | 0.604304
960 | 0.579365
976 | 0.558253
992 | 0.541681
1008 | 0.524761
1024 | 0.513951
1040 | 0.500166
1056 | 0.482359
1072 | 0.46801
1088 | 0.457833
1104 | 0.443867
1120 | 0.42082
1136 | 0.391821
1152 | 0.366553
1168 | 0.342646
1184 | 0.332572
1200 | 0.335893
1216 | 0.346239
1232 | 0.365164
1248 | 0.387657
1264 | 0.418554
1280 | 0.458726
1296 | 0.494474
1312 | 0.519877
1328 | 0.536776
1344 | 0.552044
1360 | 0.571879
1376 | 0.588194
1392 | 0.599885
1408 | 0.611965
1424 | 0.625535
1440 | 0.639609
1456 | 0.650282
1472 | 0.65583
1488 | 0.654836
1504 | 0.653112
1520 | 0.62956
1536 | 0.594505
1552 | 0.546532
1568 | 0.497242
1584 | 0.442647
1600 | 0.381351
1616 | 0.321732
1632 | 0.265047
1648 | 0.214797
1664 | 0.163998
1680 | 0.110666
1696 | 0.0799593
1712 | 0.0554413
1728 | 0.0366859
1744 | 0.020245
1760 | 0.00807865
1776 | 0.00141056
1792 | 0
1808 | 0
1824 | 0
1840 | 0
1856 | 0
1872 | 0
1888 | 0
1904 | 0
1920 | 0
1936 | 0
1952 | 0
1968 | 0
1984 | 0
2000 | 0
2016 | 0
2032 | 0
2048 | 0
2064 | 0
2080 | 0.00104577
2096 | 0.0054839
2112 | 0.0119627
2128 | 0.0239836
2144 | 0.0416774
2160 | 0.0656043
2176 | 0.0955956
2192 | 0.132674
2208 | 0.176186
2224 | 0.227755
2240 | 0.271857
2256 | 0.312614
2272 | 0.350217
2288 | 0.389206
2304 | 0.434722
2320 | 0.494119
2336 | 0.538709
2352 | 0.593341
2368 | 0.645032
2384 | 0.698702
2400 | 0.750623
2416 | 0.798876
2432 | 0.830928
2448 | 0.855835
2464 | 0.883027
2480 | 0.902168
2496 | 0.909436
2512 | 0.906982
2528 | 0.889783
2544 | 0.855794
2560 | 0.817731
2576 | 0.780412
2592 | 0.744204
2608 | 0.705061
2624 | 0.668095
2640 | 0.631035
2656 | 0.597365
2672 | 0.560252
2688 | 0.524772
2704 | 0.487147
2720 | 0.457014
2736 | 0.430407
2752 | 0.406472
2768 | 0.386839
2784 | 0.372337
2800 | 0.370172
2816 | 0.361044
2832 | 0.375967
2848 | 0.401795
2864 | 0.438802
2880 | 0.479736
2896 | 0.524469
2912 | 0.571461
2928 | 0.616673
2944 | 0.655216
2960 | 0.683671
2976 | 0.706038
2992 | 0.72497
3008 | 0.716363
3024 | 0.701051
3040 | 0.674248
3056 | 0.639689
3072 | 0.610841
3088 | 0.570416
3104 | 0.527471
3120 | 0.480119
3136 | 0.442778
3152 | 0.397568
3168 | 0.359009
3184 | 0.329512
3200 | 0.312469
3216 | 0.309591
3232 | 0.316275
3248 | 0.341585
3264 | 0.348521
3280 | 0.378439
3296 | 0.41132
3312 | 0.418488
3328 | 0.435045
3344 | 0.435168
3360 | 0.43509
3376 | 0.431788
3392 | 0.421297
3408 | 0.41487
3424 | 0.407845
3440 | 0.404317
3456 | 0.405761
3472 | 0.410529
3488 | 0.406757
3504 | 0.395035
3520 | 0.374316
3536 | 0.341431
3552 | 0.300665
3568 | 0.241599
3584 | 0.20452
3600 | 0.138009
3616 | 0.0624643
3632 | 0.0376664
3648 | 0.0192724
3664 | 0.00734934
Valeur de l'integrale : 1511.19
