0
0
0
0
0
0
0
0
0
0
0
0
0
0
0
0
0
0
0
0
0
0
0
0
0
0
0
0
0
0
0
0
0
0
0
0
0
0
0
0
0
0
0
0
0
0
0
0
0
0
0
0
0
0
0
0
0
0
0
0
0
0
0
0
0
0
0
0
0
0
0
0
0
0
0
0
0
0
0
0
0
0
0
0
0
0
0
0
0
0
0
0
0
0
0
0
0
0
0
0
0
0
0
0
0.13449
0.273161
0.340909
0.280242
0.250557
0.303923
0.372898
0.39834
0.373037
0.246994
0.294565
0.34656
0.467807
0.441176
0.438305
0.455397
0.467869
0.479035
0.507755
0.399859
0.21162
0
0
0
0
0.701887
0.802668
0.831369
0
0
0
0
0
0
0
0
0.758902
0.828676
0.768884
0
0
0
0
0
0
0
0
0
0
0
0.591159
0.63432
0.63432
0
0
0
0
0.784258
0.885383
1.04404
0
0
0
0
0
0
0
0
0
0
0
0.0410981
0.108613
0.185319
0.21968
0.2107
0.177355
0.147726
0.115177
0.0758808
0.0368098
0.300802
0.530822
0.687135
0.694783
0.510535
0.263381
0
0
0
0
0
0
0
0
0
0
0
0
0
0
0
0
0
0
0
0
0
0
0
0
0
0
0
0
0
0
0
0
0
0
0
0