0
0
0
0
0
0
0
0
0
0
0
0
0
0
0
0
0
0
0
0
0
0
0
0
0
0
0
0
0
0
0
0
0
0
0
0
0
0
0
0
0
0
0
0
0
0
0
0
0
0
0
0
0
0
0
0
0
0
0
0
0
0
0
0
0
0
0
0
0
0
0
0
0
0
0
0
0
0
0
0
0
0
0
0
0
0
0
0
0
0
0
0
0
0
0
0
0
0
0
0
0
0
0
0.0989888
0.201171
0.26971
0.304054
0.285596
0.292404
0.325776
0.376031
0.385043
0.281287
0.31623
0.347163
0.356185
0.459635
0.454956
0.438385
0.459708
0.482968
0.490332
0.419805
0.304054
0.158235
0
0
0
0.508071
0.559169
0.579111
0.593904
0
0
0
0
0
0
0
0.555525
0.592528
0.561317
0.55894
0
0
0
0
0
0
0
0
0
0
0.418148
0.457872
0.458179
0.458179
0
0
0
0.579374
0.633057
0.717267
0.817966
0
0
0
0
0
0
0
0
0
0
0.0298334
0.0893439
0.138244
0.191781
0.212074
0.190047
0.163232
0.137148
0.0916468
0.0602151
0.250503
0.426605
0.578818
0.685558
0.56213
0.385793
0.200302
0
0
0
0
0
0
0
0
0
0
0
0
0
0
0
0
0
0
0
0
0
0
0
0
0
0
0
0
0
0
0
0
0
0
0