0
0
0
0
0
0
0
0
0
0
0
0
0
0
0
0
0
0
0
0
0
0
0
0
0
0
0
0
0
0
0
0
0
0
0
0
0
0
0
0
0
0
0
0
0
0
0
0
0
0
0
0
0
0
0
0
0
0
0
0
0
0
0
0
0
0
0
0
0
0
0
0
0
0
0
0
0
0
0
0
0
0
0
0
0
0
0
0
0
0
0
0
0
0
0
0
0
0
0
0
0
0
0.0783158
0.159158
0.213474
0.253809
0.303954
0.312107
0.312107
0.33811
0.37008
0.307581
0.329888
0.354313
0.354718
0.36926
0.466793
0.45143
0.445521
0.473928
0.491362
0.423897
0.34204
0.245497
0.126359
0
0
0.398132
0.428841
0.440663
0.452956
0.461955
0
0
0
0
0
0
0.421248
0.460811
0.441996
0.440521
0.423033
0
0
0
0
0
0
0
0
0
0.323581
0.34675
0.358413
0.358601
0.358601
0
0
0.459367
0.492479
0.542192
0.602806
0.672372
0
0
0
0
0
0
0
0
0
0.0241966
0.0701498
0.118694
0.153215
0.191856
0.19517
0.176147
0.152251
0.11589
0.0774506
0.220912
0.366018
0.492318
0.601154
0.582479
0.454763
0.314424
0.161599
0
0
0
0
0
0
0
0
0
0
0
0
0
0
0
0
0
0
0
0
0
0
0
0
0
0
0
0
0
0
0
0
0
0