0
0
0
0
0
0
0
0
0
0
0
0
0
0
0
0
0
0
0
0
0
0
0
0
0
0
0
0
0
0
0
0
0
0
0
0
0
0
0
0
0
0
0
0
0
0
0
0
0
0
0
0
0
0
0
0
0
0
0
0
0
0
0
0
0
0
0
0
0
0
0
0
0
0
0
0
0
0
0
0
0
0
0
0
0
0
0
0
0
0
0
0
0
0
0
0
0
0
0
0
0
0.0647858
0.131661
0.176594
0.210031
0.261646
0.323029
0.325023
0.324684
0.340092
0.306961
0.344178
0.359523
0.359523
0.365734
0.390188
0.461793
0.454987
0.459968
0.482661
0.435879
0.359895
0.288785
0.205852
0.105204
0
0.327046
0.347782
0.355517
0.363604
0.371932
0.378119
0
0
0
0
0
0.350462
0.364446
0.364316
0.363507
0.351516
0.350493
0
0
0
0
0
0
0
0
0.265043
0.279108
0.286535
0.294452
0.294579
0.294664
0
0.380544
0.402989
0.435678
0.474138
0.519849
0.570776
0
0
0
0
0
0
0
0
0.0204017
0.0593188
0.0974421
0.135542
0.160435
0.181153
0.182768
0.165067
0.132918
0.101741
0.202972
0.3228
0.434446
0.528616
0.5204
0.491159
0.386231
0.265338
0.13547
0
0
0
0
0
0
0
0
0
0
0
0
0
0
0
0
0
0
0
0
0
0
0
0
0
0
0
0
0
0
0
0
0