0
0
0
0
0
0
0
0
0
0
0
0
0
0
0
0
0
0
0
0
0
0
0.00877835
0.0682885
0.136645
0.207922
0.28231
0.363329
0.470684
0.586572
0.670659
0.672
0.673347
0.674699
0.676056
0.672032
0.638795
0.58539
0.516194
0.419319
0.32283
0.220877
0.108953
0.0490547
0.0172162
0
0
0
0
0
0
0
0
0
0
0
0
0
0
0
0
0
0
0
0
0
0.213447
0.220403
0.298029
0.375047
0.459866
0.543277
0.911478
0.687107
0.829052
0.921512
1.00849
1.0736
1.32527
0.933876
1.0877
1.14772
1.14628
1.25575
1.16618
0.934359
1.02105
0.88584
0.748808
0.67106
0.512662
0.580358
0.564841
0.501922
0.421769
0.334318
0.243528
0.157133
0.0846658
0.0263574
0.00604118
0.223863
0.232712
0.226842
0.216062
0.2166
0.225392
0.221297
0
0
0
0
0
0
0
0
0
0
0
0
0
0
0
0
0
0.281834
0.301899
0.403354
0.518683
0.606942
0.642383
0.648191
0.560989
0.5656
0.474729
0.386035
0.570093
0.538168
0.48178
0.225542
0.241533
0.267031
0.293723
0.106726
0.138827
0.167902
0.200868
0.18355
0.164545
0.130274
0.0883852
0.0476839
0.0223622
0
0.0658904
0.134303
0.21962
0.320672
0.442254
0.591331
0.767947
0.720793
0.643682
0.534964
0.424424
0.312902
0.198828
0.100981
0.0325488
0.00176665
0
0.199628
0.361409
0.478683
0.777987
0.799448
0.728278
0.681441
0.513566
0.385336
0.272727
0
0
0
0
0