112 | 0.40409
128 | 0.395347
144 | 0.427355
160 | 0.46344
176 | 0.504687
192 | 0.549336
208 | 0.583257
224 | 0.625137
240 | 0.677092
256 | 0.722695
272 | 0.749379
288 | 0.753933
304 | 0.753933
320 | 0.753933
336 | 0.761172
352 | 0.767012
368 | 0.735968
384 | 0.681144
400 | 0.608796
416 | 0.509857
432 | 0.391521
448 | 0.246162
464 | 0.103146
480 | 0.0423389
496 | 0.0104575
512 | 0
528 | 0
544 | 0
560 | 0
576 | 0
592 | 0
608 | 0
624 | 0
640 | 0
656 | 0
672 | 0
688 | 0
704 | 0
720 | 0
736 | 0
752 | 0
768 | 0
784 | 0
800 | 0
816 | 0
832 | 0.00731605
848 | 0.0273658
864 | 0.055702
880 | 0.0999476
896 | 0.178598
912 | 0.298246
928 | 0.453938
944 | 0.591764
960 | 0.719182
976 | 0.827267
992 | 0.902763
1008 | 0.949398
1024 | 0.958466
1040 | 0.933553
1056 | 0.867686
1072 | 0.766109
1088 | 0.639323
1104 | 0.49445
1120 | 0.337235
1136 | 0.202863
1152 | 0.0996765
1168 | 0.0427729
1184 | 0.0161586
1200 | 0.00194437
1216 | 0
1232 | 0
1248 | 0
1264 | 0
1280 | 0
1296 | 0
1312 | 0
1328 | 0
1344 | 0
1360 | 0
1376 | 0
1392 | 0
1408 | 0
1424 | 0
1440 | 0
1456 | 0
1472 | 0
1488 | 0
1504 | 0
1520 | 0
1536 | 0
1552 | 0
1568 | 0
1584 | 0
1600 | 0.00212904
1616 | 0.0194025
1632 | 0.0528835
1648 | 0.109838
1664 | 0.185503
1680 | 0.274934
1696 | 0.407476
1712 | 0.534934
1728 | 0.614202
1744 | 0.681301
1760 | 0.757137
1776 | 0.798458
1792 | 0.814736
1808 | 0.825337
1824 | 0.845763
1840 | 0.878732
1856 | 0.910574
1872 | 0.932853
1888 | 0.949636
1904 | 0.95965
1920 | 0.945847
1936 | 0.88595
1952 | 0.823302
1968 | 0.796097
1984 | 0.793652
2000 | 0.793652
2016 | 0.793652
2032 | 0.824589
2048 | 0.892533
2064 | 0.941824
2080 | 0.942587
2096 | 0.909696
2112 | 0.855598
2128 | 0.781645
2144 | 0.685866
2160 | 0.563585
2176 | 0.43995
2192 | 0.347924
2208 | 0.280479
2224 | 0.233014
2240 | 0.19361
2256 | 0.16426
2272 | 0.161219
2288 | 0.197213
2304 | 0.265485
2320 | 0.401425
2336 | 0.521579
2352 | 0.610961
2368 | 0.693156
2384 | 0.747218
2400 | 0.731573
2416 | 0.695273
2432 | 0.623614
2448 | 0.549413
2464 | 0.502263
2480 | 0.500675
2496 | 0.569115
2512 | 0.65336
2528 | 0.741952
2544 | 0.834471
2560 | 0.908744
2576 | 0.93947
2592 | 0.912874
2608 | 0.844507
2624 | 0.738391
2640 | 0.603459
2656 | 0.438013
2672 | 0.230384
2688 | 0.121765
2704 | 0.0462185
2720 | 0.0090036
2736 | 0
2752 | 0
2768 | 0
2784 | 0
2800 | 0
2816 | 0
2832 | 0
2848 | 0
2864 | 0
2880 | 0.00670156
2896 | 0.0312081
2912 | 0.0745517
2928 | 0.209587
2944 | 0.342073
2960 | 0.485151
2976 | 0.599143
2992 | 0.708211
3008 | 0.70673
3024 | 0.678089
3040 | 0.622044
3056 | 0.513355
3072 | 0.295836
Valeur de l'integrale : 1133.65
