0
0
0
0
0
0
0
0
0
0
0
0
0
0
0
0
0
0
0
0
0
0.00734113
0.0610128
0.121862
0.185
0.250585
0.318762
0.393454
0.491905
0.596546
0.671329
0.672504
0.673684
0.674868
0.672535
0.643446
0.596687
0.536078
0.451197
0.366612
0.275921
0.163999
0.0844
0.0406693
0.0144479
0
0
0
0
0
0
0
0
0
0
0
0
0
0
0
0
0
0
0
0
0.187054
0.191977
0.25749
0.324805
0.397638
0.469203
0.780406
0.830869
0.735888
0.859551
0.93381
1.00347
1.2164
1.14226
1.00263
1.13334
1.13538
1.22271
1.13966
1.0873
0.887419
0.962876
0.844377
0.727697
0.66857
0.5224
0.562436
0.510273
0.440834
0.365117
0.28696
0.21426
0.13958
0.0713386
0.0223891
0.201456
0.202504
0.196429
0.19223
0.194265
0.191188
0.188233
0.185368
0
0
0
0
0
0
0
0
0
0
0
0
0
0
0
0
0.238106
0.25227
0.333703
0.424678
0.51157
0.570554
0.58606
0.788873
0.499898
0.485665
0.408702
0.556587
0.512503
0.449798
0.404448
0.216886
0.231831
0.254862
0.288969
0.126694
0.143997
0.1711
0.180592
0.165017
0.13596
0.108488
0.0742574
0.0403812
0.0190746
0.0600725
0.122859
0.1861
0.267957
0.363483
0.476413
0.603747
0.733523
0.658046
0.564732
0.468001
0.370239
0.269127
0.17431
0.0900196
0.0292837
0.00154125
0.17566
0.319566
0.420309
0.68918
0.717149
0.665671
0.612847
0.579513
0.463678
0.345832
0.242935
0
0
0
0