0
0
0
0
0
0
0
0
0
0
0
0
0
0
0
0
0
0
0
0
0.00626918
0.0524487
0.109927
0.166631
0.22527
0.285989
0.349319
0.418284
0.509151
0.60452
0.671851
0.672897
0.673947
0.671875
0.647065
0.605481
0.551563
0.476033
0.400738
0.319088
0.211454
0.130035
0.0710554
0.0345821
0.0121614
0
0
0
0
0
0
0
0
0
0
0
0
0
0
0
0
0
0
0
0.166227
0.170358
0.228215
0.285832
0.350243
0.412836
0.681291
0.720552
0.856455
0.774719
0.878186
0.938959
1.1372
1.0687
1.17892
1.05492
1.12405
1.20446
1.12339
1.07342
1.02824
0.851049
0.91801
0.815137
0.71976
0.662289
0.512299
0.514576
0.455404
0.388598
0.31943
0.256424
0.192823
0.119602
0.0616364
0.195346
0.184429
0.174462
0.169934
0.174782
0.173574
0.163765
0.161592
0.159476
0
0
0
0
0
0
0
0
0
0
0
0
0
0
0
0.206124
0.216655
0.284564
0.359519
0.429656
0.491877
0.529138
0.720688
0.710541
0.436414
0.425526
0.557596
0.507099
0.4382
0.386356
0.374367
0.211009
0.225083
0.254827
0.287615
0.132738
0.149016
0.156165
0.164654
0.139841
0.115837
0.0929442
0.0640237
0.0350182
0.0724799
0.112833
0.171426
0.230127
0.308529
0.398892
0.497395
0.592682
0.675674
0.586448
0.501896
0.414873
0.324092
0.239556
0.157479
0.0820111
0.0259702
0.158149
0.287078
0.378884
0.610234
0.641009
0.607611
0.567901
0.529146
0.530599
0.422706
0.313675
0.218824
0
0
0