0
0
0
0
0
0
0
0
0
0
0
0
0
0
0
0
0
0
0
0
0
0
0
0
0
0
0
0
0.0495356
0.323529
0.666667
0.666667
0.666667
0.666667
0.676056
0.676056
0.676056
0.676056
0.676056
0.676056
0.676056
0.647887
0.445605
0.305556
0.194444
0
0
0
0
0
0
0
0
0
0
0
0
0
0
0
0
0
0
0
0
0
0
0
0
0
0
0
1.95602
0
0.497905
0.497905
0.555472
0.533084
3.56448
0
1.03104
1.05482
1.00559
0.974162
2.17048
0
1.42154
1.45642
1.05469
1.92655
0
0.546779
0.564417
0.564417
0.565284
0.582278
0.64989
0.603499
0.428324
0.145053
0.0441628
0
0
0
0
0
0
2.21548
0
0
0
0
0
0
0
0
0
0
0
0
0
0
0
0
0
0
0
0
0
0
0
2.88866
0
0.562081
0.565284
0.467408
0.350743
0.255281
1.95602
0
0
0
2.22391
0
0
0
0.162134
0.167832
0.172414
0.254531
0.276498
0.184049
0.197704
0
0
0
0
0
0
0
0.832944
0.756423
0.773109
0.773109
0.773109
0.773109
0.70063
0.495273
0.217437
0.0120798
0
0
0
0
0
0
0
0.974162
0.902609
0.71841
3.55208
0
0
0
0
0
0
0
0
0
0
0