0
0
0
0
0
0
0
0
0
0
0
0
0
0
0
0
0
0
0
0.00547414
0.045743
0.0955806
0.151531
0.204601
0.259326
0.316184
0.375061
0.439104
0.523443
0.61104
0.672269
0.673212
0.671348
0.649047
0.612521
0.563963
0.495929
0.428084
0.353849
0.250859
0.170942
0.110895
0.0611064
0.0294313
0.0105248
0
0
0
0
0
0
0
0
0
0
0
0
0
0
0
0
0
0
0.148266
0.152909
0.205252
0.256776
0.312352
0.368559
0.60442
0.635227
0.755563
0.878485
0.801611
0.889047
1.0639
1.01387
1.11009
1.20893
1.05489
1.1871
1.11648
1.06601
1.02227
0.981164
0.822169
0.884862
0.80012
0.709899
0.639426
0.473546
0.465041
0.407129
0.34506
0.289027
0.233445
0.167728
0.104626
0.216254
0.180488
0.161441
0.153241
0.156153
0.157852
0.150668
0.143222
0.141557
0.139931
0
0
0
0
0
0
0
0
0
0
0
0
0
0
0.186903
0.189852
0.248039
0.311695
0.370355
0.421379
0.464588
0.656961
0.654746
0.627331
0.387236
0.558052
0.513317
0.441246
0.382714
0.361523
0.351616
0.206978
0.2279
0.256929
0.277456
0.138376
0.137559
0.144103
0.142266
0.12133
0.100903
0.0812965
0.056269
0.082619
0.119953
0.158402
0.213243
0.26801
0.343069
0.4229
0.497213
0.557948
0.608788
0.527849
0.450602
0.368247
0.291981
0.218727
0.144893
0.0736747
0.163882
0.261737
0.34559
0.553397
0.572162
0.552053
0.525095
0.4953
0.488064
0.489382
0.388386
0.286777
0.210321
0
0