160 | 0.413493
176 | 0.434162
192 | 0.490397
208 | 0.540518
224 | 0.57602
240 | 0.602477
256 | 0.628104
272 | 0.665567
288 | 0.704421
304 | 0.735386
320 | 0.753724
336 | 0.760389
352 | 0.758783
368 | 0.735666
384 | 0.704104
400 | 0.659477
416 | 0.596649
432 | 0.524035
448 | 0.444257
464 | 0.353937
480 | 0.256104
496 | 0.167144
512 | 0.0731707
528 | 0.032694
544 | 0.00803697
560 | 0
576 | 0
592 | 0
608 | 0
624 | 0
640 | 0
656 | 0
672 | 0
688 | 0
704 | 0
720 | 0
736 | 0
752 | 0
768 | 0
784 | 0
800 | 0
816 | 0
832 | 0.00589722
848 | 0.0225333
864 | 0.046657
880 | 0.0838207
896 | 0.138858
912 | 0.215508
928 | 0.320852
944 | 0.433956
960 | 0.542272
976 | 0.63544
992 | 0.720084
1008 | 0.802368
1024 | 0.865421
1040 | 0.896056
1056 | 0.883864
1072 | 0.831217
1088 | 0.749969
1104 | 0.65742
1120 | 0.559335
1136 | 0.45658
1152 | 0.349111
1168 | 0.242183
1184 | 0.149322
1200 | 0.0733522
1216 | 0.0303221
1232 | 0.0111342
1248 | 0.00134811
1264 | 0
1280 | 0
1296 | 0
1312 | 0
1328 | 0
1344 | 0
1360 | 0
1376 | 0
1392 | 0
1408 | 0
1424 | 0
1440 | 0
1456 | 0
1472 | 0
1488 | 0
1504 | 0
1520 | 0
1536 | 0
1552 | 0
1568 | 0
1584 | 0
1600 | 0.00149738
1616 | 0.0132638
1632 | 0.0361704
1648 | 0.0757351
1664 | 0.12988
1680 | 0.197219
1696 | 0.299195
1712 | 0.393948
1728 | 0.449104
1744 | 0.50793
1760 | 0.595188
1776 | 0.674007
1792 | 0.735623
1808 | 0.793234
1824 | 0.834125
1840 | 0.859263
1856 | 0.876431
1872 | 0.890982
1888 | 0.909974
1904 | 0.92974
1920 | 0.928515
1936 | 0.893984
1952 | 0.861204
1968 | 0.852768
1984 | 0.853211
2000 | 0.853211
2016 | 0.853211
2032 | 0.853211
2048 | 0.853211
2064 | 0.846352
2080 | 0.847188
2096 | 0.868215
2112 | 0.876848
2128 | 0.849327
2144 | 0.794793
2160 | 0.725272
2176 | 0.640698
2192 | 0.53955
2208 | 0.423746
2224 | 0.327453
2240 | 0.271082
2256 | 0.238142
2272 | 0.225999
2288 | 0.232008
2304 | 0.250503
2320 | 0.31806
2336 | 0.395267
2352 | 0.470034
2368 | 0.540423
2384 | 0.58867
2400 | 0.616736
2416 | 0.642229
2432 | 0.649015
2448 | 0.627306
2464 | 0.615238
2480 | 0.605119
2496 | 0.621609
2512 | 0.646242
2528 | 0.678765
2544 | 0.719361
2560 | 0.767962
2576 | 0.803401
2592 | 0.829077
2608 | 0.831231
2624 | 0.801577
2640 | 0.744375
2656 | 0.660836
2672 | 0.56214
2688 | 0.448539
2704 | 0.316383
2720 | 0.16072
2736 | 0.0853026
2752 | 0.0322682
2768 | 0.00619771
2784 | 0
2800 | 0
2816 | 0
2832 | 0
2848 | 0
2864 | 0
2880 | 0.00483826
2896 | 0.0221989
2912 | 0.0533564
2928 | 0.158872
2944 | 0.263589
2960 | 0.355281
2976 | 0.406341
2992 | 0.453033
3008 | 0.509862
3024 | 0.560109
3040 | 0.617701
3056 | 0.599198
3072 | 0.507072
Valeur de l'integrale : 1122.26
