0
0
0
0
0
0
0
0
0
0
0
0
0
0
0
0
0
0
0.00485805
0.0405824
0.0841157
0.133052
0.187349
0.237211
0.288791
0.34204
0.397043
0.456812
0.535481
0.616471
0.672611
0.670918
0.650666
0.617495
0.574117
0.512224
0.450489
0.38244
0.284102
0.206148
0.147407
0.096299
0.0525097
0.0256742
0.00937592
0
0
0
0
0
0
0
0
0
0
0
0
0
0
0
0
0
0.131225
0.137579
0.186262
0.233427
0.283434
0.332287
0.543137
0.567886
0.675106
0.785272
0.892129
0.819612
1.00567
0.96046
1.05712
1.14394
1.19276
1.11948
1.10849
1.06498
1.02061
0.980462
0.942898
0.800735
0.865765
0.785124
0.685433
0.591493
0.431584
0.420445
0.365835
0.315357
0.265638
0.205858
0.148413
0.244935
0.201179
0.159987
0.143549
0.141945
0.142499
0.138679
0.133103
0.127259
0.125943
0.124653
0
0
0
0
0
0
0
0
0
0
0
0
0
0.172538
0.173425
0.219824
0.275101
0.325437
0.368555
0.404691
0.583191
0.601718
0.583435
0.561567
0.511227
0.517916
0.452942
0.39053
0.360532
0.342259
0.334261
0.211194
0.23216
0.250475
0.270974
0.128442
0.128113
0.126659
0.125238
0.107146
0.0893796
0.0722431
0.0987477
0.125408
0.16149
0.198088
0.249625
0.300952
0.367813
0.428234
0.475159
0.511702
0.552964
0.478893
0.404495
0.335025
0.268891
0.202859
0.131524
0.1931
0.257999
0.31869
0.50722
0.521904
0.500216
0.483081
0.462422
0.459125
0.452972
0.454107
0.358987
0.277098
0.198564
0