176 | 0.434309
192 | 0.46085
208 | 0.514042
224 | 0.553707
240 | 0.586001
256 | 0.618406
272 | 0.642937
288 | 0.672059
304 | 0.710905
320 | 0.73947
336 | 0.755966
352 | 0.759789
368 | 0.739751
384 | 0.705744
400 | 0.663538
416 | 0.61518
432 | 0.552176
448 | 0.472565
464 | 0.400688
480 | 0.314868
496 | 0.240277
512 | 0.156177
528 | 0.0680831
544 | 0.0303866
560 | 0.00746872
576 | 0
592 | 0
608 | 0
624 | 0
640 | 0
656 | 0
672 | 0
688 | 0
704 | 0
720 | 0
736 | 0
752 | 0
768 | 0
784 | 0
800 | 0
816 | 0
832 | 0.00554353
848 | 0.0212838
864 | 0.0442612
880 | 0.079779
896 | 0.132544
912 | 0.206268
928 | 0.305904
944 | 0.394524
960 | 0.493409
976 | 0.588705
992 | 0.670491
1008 | 0.745422
1024 | 0.810749
1040 | 0.855507
1056 | 0.859938
1072 | 0.829865
1088 | 0.770564
1104 | 0.689414
1120 | 0.602295
1136 | 0.511486
1152 | 0.417077
1168 | 0.32569
1184 | 0.224725
1200 | 0.134886
1216 | 0.0662902
1232 | 0.0276159
1248 | 0.0101286
1264 | 0.00127447
1280 | 0
1296 | 0
1312 | 0
1328 | 0
1344 | 0
1360 | 0
1376 | 0
1392 | 0
1408 | 0
1424 | 0
1440 | 0
1456 | 0
1472 | 0
1488 | 0
1504 | 0
1520 | 0
1536 | 0
1552 | 0
1568 | 0
1584 | 0
1600 | 0.00137583
1616 | 0.0123095
1632 | 0.0327216
1648 | 0.0685623
1664 | 0.117462
1680 | 0.178086
1696 | 0.271675
1712 | 0.362312
1728 | 0.415842
1744 | 0.465524
1760 | 0.543642
1776 | 0.624083
1792 | 0.688359
1808 | 0.750662
1824 | 0.81235
1840 | 0.849819
1856 | 0.871466
1872 | 0.886615
1888 | 0.899473
1904 | 0.916069
1920 | 0.918692
1936 | 0.890379
1952 | 0.86168
1968 | 0.856804
1984 | 0.86313
2000 | 0.864977
2016 | 0.864977
2032 | 0.864977
2048 | 0.864977
2064 | 0.859044
2080 | 0.84161
2096 | 0.832418
2112 | 0.844214
2128 | 0.84562
2144 | 0.812962
2160 | 0.753857
2176 | 0.680485
2192 | 0.593354
2208 | 0.494011
2224 | 0.394154
2240 | 0.311527
2256 | 0.262549
2272 | 0.242753
2288 | 0.24978
2304 | 0.264384
2320 | 0.317762
2336 | 0.378888
2352 | 0.438269
2368 | 0.496314
2384 | 0.549588
2400 | 0.581647
2416 | 0.598896
2432 | 0.613337
2448 | 0.624188
2464 | 0.619674
2480 | 0.629223
2496 | 0.646367
2512 | 0.66316
2528 | 0.683943
2544 | 0.711882
2560 | 0.747134
2576 | 0.770941
2592 | 0.785407
2608 | 0.792919
2624 | 0.781636
2640 | 0.749488
2656 | 0.695828
2672 | 0.615105
2688 | 0.520709
2704 | 0.413182
2720 | 0.289579
2736 | 0.145983
2752 | 0.0773911
2768 | 0.0289664
2784 | 0.00563857
2800 | 0
2816 | 0
2832 | 0
2848 | 0
2864 | 0
2880 | 0.00444802
2896 | 0.0203465
2912 | 0.0486696
2928 | 0.143954
2944 | 0.242499
2960 | 0.331698
2976 | 0.382248
2992 | 0.419327
3008 | 0.452658
3024 | 0.494433
3040 | 0.541205
3056 | 0.583172
3072 | 0.50599
Valeur de l'integrale : 1117.06
