192 | 0.460461
208 | 0.484165
224 | 0.527463
240 | 0.564045
256 | 0.601389
272 | 0.632224
288 | 0.650564
304 | 0.681034
320 | 0.716905
336 | 0.742827
352 | 0.755787
368 | 0.742413
384 | 0.712378
400 | 0.66833
416 | 0.62266
432 | 0.573917
448 | 0.503444
464 | 0.430242
480 | 0.360943
496 | 0.297484
512 | 0.226292
528 | 0.14656
544 | 0.0636569
560 | 0.0284094
576 | 0.00697553
592 | 0
608 | 0
624 | 0
640 | 0
656 | 0
672 | 0
688 | 0
704 | 0
720 | 0
736 | 0
752 | 0
768 | 0
784 | 0
800 | 0
816 | 0
832 | 0.00522987
848 | 0.0201775
864 | 0.0421048
880 | 0.0761091
896 | 0.126779
912 | 0.197787
928 | 0.294332
944 | 0.378147
960 | 0.453152
976 | 0.540965
992 | 0.62602
1008 | 0.698872
1024 | 0.757614
1040 | 0.805529
1056 | 0.82478
1072 | 0.811364
1088 | 0.773569
1104 | 0.714119
1120 | 0.637096
1136 | 0.55576
1152 | 0.471607
1168 | 0.391981
1184 | 0.304738
1200 | 0.204987
1216 | 0.122995
1232 | 0.060868
1248 | 0.0253337
1264 | 0.00962711
1280 | 0.00120482
1296 | 0
1312 | 0
1328 | 0
1344 | 0
1360 | 0
1376 | 0
1392 | 0
1408 | 0
1424 | 0
1440 | 0
1456 | 0
1472 | 0
1488 | 0
1504 | 0
1520 | 0
1536 | 0
1552 | 0
1568 | 0
1584 | 0
1600 | 0.00123669
1616 | 0.0114008
1632 | 0.0305784
1648 | 0.0626306
1664 | 0.107211
1680 | 0.162315
1696 | 0.248164
1712 | 0.332509
1728 | 0.3845
1744 | 0.433283
1760 | 0.503025
1776 | 0.575493
1792 | 0.640621
1808 | 0.705926
1824 | 0.772848
1840 | 0.829289
1856 | 0.862237
1872 | 0.881222
1888 | 0.894775
1904 | 0.906292
1920 | 0.906506
1936 | 0.884495
1952 | 0.86117
1968 | 0.857502
1984 | 0.866092
2000 | 0.872892
2016 | 0.874568
2032 | 0.874568
2048 | 0.874568
2064 | 0.869351
2080 | 0.85405
2096 | 0.828178
2112 | 0.812114
2128 | 0.81741
2144 | 0.812443
2160 | 0.774941
2176 | 0.711664
2192 | 0.635171
2208 | 0.548227
2224 | 0.463049
2240 | 0.374855
2256 | 0.299531
2272 | 0.264472
2288 | 0.263923
2304 | 0.278442
2320 | 0.324489
2336 | 0.373489
2352 | 0.419796
2368 | 0.465247
2384 | 0.508561
2400 | 0.546267
2416 | 0.567876
2432 | 0.576061
2448 | 0.593385
2464 | 0.617219
2480 | 0.632507
2496 | 0.663765
2512 | 0.681179
2528 | 0.695827
2544 | 0.713752
2560 | 0.73821
2576 | 0.750937
2592 | 0.756256
2608 | 0.754701
2624 | 0.749278
2640 | 0.734234
2656 | 0.703756
2672 | 0.653225
2688 | 0.575294
2704 | 0.484966
2720 | 0.382992
2736 | 0.266929
2752 | 0.133462
2768 | 0.0701361
2784 | 0.0265678
2800 | 0.00522967
2816 | 0
2832 | 0
2848 | 0
2864 | 0
2880 | 0.00411603
2896 | 0.0187818
2912 | 0.0448213
2928 | 0.132776
2944 | 0.222337
2960 | 0.3081
2976 | 0.358613
2992 | 0.396153
3008 | 0.421239
3024 | 0.44272
3040 | 0.479644
3056 | 0.514733
3072 | 0.496776
Valeur de l'integrale : 1111.79
