208 | 0.483379
224 | 0.497969
240 | 0.538324
256 | 0.579419
272 | 0.614986
288 | 0.639695
304 | 0.660561
320 | 0.689138
336 | 0.721919
352 | 0.743701
368 | 0.739843
384 | 0.71723
400 | 0.67789
416 | 0.630268
432 | 0.58414
448 | 0.527931
464 | 0.462557
480 | 0.39093
496 | 0.342934
512 | 0.281919
528 | 0.213846
544 | 0.13806
560 | 0.0598218
576 | 0.0266738
592 | 0.00654343
608 | 0
624 | 0
640 | 0
656 | 0
672 | 0
688 | 0
704 | 0
720 | 0
736 | 0
752 | 0
768 | 0
784 | 0
800 | 0
816 | 0
832 | 0.0049498
848 | 0.0191806
864 | 0.0401699
880 | 0.0727703
896 | 0.121495
912 | 0.189977
928 | 0.283603
944 | 0.365348
960 | 0.436191
976 | 0.500918
992 | 0.579872
1008 | 0.656663
1024 | 0.71373
1040 | 0.756327
1056 | 0.780288
1072 | 0.781711
1088 | 0.759963
1104 | 0.720598
1120 | 0.664626
1136 | 0.592217
1152 | 0.516327
1168 | 0.445881
1184 | 0.369212
1200 | 0.280622
1216 | 0.188436
1232 | 0.11372
1248 | 0.0562256
1264 | 0.0241809
1280 | 0.00914774
1296 | 0.00110477
1312 | 0
1328 | 0
1344 | 0
1360 | 0
1376 | 0
1392 | 0
1408 | 0
1424 | 0
1440 | 0
1456 | 0
1472 | 0
1488 | 0
1504 | 0
1520 | 0
1536 | 0
1552 | 0
1568 | 0
1584 | 0
1600 | 0.00113104
1616 | 0.0103424
1632 | 0.0285095
1648 | 0.0588859
1664 | 0.0986059
1680 | 0.149109
1696 | 0.22837
1712 | 0.306536
1728 | 0.354665
1744 | 0.402595
1760 | 0.47162
1776 | 0.536585
1792 | 0.593836
1808 | 0.660372
1824 | 0.731037
1840 | 0.792414
1856 | 0.842918
1872 | 0.872306
1888 | 0.8892
1904 | 0.90146
1920 | 0.897803
1936 | 0.874734
1952 | 0.858018
1968 | 0.857371
1984 | 0.866232
2000 | 0.875003
2016 | 0.881002
2032 | 0.882536
2048 | 0.882536
2064 | 0.877887
2080 | 0.864273
2096 | 0.841275
2112 | 0.809454
2128 | 0.789107
2144 | 0.788398
2160 | 0.777289
2176 | 0.735369
2192 | 0.668606
2208 | 0.591329
2224 | 0.517192
2240 | 0.441299
2256 | 0.358199
2272 | 0.297934
2288 | 0.283097
2304 | 0.28995
2320 | 0.332902
2336 | 0.375329
2352 | 0.411698
2368 | 0.446259
2384 | 0.479086
2400 | 0.508628
2416 | 0.536059
2432 | 0.54881
2448 | 0.560286
2464 | 0.588909
2480 | 0.629486
2496 | 0.664789
2512 | 0.693762
2528 | 0.709205
2544 | 0.722185
2560 | 0.737912
2576 | 0.742141
2592 | 0.7384
2608 | 0.729404
2624 | 0.716475
2640 | 0.707005
2656 | 0.692252
2672 | 0.663284
2688 | 0.615538
2704 | 0.540323
2720 | 0.453816
2736 | 0.356875
2752 | 0.247152
2768 | 0.12181
2784 | 0.064778
2800 | 0.0247887
2816 | 0.00490938
2832 | 0
2848 | 0
2864 | 0
2880 | 0.00383016
2896 | 0.0174406
2912 | 0.0415418
2928 | 0.123409
2944 | 0.206912
2960 | 0.285112
2976 | 0.334732
2992 | 0.373226
3008 | 0.39944
3024 | 0.413938
3040 | 0.430826
3056 | 0.458735
3072 | 0.44675
Valeur de l'integrale : 1106.99
