0
0
0
0
0
0
0
0
0
0
0
0
0
0
0
0
0.00402296
0.0335923
0.0679111
0.1061
0.148198
0.194955
0.246076
0.290831
0.336769
0.384007
0.432602
0.48532
0.554636
0.622984
0.653149
0.625126
0.588481
0.536746
0.485012
0.426695
0.337103
0.263637
0.207897
0.158393
0.112735
0.0737864
0.0415394
0.0208401
0.0076786
0
0
0
0
0
0
0
0
0
0
0
0
0
0
0
0.106699
0.110861
0.152469
0.195766
0.239506
0.280615
0.45242
0.467815
0.556435
0.646399
0.735379
0.821476
1.00044
0.856898
0.961435
1.04164
1.0894
1.1865
1.17011
1.00982
1.02409
0.988347
0.950805
0.918497
0.895295
0.777815
0.817688
0.708222
0.58955
0.496671
0.35868
0.353922
0.314253
0.263082
0.213876
0.299263
0.258849
0.206474
0.162914
0.134682
0.123943
0.117172
0.114034
0.111575
0.107937
0.104061
0.10318
0.105258
0
0
0
0
0
0
0
0
0
0
0
0.149501
0.150228
0.188714
0.227866
0.261908
0.294675
0.321732
0.458312
0.478914
0.489925
0.491337
0.626903
0.624988
0.429545
0.417186
0.384602
0.352517
0.329069
0.321741
0.323739
0.214074
0.226203
0.231327
0.237306
0.10779
0.102912
0.101971
0.101048
0.0868427
0.115352
0.145727
0.171683
0.196999
0.230503
0.263844
0.305666
0.335222
0.36642
0.387963
0.411228
0.436731
0.461403
0.400844
0.346157
0.291699
0.231477
0.274613
0.307083
0.323922
0.451166
0.446353
0.428825
0.412189
0.397476
0.402053
0.403172
0.400719
0.395807
0.411955
0.333068
0.228737