224 | 0.49699
240 | 0.509432
256 | 0.553941
272 | 0.593183
288 | 0.622733
304 | 0.649428
320 | 0.669599
336 | 0.696002
352 | 0.724287
368 | 0.729384
384 | 0.716471
400 | 0.685286
416 | 0.642504
432 | 0.594054
448 | 0.540699
464 | 0.488711
480 | 0.423903
496 | 0.372892
512 | 0.326637
528 | 0.267901
544 | 0.202697
560 | 0.13059
576 | 0.0564226
592 | 0.0251381
608 | 0.00616175
624 | 0
640 | 0
656 | 0
672 | 0
688 | 0
704 | 0
720 | 0
736 | 0
752 | 0
768 | 0
784 | 0
800 | 0
816 | 0
832 | 0.0046982
848 | 0.0182775
864 | 0.038405
880 | 0.0697453
896 | 0.116646
912 | 0.18276
928 | 0.273629
944 | 0.353388
960 | 0.422834
976 | 0.483846
992 | 0.540583
1008 | 0.612291
1024 | 0.673609
1040 | 0.71529
1056 | 0.735826
1072 | 0.742874
1088 | 0.73538
1104 | 0.711026
1120 | 0.673703
1136 | 0.621605
1152 | 0.553665
1168 | 0.490569
1184 | 0.422274
1200 | 0.342627
1216 | 0.260044
1232 | 0.175336
1248 | 0.105675
1264 | 0.0538562
1280 | 0.02307
1296 | 0.00845047
1312 | 0.00102183
1328 | 0
1344 | 0
1360 | 0
1376 | 0
1392 | 0
1408 | 0
1424 | 0
1440 | 0
1456 | 0
1472 | 0
1488 | 0
1504 | 0
1520 | 0
1536 | 0
1552 | 0
1568 | 0
1584 | 0
1600 | 0.00103529
1616 | 0.00952575
1632 | 0.0260652
1648 | 0.0552273
1664 | 0.0931125
1680 | 0.137891
1696 | 0.2115
1712 | 0.284295
1728 | 0.328416
1744 | 0.373102
1760 | 0.441297
1776 | 0.506089
1792 | 0.556039
1808 | 0.615433
1824 | 0.688091
1840 | 0.753162
1856 | 0.808427
1872 | 0.85412
1888 | 0.880636
1904 | 0.895845
1920 | 0.893908
1936 | 0.867967
1952 | 0.850045
1968 | 0.85471
1984 | 0.865453
2000 | 0.874695
2016 | 0.882491
2032 | 0.887847
2048 | 0.889261
2064 | 0.885074
2080 | 0.872822
2096 | 0.852139
2112 | 0.823595
2128 | 0.788054
2144 | 0.763743
2160 | 0.757028
2176 | 0.740314
2192 | 0.694652
2208 | 0.626417
2224 | 0.560862
2240 | 0.494371
2256 | 0.4209
2272 | 0.351824
2288 | 0.313534
2304 | 0.306543
2320 | 0.340302
2336 | 0.379718
2352 | 0.41072
2368 | 0.436911
2384 | 0.460553
2400 | 0.481228
2416 | 0.501865
2432 | 0.520355
2448 | 0.535695
2464 | 0.558046
2480 | 0.601782
2496 | 0.660442
2512 | 0.693178
2528 | 0.718387
2544 | 0.732253
2560 | 0.7439
2576 | 0.741572
2592 | 0.730951
2608 | 0.714293
2624 | 0.695164
2640 | 0.678953
2656 | 0.669247
2672 | 0.654812
2688 | 0.627214
2704 | 0.581963
2720 | 0.50936
2736 | 0.426384
2752 | 0.333601
2768 | 0.228287
2784 | 0.113098
2800 | 0.0607553
2816 | 0.0233803
2832 | 0.0045546
2848 | 0
2864 | 0
2880 | 0.00358142
2896 | 0.0162781
2912 | 0.0387094
2928 | 0.115289
2944 | 0.193773
2960 | 0.267234
2976 | 0.311242
2992 | 0.349863
3008 | 0.377713
3024 | 0.393808
3040 | 0.403522
3056 | 0.413881
3072 | 0.403952
Valeur de l'integrale : 1102.93
