0
0
0
0
0
0
0
0
0
0
0
0
0
0
0
0.00367999
0.0307231
0.0628029
0.0963657
0.133972
0.175227
0.220984
0.270508
0.31301
0.35656
0.40127
0.447187
0.496964
0.560584
0.61101
0.628118
0.594111
0.546102
0.498093
0.44417
0.358568
0.287411
0.233232
0.184706
0.139257
0.100248
0.0667447
0.0377935
0.0189949
0.00683844
0
0
0
0
0
0
0
0
0
0
0
0
0
0
0.0975796
0.10105
0.13873
0.177801
0.220771
0.260274
0.418997
0.431634
0.510746
0.593852
0.675598
0.75479
0.91941
0.923033
0.903565
0.998619
1.0427
1.13944
1.12114
1.12331
0.977374
0.991489
0.958307
0.92532
0.901577
0.878211
0.75471
0.768614
0.658002
0.544515
0.456093
0.334205
0.331747
0.285342
0.23931
0.318952
0.282543
0.234984
0.187954
0.153371
0.125411
0.112106
0.106266
0.103679
0.101642
0.0986143
0.0953691
0.0971418
0.0990248
0
0
0
0
0
0
0
0
0
0
0.13623
0.140751
0.176918
0.213662
0.243697
0.267831
0.291821
0.413989
0.430725
0.439611
0.448872
0.587751
0.590071
0.565879
0.39045
0.397017
0.367659
0.338881
0.323811
0.318534
0.313772
0.213028
0.213306
0.218379
0.214087
0.0977224
0.0936961
0.0929161
0.0921489
0.119148
0.14765
0.177374
0.202585
0.22717
0.259481
0.287467
0.315977
0.328797
0.346114
0.364512
0.38441
0.403396
0.428401
0.375952
0.326489
0.270619
0.309371
0.338461
0.348387
0.454106
0.430746
0.401403
0.386014
0.372553
0.373839
0.377934
0.378923
0.376559
0.385847
0.395753
0.293292