240 | 0.508321
256 | 0.525445
272 | 0.568065
288 | 0.601408
304 | 0.632666
320 | 0.658335
336 | 0.677363
352 | 0.700036
368 | 0.711737
384 | 0.707942
400 | 0.686598
416 | 0.652267
432 | 0.608503
448 | 0.552804
464 | 0.503219
480 | 0.451084
496 | 0.405943
512 | 0.356445
528 | 0.311818
544 | 0.255212
560 | 0.192786
576 | 0.123887
592 | 0.0533889
608 | 0.0237696
624 | 0.00582213
640 | 0
656 | 0
672 | 0
688 | 0
704 | 0
720 | 0
736 | 0
752 | 0
768 | 0
784 | 0
800 | 0
816 | 0
832 | 0.00447094
848 | 0.0174557
864 | 0.0367887
880 | 0.0669618
896 | 0.112218
912 | 0.176087
928 | 0.264333
944 | 0.342185
960 | 0.41027
976 | 0.470318
992 | 0.523673
1008 | 0.574049
1024 | 0.631044
1040 | 0.677487
1056 | 0.698306
1072 | 0.703402
1088 | 0.701849
1104 | 0.690716
1120 | 0.667332
1136 | 0.632593
1152 | 0.584225
1168 | 0.528219
1184 | 0.466707
1200 | 0.394382
1216 | 0.319613
1232 | 0.24352
1248 | 0.16384
1264 | 0.101532
1280 | 0.0515569
1296 | 0.0214379
1312 | 0.00786452
1328 | 0.000945006
1344 | 0
1360 | 0
1376 | 0
1392 | 0
1408 | 0
1424 | 0
1440 | 0
1456 | 0
1472 | 0
1488 | 0
1504 | 0
1520 | 0
1536 | 0
1552 | 0
1568 | 0
1584 | 0
1600 | 0.000960948
1616 | 0.00877545
1632 | 0.0241526
1648 | 0.0508484
1664 | 0.0876991
1680 | 0.130665
1696 | 0.196951
1712 | 0.265064
1728 | 0.305753
1744 | 0.346923
1760 | 0.411749
1776 | 0.476297
1792 | 0.52619
1808 | 0.578798
1824 | 0.645417
1840 | 0.712559
1856 | 0.771519
1872 | 0.821774
1888 | 0.86349
1904 | 0.887642
1920 | 0.889139
1936 | 0.86646
1952 | 0.844699
1968 | 0.84737
1984 | 0.862431
2000 | 0.873387
2016 | 0.881867
2032 | 0.888871
2048 | 0.893701
2064 | 0.891207
2080 | 0.880078
2096 | 0.861297
2112 | 0.83543
2128 | 0.803235
2144 | 0.764256
2160 | 0.735749
2176 | 0.723475
2192 | 0.701944
2208 | 0.654325
2224 | 0.596831
2240 | 0.537739
2256 | 0.471923
2272 | 0.410375
2288 | 0.363392
2304 | 0.333914
2320 | 0.352845
2336 | 0.384108
2352 | 0.412683
2368 | 0.434369
2384 | 0.450921
2400 | 0.463774
2416 | 0.476728
2432 | 0.489541
2448 | 0.509665
2464 | 0.534903
2480 | 0.571569
2496 | 0.633008
2512 | 0.68792
2528 | 0.716717
2544 | 0.738964
2560 | 0.751542
2576 | 0.74707
2592 | 0.73118
2608 | 0.70885
2624 | 0.683019
2640 | 0.661191
2656 | 0.645165
2672 | 0.635318
2688 | 0.621214
2704 | 0.594864
2720 | 0.551861
2736 | 0.481712
2752 | 0.401552
2768 | 0.310981
2784 | 0.213882
2800 | 0.106496
2816 | 0.0575407
2832 | 0.0218045
2848 | 0.00410804
2864 | 0
2880 | 0.00336301
2896 | 0.0152609
2912 | 0.0362387
2928 | 0.108171
2944 | 0.18222
2960 | 0.251802
2976 | 0.292818
2992 | 0.326687
3008 | 0.355407
3024 | 0.373613
3040 | 0.384369
3056 | 0.38862
3072 | 0.36876
Valeur de l'integrale : 1099.56
