0
0
0
0
0
0
0
0
0
0
0
0
0
0
0.00343372
0.0283056
0.0576661
0.0894368
0.122238
0.159204
0.199716
0.244341
0.292314
0.332774
0.374169
0.416605
0.460122
0.505647
0.553616
0.591647
0.598985
0.554201
0.509417
0.458933
0.377477
0.308593
0.255965
0.208473
0.163395
0.124481
0.0910624
0.0609544
0.0345693
0.0169871
0.00616401
0
0
0
0
0
0
0
0
0
0
0
0
0
0.0898965
0.0928333
0.127263
0.162856
0.201798
0.241249
0.389816
0.401109
0.474039
0.548472
0.624806
0.698044
0.849782
0.853624
0.961949
0.942774
1.00284
1.09159
1.08112
1.0811
1.08427
0.949333
0.963305
0.934058
0.90925
0.88544
0.85048
0.713424
0.718142
0.611426
0.503555
0.426781
0.314362
0.303326
0.261303
0.335891
0.302382
0.258237
0.215147
0.177535
0.143443
0.114192
0.102333
0.0972179
0.0950478
0.093333
0.090774
0.0901878
0.0918086
0.0934823
0
0
0
0
0
0
0
0
0
0.125122
0.128926
0.166438
0.20114
0.229451
0.250368
0.266999
0.377482
0.391348
0.39867
0.406271
0.539549
0.555257
0.537103
0.516985
0.373466
0.380265
0.353854
0.333325
0.320681
0.30962
0.306755
0.201552
0.202249
0.198562
0.195007
0.0893751
0.0859954
0.0853378
0.122055
0.149042
0.177034
0.205983
0.230467
0.254339
0.281846
0.29813
0.310895
0.312415
0.327328
0.343284
0.358345
0.377941
0.403396
0.35606
0.304485
0.339598
0.36588
0.374287
0.469511
0.434864
0.390045
0.363719
0.351039
0.35171
0.352898
0.356545
0.357249
0.367533
0.371598
0.352608