0
0
0
0
0
0
0
0
0
0
0
0
0
0.00322094
0.0265481
0.0533061
0.0824189
0.113821
0.145866
0.182268
0.221921
0.265418
0.311894
0.350498
0.389939
0.43032
0.470167
0.502345
0.539406
0.567969
0.561281
0.519316
0.471859
0.393948
0.327585
0.276479
0.230048
0.185455
0.146758
0.113514
0.0834514
0.0559355
0.0310352
0.0153633
0.00561066
0
0
0
0
0
0
0
0
0
0
0
0
0.083335
0.0858528
0.117547
0.150228
0.185829
0.221767
0.362361
0.374286
0.44273
0.511603
0.580395
0.649235
0.789879
0.793276
0.894867
0.995202
0.950755
1.05038
1.03969
1.04633
1.04743
1.05034
0.924949
0.94032
0.918536
0.893857
0.859265
0.805735
0.669928
0.67105
0.568571
0.473606
0.402832
0.288727
0.279391
0.350644
0.319587
0.278048
0.237782
0.203887
0.166622
0.13131
0.104816
0.0941269
0.0895895
0.0877434
0.08628
0.0860676
0.0855727
0.0870249
0.0879678
0
0
0
0
0
0
0
0
0.11569
0.118934
0.15324
0.189927
0.216794
0.236595
0.250674
0.346892
0.358567
0.364704
0.371055
0.49072
0.512041
0.508105
0.492861
0.491831
0.359266
0.366458
0.347717
0.329799
0.31219
0.303307
0.291073
0.191652
0.185136
0.182042
0.179049
0.0823416
0.0794643
0.113372
0.149888
0.176427
0.20378
0.231969
0.255751
0.275495
0.292144
0.294192
0.296239
0.297027
0.310107
0.322346
0.338116
0.358345
0.383269
0.333609
0.366126
0.390045
0.397211
0.487366
0.45081
0.396164
0.355488
0.33256
0.332473
0.333113
0.334179
0.33729
0.349115
0.354582
0.333305