256 | 0.524156
272 | 0.540043
288 | 0.576853
304 | 0.611776
320 | 0.641824
336 | 0.666109
352 | 0.682322
368 | 0.68926
384 | 0.692317
400 | 0.68021
416 | 0.655527
432 | 0.620277
448 | 0.569373
464 | 0.51686
480 | 0.466881
496 | 0.433418
512 | 0.389444
528 | 0.341388
544 | 0.298286
560 | 0.243823
576 | 0.183799
592 | 0.117839
608 | 0.0506647
624 | 0.0225424
640 | 0.005518
656 | 0
672 | 0
688 | 0
704 | 0
720 | 0
736 | 0
752 | 0
768 | 0
784 | 0
800 | 0
816 | 0
832 | 0.00426465
848 | 0.0167045
864 | 0.0353029
880 | 0.0643919
896 | 0.108113
912 | 0.169953
928 | 0.255669
944 | 0.331671
960 | 0.398432
976 | 0.457527
992 | 0.510204
1008 | 0.557454
1024 | 0.594037
1040 | 0.637086
1056 | 0.663458
1072 | 0.669649
1088 | 0.66714
1104 | 0.661736
1120 | 0.650519
1136 | 0.628748
1152 | 0.596607
1168 | 0.559334
1184 | 0.504458
1200 | 0.438234
1216 | 0.369946
1232 | 0.300912
1248 | 0.228842
1264 | 0.157869
1280 | 0.0974872
1296 | 0.0481504
1312 | 0.0200514
1328 | 0.00731529
1344 | 0.000878928
1360 | 0
1376 | 0
1392 | 0
1408 | 0
1424 | 0
1440 | 0
1456 | 0
1472 | 0
1488 | 0
1504 | 0
1520 | 0
1536 | 0
1552 | 0
1568 | 0
1584 | 0
1600 | 0.000900068
1616 | 0.00818629
1632 | 0.022375
1648 | 0.0473789
1664 | 0.0811591
1680 | 0.123495
1696 | 0.187472
1712 | 0.248269
1728 | 0.286015
1744 | 0.324144
1760 | 0.385183
1776 | 0.446932
1792 | 0.496835
1808 | 0.549636
1824 | 0.610247
1840 | 0.671967
1856 | 0.733102
1872 | 0.786995
1888 | 0.833069
1904 | 0.871445
1920 | 0.881667
1936 | 0.863799
1952 | 0.844878
1968 | 0.842445
1984 | 0.855328
2000 | 0.870066
2016 | 0.880189
2032 | 0.888023
2048 | 0.894372
2064 | 0.895263
2080 | 0.886314
2096 | 0.869121
2112 | 0.845481
2128 | 0.816063
2144 | 0.780472
2160 | 0.737793
2176 | 0.705298
2192 | 0.688207
2208 | 0.663629
2224 | 0.625817
2240 | 0.573843
2256 | 0.514251
2272 | 0.458776
2288 | 0.418175
2304 | 0.379644
2320 | 0.375392
2336 | 0.393574
2352 | 0.41521
2368 | 0.434891
2384 | 0.4477
2400 | 0.454537
2416 | 0.460637
2432 | 0.466737
2448 | 0.481306
2464 | 0.510244
2480 | 0.548854
2496 | 0.603239
2512 | 0.660941
2528 | 0.7109
2544 | 0.736551
2560 | 0.756415
2576 | 0.7542
2592 | 0.737109
2608 | 0.710526
2624 | 0.679872
2640 | 0.651722
2656 | 0.630384
2672 | 0.61458
2688 | 0.604663
2704 | 0.590895
2720 | 0.565688
2736 | 0.524679
2752 | 0.456369
2768 | 0.37706
2784 | 0.293426
2800 | 0.202792
2816 | 0.101183
2832 | 0.0539126
2848 | 0.0197975
2864 | 0.00373995
2880 | 0.00316972
2896 | 0.0143634
2912 | 0.0340644
2928 | 0.101881
2944 | 0.171966
2960 | 0.238075
2976 | 0.276803
2992 | 0.308371
3008 | 0.333112
3024 | 0.352741
3040 | 0.365107
3056 | 0.370825
3072 | 0.348572
Valeur de l'integrale : 1096.62
