0
0
0
0
0
0
0
0
0
0
0
0
0.00299728
0.0250149
0.0501183
0.0764223
0.105238
0.136228
0.167624
0.203362
0.242149
0.284532
0.329573
0.366481
0.404143
0.441243
0.468906
0.492062
0.520717
0.536016
0.528042
0.483271
0.408644
0.344473
0.295082
0.249719
0.205694
0.167305
0.134305
0.104361
0.0768114
0.0503965
0.0281566
0.0140228
0.00514848
0
0
0
0
0
0
0
0
0
0
0
0.0790144
0.0798486
0.109209
0.139418
0.172201
0.205196
0.334081
0.348904
0.414958
0.479862
0.543934
0.606099
0.737866
0.74083
0.835895
0.930163
0.999239
0.998502
1.00375
1.00974
1.01687
1.01788
1.02066
0.905053
0.925428
0.903639
0.868968
0.81699
0.759184
0.628765
0.627252
0.536934
0.448908
0.371645
0.266958
0.362537
0.334672
0.295429
0.257338
0.226066
0.192012
0.153181
0.12107
0.0968623
0.0871393
0.0830711
0.0814815
0.0820172
0.0818547
0.0814021
0.0822265
0.081675
0
0
0
0
0
0
0
0.107579
0.11038
0.141982
0.175687
0.205382
0.224273
0.237698
0.326627
0.330853
0.336071
0.341457
0.449997
0.467861
0.471676
0.468334
0.470437
0.47044
0.347497
0.359937
0.343556
0.321272
0.306115
0.28879
0.27747
0.176217
0.170693
0.16806
0.165506
0.0763343
0.105842
0.139661
0.175541
0.20151
0.228229
0.255678
0.275556
0.285443
0.288705
0.281064
0.282368
0.282778
0.292919
0.305884
0.322346
0.342374
0.3604
0.389099
0.411503
0.417642
0.503238
0.469053
0.412895
0.362934
0.326609
0.315883
0.315807
0.316384
0.317207
0.330031
0.337408
0.31955