0
0
0
0
0
0
0
0
0
0
0.00265759
0.0219605
0.0443477
0.0681348
0.0924085
0.117794
0.14599
0.176185
0.20619
0.240568
0.27764
0.317877
0.360237
0.392901
0.417038
0.435173
0.448477
0.454702
0.469809
0.477342
0.433747
0.373658
0.327142
0.284115
0.241546
0.203957
0.171595
0.142045
0.114613
0.0873521
0.0633539
0.0420654
0.0237508
0.0119393
0.00442024
0
0
0
0
0
0
0
0
0
0.0717996
0.0723889
0.0971547
0.121878
0.150176
0.178517
0.288976
0.3
0.36075
0.424183
0.483731
0.539085
0.652847
0.653632
0.738433
0.821465
0.883413
0.981542
1.00038
0.93399
0.955451
0.961487
0.967669
0.970141
0.979513
0.880012
0.888131
0.841162
0.786526
0.730577
0.673553
0.561184
0.567328
0.475818
0.38834
0.418372
0.332786
0.323593
0.290144
0.262593
0.232609
0.198074
0.164638
0.131902
0.104734
0.0840993
0.0758743
0.0739857
0.0742219
0.0746865
0.0741506
0.0723007
0.071874
0.0714523
0
0
0
0
0
0.0943509
0.096498
0.123791
0.152777
0.178116
0.198691
0.215348
0.295789
0.297527
0.295158
0.294478
0.38594
0.399006
0.401778
0.404588
0.420538
0.431539
0.435079
0.441905
0.338874
0.34634
0.328232
0.301607
0.280159
0.25608
0.237833
0.151771
0.147656
0.145681
0.175937
0.125947
0.153925
0.186582
0.220993
0.24584
0.26846
0.283254
0.282162
0.271275
0.264859
0.256846
0.256387
0.256903
0.268416
0.28216
0.294291
0.372553
0.448497
0.452006
0.530221
0.499973
0.448565
0.398938
0.352035
0.319681
0.29691
0.287145
0.286916
0.29533
0.301467
0.290818