0
0
0
0
0
0
0
0
0
0
0
0
0
0
0
0
0
0
0
0
0
0
0
0
0
0
0
0.024787
0.194458
0.442308
0.666667
0.666667
0.666667
0.671329
0.676056
0.676056
0.676056
0.676056
0.676056
0.676056
0.661972
0.546171
0.375489
0.25
0.0972222
0
0
0
0
0
0
0
0
0
0
0
0
0
0
0
0
0
0
0
0
0
0
0
0
0
0
0.831876
0.966006
0.284744
0.497905
0.525571
0.544225
1.64201
1.73174
0.643005
1.0428
1.02922
0.989874
1.53575
1.05283
0.742812
1.43828
1.24757
1.42009
1.01262
0.315138
0.555598
0.564417
0.56485
0.573655
0.614229
0.627805
0.510877
0.280025
0.0939506
0.0220011
0
0
0
0
0
0.80314
1.08397
0
0
0
0
0
0
0
0
0
0
0
0
0
0
0
0
0
0
0
0
0
0
1.46902
1.31234
0.295605
0.563704
0.516309
0.408908
0.301514
0.983623
0.966006
0
0
0.869898
1.08397
0
0
0.0760301
0.164979
0.170092
0.212014
0.265538
0.230238
0.190524
0.104541
0
0
0
0
0
0
0.26926
0.792236
0.764675
0.773109
0.773109
0.773109
0.73687
0.597952
0.356355
0.114758
0.00603516
0
0
0
0
0
0
0.585151
0.938317
0.809417
1.51538
1.69371
0
0
0
0
0
0
0
0
0
0