0
0
0
0
0
0
0
0
0
0.00252878
0.0208883
0.0417232
0.0639842
0.0875921
0.11145
0.136442
0.164282
0.194025
0.223359
0.257058
0.293294
0.332506
0.372426
0.395181
0.412158
0.42454
0.428483
0.434162
0.444088
0.424472
0.386354
0.341183
0.299209
0.257364
0.220372
0.188379
0.159083
0.131779
0.10424
0.0799068
0.0582511
0.038854
0.0220274
0.0111137
0.00417459
0
0
0
0
0
0
0
0
0.0683641
0.0691964
0.0929081
0.116393
0.141149
0.16762
0.270701
0.280352
0.336738
0.395449
0.456091
0.510707
0.618796
0.618975
0.697072
0.776087
0.834688
0.926699
0.944092
0.976731
0.914919
0.935456
0.941156
0.948342
0.95564
0.963851
0.859224
0.851222
0.800447
0.746035
0.690474
0.642152
0.536808
0.530883
0.445434
0.455844
0.401903
0.311211
0.303158
0.278043
0.249626
0.216524
0.184631
0.153683
0.123335
0.0981149
0.0789011
0.0726447
0.070851
0.0710639
0.0711244
0.0696285
0.0679949
0.0676174
0.067244
0
0
0
0
0.0904546
0.090789
0.116339
0.143426
0.167029
0.186113
0.201523
0.28237
0.284048
0.281872
0.279744
0.360296
0.371658
0.374062
0.376497
0.390928
0.406134
0.417113
0.425815
0.433509
0.331109
0.339626
0.314907
0.289728
0.260854
0.238753
0.221978
0.141926
0.138322
0.166865
0.196617
0.148479
0.175494
0.207529
0.241221
0.262817
0.277088
0.280705
0.271555
0.260448
0.253894
0.244941
0.245863
0.247695
0.259354
0.269567
0.340717
0.409512
0.468073
0.541217
0.513189
0.463875
0.416124
0.370881
0.336754
0.305814
0.284011
0.274547
0.281646
0.286909
0.275764