320 | 0.570111
336 | 0.581511
352 | 0.613936
368 | 0.630358
384 | 0.636131
400 | 0.629749
416 | 0.613027
432 | 0.598994
448 | 0.581962
464 | 0.561705
480 | 0.547377
496 | 0.543147
512 | 0.533266
528 | 0.522307
544 | 0.516407
560 | 0.511335
576 | 0.49959
592 | 0.486507
608 | 0.478047
624 | 0.463951
640 | 0.448207
656 | 0.431093
672 | 0.414503
688 | 0.413856
704 | 0.416717
720 | 0.42454
736 | 0.428483
752 | 0.434162
768 | 0.444088
784 | 0.424472
800 | 0.386354
816 | 0.341183
832 | 0.302805
848 | 0.271608
864 | 0.250765
880 | 0.244201
896 | 0.253398
912 | 0.280946
928 | 0.330573
944 | 0.375633
960 | 0.415736
976 | 0.451656
992 | 0.484664
1008 | 0.519005
1024 | 0.54484
1040 | 0.56175
1056 | 0.566673
1072 | 0.56008
1088 | 0.550003
1104 | 0.550603
1120 | 0.55098
1136 | 0.546972
1152 | 0.54223
1168 | 0.612437
1184 | 0.610559
1200 | 0.616564
1216 | 0.613359
1232 | 0.601778
1248 | 0.577117
1264 | 0.633683
1280 | 0.592829
1296 | 0.58983
1312 | 0.587408
1328 | 0.584169
1344 | 0.587451
1360 | 0.65682
1376 | 0.634791
1392 | 0.702837
1408 | 0.776781
1424 | 0.834688
1440 | 0.926699
1456 | 0.944092
1472 | 0.976731
1488 | 0.914919
1504 | 0.935456
1520 | 0.941156
1536 | 0.948342
1552 | 0.95564
1568 | 0.963851
1584 | 0.859224
1600 | 0.851927
1616 | 0.806882
1632 | 0.763601
1648 | 0.72758
1664 | 0.705768
1680 | 0.632402
1696 | 0.678566
1712 | 0.646338
1728 | 0.686976
1744 | 0.664782
1760 | 0.621504
1776 | 0.659473
1792 | 0.673968
1808 | 0.691123
1824 | 0.715443
1840 | 0.740039
1856 | 0.762661
1872 | 0.780675
1888 | 0.798991
1904 | 0.824245
1920 | 0.851171
1936 | 0.863129
1952 | 0.875117
1968 | 0.897068
1984 | 0.914019
2000 | 0.924079
2016 | 0.93192
2032 | 0.938606
2048 | 0.881307
2064 | 0.889132
2080 | 0.888681
2096 | 0.881327
2112 | 0.95923
2128 | 0.941912
2144 | 0.94215
2160 | 0.937766
2176 | 0.924397
2192 | 0.900787
2208 | 0.868446
2224 | 0.905693
2240 | 0.881304
2256 | 0.866983
2272 | 0.854968
2288 | 0.923859
2304 | 0.912813
2320 | 0.903299
2336 | 0.895231
2352 | 0.895113
2368 | 0.890251
2384 | 0.883798
2400 | 0.882282
2416 | 0.8831
2432 | 0.773383
2448 | 0.777372
2464 | 0.758
2480 | 0.754164
2496 | 0.770833
2512 | 0.798852
2528 | 0.833934
2544 | 0.79824
2560 | 0.833986
2576 | 0.89237
2592 | 0.938049
2608 | 0.878657
2624 | 0.884131
2640 | 0.883931
2656 | 0.882161
2672 | 0.869601
2688 | 0.853503
2704 | 0.831479
2720 | 0.802908
2736 | 0.777033
2752 | 0.760196
2768 | 0.735931
2784 | 0.715355
2800 | 0.685233
2816 | 0.641032
2832 | 0.58489
2848 | 0.57867
2864 | 0.567351
2880 | 0.545453
2896 | 0.5935
2912 | 0.556315
2928 | 0.549504
2944 | 0.556496
2960 | 0.566335
2976 | 0.563933
2992 | 0.558796
3008 | 0.556831
3024 | 0.561102
3040 | 0.576194
3056 | 0.586961
3072 | 0.56416
Valeur de l'integrale : 1877.01
