0
0
0
0
0
0
0
0
0
0
0
0
0
0
0
0
0
0
0
0
0
0
0
0
0
0
0.0179004
0.132253
0.297759
0.5
0.666667
0.666667
0.669767
0.672897
0.676056
0.676056
0.676056
0.676056
0.676056
0.666667
0.589301
0.465522
0.315088
0.166667
0.0648148
0
0
0
0
0
0
0
0
0
0
0
0
0
0
0
0
0
0
0
0
0
0
0
0
0
0.526032
0.579357
0.777183
0.362297
0.516114
0.528025
1.22277
1.18373
1.40938
0.798969
1.02982
1.01039
1.35197
1.02498
1.18572
0.975099
1.30708
1.43277
1.03035
0.829899
0.406281
0.558538
0.564706
0.570543
0.596999
0.611006
0.558353
0.376448
0.197584
0.0622102
0.0143392
0
0
0
0
0.490471
0.582657
0.582657
0
0
0
0
0
0
0
0
0
0
0
0
0
0
0
0
0
0
0
0
0
0.946807
0.911955
1.02943
0.390145
0.531294
0.460881
0.355434
0.76252
0.683597
0.576338
0
0.540698
0.616358
0.582657
0
0.0496583
0.105281
0.167411
0.196674
0.233054
0.238309
0.220122
0.133929
0.0720037
0
0
0
0
0
0.160586
0.400166
0.785689
0.767466
0.773109
0.773109
0.74895
0.656338
0.471113
0.241597
0.0764654
0.00399167
0
0
0
0
0
0.445331
0.704566
0.863757
1.26266
1.15802
0.76773
0
0
0
0
0
0
0
0
0