0
0
0
0
0
0
0
0
0
0
0
0
0
0
0
0
0
0
0
0
0
0
0
0
0
0.0142117
0.106115
0.217748
0.363976
0.534091
0.666667
0.66899
0.671329
0.673684
0.676056
0.676056
0.676056
0.676056
0.669014
0.610928
0.517822
0.397472
0.236265
0.125
0.0464634
0
0
0
0
0
0
0
0
0
0
0
0
0
0
0
0
0
0
0
0
0
0
0
0
0.384478
0.412375
0.555858
0.696909
0.410948
0.520221
1.00945
0.987884
1.13544
1.2994
0.859058
1.01543
1.27991
1.01991
1.1308
1.25333
0.99584
1.42969
1.14973
0.898885
0.755104
0.448619
0.560223
0.568999
0.588506
0.598414
0.564956
0.443996
0.285444
0.146133
0.0457516
0.0110918
0
0
0
0.389158
0.398403
0.398403
0.398403
0
0
0
0
0
0
0
0
0
0
0
0
0
0
0
0
0
0
0
0
0.627639
0.679348
0.808357
0.899914
0.410223
0.485634
0.40685
0.686437
0.593141
0.485697
0.410678
0.421334
0.430601
0.413877
0.398403
0.0411541
0.0773069
0.121173
0.187753
0.215847
0.220984
0.228906
0.17236
0.104236
0.0463055
0
0
0
0
0.114409
0.267689
0.477805
0.782481
0.768869
0.773109
0.75499
0.68553
0.546612
0.356355
0.181126
0.057005
0.00289746
0
0
0
0
0.351873
0.589168
0.708416
1.17865
1.06885
0.750181
0.491354
0
0
0
0
0
0
0
0