0
0
0
0
0
0
0
0
0
0
0
0
0
0
0
0
0
0
0
0
0
0
0
0
0.0117835
0.0895756
0.180417
0.27966
0.41004
0.556604
0.668524
0.670391
0.672269
0.674157
0.676056
0.676056
0.676056
0.670423
0.623924
0.549308
0.452751
0.317715
0.188987
0.096434
0.0291477
0
0
0
0
0
0
0
0
0
0
0
0
0
0
0
0
0
0
0
0
0
0
0
0.302954
0.320013
0.431532
0.542882
0.667195
0.435705
0.893141
0.864408
0.998305
1.11641
1.22553
0.884991
1.23044
1.0267
1.10499
1.19519
1.21105
1.14313
1.213
1.02201
0.827391
0.71319
0.473228
0.564526
0.583525
0.591064
0.565029
0.473882
0.355559
0.223724
0.11441
0.0374274
0.00917065
0
0
0.318122
0.32886
0.302685
0.302685
0.330106
0
0
0
0
0
0
0
0
0
0
0
0
0
0
0
0
0
0
0
0.445452
0.497738
0.651368
0.751701
0.805444
0.397899
0.436764
0.661635
0.566395
0.457415
0.376656
0.693324
0.351335
0.320916
0.311534
0.34683
0.066742
0.0949494
0.145266
0.20461
0.209681
0.216753
0.189749
0.142674
0.0747036
0.0341259
0
0
0
0.0888584
0.20111
0.343284
0.528688
0.780576
0.769713
0.758613
0.703046
0.591912
0.439706
0.284994
0.144201
0.0444015
0.00233313
0
0
0
0.283277
0.498426
0.620655
0.987478
1.04442
0.789488
0.550656
0.361484
0
0
0
0
0
0
0