0
0
0
0
0
0
0
0
0
0
0
0
0
0
0
0
0
0
0
0
0
0
0
0.0100639
0.0774968
0.155509
0.237326
0.326565
0.443935
0.573737
0.669767
0.671329
0.672897
0.674473
0.676056
0.676056
0.671362
0.632596
0.570343
0.489725
0.376909
0.264616
0.152766
0.0651805
0.021152
0
0
0
0
0
0
0
0
0
0
0
0
0
0
0
0
0
0
0
0
0
0
0.249178
0.261453
0.352565
0.443678
0.545042
0.643731
0.763229
0.790639
0.896454
1.0091
1.09384
1.17503
1.09865
1.02742
1.09697
1.1625
1.17041
1.3063
1.00026
1.09911
0.942024
0.781079
0.686571
0.491764
0.577229
0.586327
0.564918
0.490525
0.395637
0.290775
0.181855
0.096753
0.0320356
0.00728401
0
0.261369
0.276655
0.260786
0.244051
0.26157
0.274502
0
0
0
0
0
0
0
0
0
0
0
0
0
0
0
0
0
0
0.345239
0.375837
0.509752
0.634434
0.697896
0.723546
0.37212
0.645081
0.5662
0.459138
0.372237
0.609509
0.595677
0.274723
0.255766
0.284759
0.314832
0.0841055
0.118459
0.165418
0.201324
0.207898
0.18654
0.163009
0.109152
0.0582112
0.0270192
0
0
0.0726365
0.161054
0.267868
0.399207
0.564613
0.779315
0.758242
0.714723
0.622111
0.495273
0.366325
0.236535
0.117487
0.0371535
0.00199618
0
0
0.232017
0.423216
0.545534
0.875793
0.891487
0.827232
0.622181
0.435151
0.310848
0
0
0
0
0
0