0
0
0
0
0
0
0
0
0
0
0
0
0
0
0
0
0
0.0456853
0.0921377
0.125
0.161451
0.203752
0.252064
0.31313
0.335157
0.305141
0.263662
0.238142
0.21467
0.203468
0.192619
0.183274
0.209097
0.206311
0.204056
0.208496
0.206214
0.169471
0.132507
0.0981487
0.0640227
0.0380273
0.0234089
0.0107826
0
0
0
0
0
0
0
0
0
0
0
0
0
0
0
0
0
0
0
0
0
0
0.00981234
0.0199654
0.0298093
0.0404154
0.0431503
0.0461656
0.0481429
0.0516389
0.044369
0.0298812
0.0153933
0.00087241
0
0
0
0
0
0
0
0
0
0
0
0
0
0
0
0
0
0
0
0.0579319
0.0983414
0.13745
0.181619
0.231125
0.288902
0.351081
0.35732
0.268869
0.206844
0.152025
0.10524
0.0657053
0.0321838
0
0
0
0
0
0
0
0
0
0
0
0.0385239
0.076533
0.1114
0.145179
0.178975
0.199119
0.216916
0.247835
0.239344
0.20657
0.170901
0.138915
0.109021
0.0978399
0.0852628
0.0431938
0
0
0
0
0
0
0
0
0
0
0
0
0
0
0
0
0
0
0