0
0
0
0
0
0
0
0
0
0
0
0
0
0
0
0
0.0418165
0.0841373
0.114832
0.145202
0.179201
0.218724
0.261995
0.278797
0.312195
0.28648
0.251143
0.229042
0.218771
0.208845
0.198919
0.190248
0.202113
0.199963
0.203258
0.200503
0.17926
0.145932
0.114314
0.0819226
0.0541861
0.032296
0.0204187
0.00950189
0
0
0
0
0
0
0
0
0
0
0
0
0
0
0
0
0
0
0
0
0
0.00867585
0.0176871
0.0264537
0.0358196
0.0380938
0.0407335
0.0434101
0.0451539
0.0481792
0.0368872
0.0248424
0.0127976
0.000729794
0
0
0
0
0
0
0
0
0
0
0
0
0
0
0
0
0
0
0.0522987
0.0878341
0.124401
0.161766
0.203984
0.250074
0.29108
0.295356
0.295356
0.227977
0.176906
0.13147
0.0929431
0.0611728
0.0301991
0
0
0
0
0
0
0
0
0
0
0.0333614
0.0693036
0.103702
0.134157
0.160282
0.174159
0.189792
0.217224
0.244431
0.216916
0.187024
0.158276
0.128422
0.102975
0.0914017
0.0713813
0.03618
0
0
0
0
0
0
0
0
0
0
0
0
0
0
0
0
0
0