160 | 0
176 | 0.00377747
192 | 0.0241071
208 | 0.0629846
224 | 0.129472
240 | 0.214961
256 | 0.314004
272 | 0.424824
288 | 0.529928
304 | 0.620142
320 | 0.700654
336 | 0.773919
352 | 0.83645
368 | 0.884457
384 | 0.914534
400 | 0.963535
416 | 0.99455
432 | 0.998134
448 | 0.986971
464 | 0.97012
480 | 0.971683
496 | 0.991397
512 | 0.9953
528 | 1.01595
544 | 1.02926
560 | 1.01048
576 | 0.993456
592 | 0.999469
608 | 1.01352
624 | 1.04325
640 | 1.07093
656 | 1.07176
672 | 1.06911
688 | 1.03645
704 | 0.998139
720 | 0.945967
736 | 0.909559
752 | 0.895555
768 | 0.900165
784 | 0.897558
800 | 0.886292
816 | 0.873476
832 | 0.874235
848 | 0.88521
864 | 0.905844
880 | 0.928613
896 | 0.942376
912 | 0.948249
928 | 0.948747
944 | 0.948747
960 | 0.944006
976 | 0.931351
992 | 0.912417
1008 | 0.898613
1024 | 0.893067
1040 | 0.892708
1056 | 0.891036
1072 | 0.881227
1088 | 0.864677
1104 | 0.85376
1120 | 0.857433
1136 | 0.866128
1152 | 0.883368
1168 | 0.901344
1184 | 0.917624
1200 | 0.926905
1216 | 0.936257
1232 | 0.948438
1248 | 0.950068
1264 | 0.938421
1280 | 0.915697
1296 | 0.905389
1312 | 0.911709
1328 | 0.9198
1344 | 0.910822
1360 | 0.900515
1376 | 0.890209
1392 | 0.887593
1408 | 0.906298
1424 | 0.929406
1440 | 0.949714
1456 | 0.959294
1472 | 0.960882
1488 | 0.959292
1504 | 0.957268
1520 | 0.955153
1536 | 0.952826
1552 | 0.950328
1568 | 0.948957
1584 | 0.94698
1600 | 0.935286
1616 | 0.926095
1632 | 0.925236
1648 | 0.928577
1664 | 0.931574
1680 | 0.975848
1696 | 0.992819
1712 | 1.00103
1728 | 0.999132
1744 | 0.997063
1760 | 1.01583
1776 | 1.04234
1792 | 1.03883
1808 | 1.03883
1824 | 1.03914
1840 | 0.979087
1856 | 0.959157
1872 | 0.946565
1888 | 0.937875
1904 | 0.928966
1920 | 0.918514
1936 | 0.907621
1952 | 0.913281
1968 | 0.904843
1984 | 0.8874
2000 | 0.873872
2016 | 0.86461
2032 | 0.871778
2048 | 0.890773
2064 | 0.908984
2080 | 0.945412
2096 | 0.964917
2112 | 0.973183
2128 | 0.976107
2144 | 0.973824
2160 | 0.952302
2176 | 0.913653
2192 | 0.872639
2208 | 0.823367
2224 | 0.768521
2240 | 0.677325
2256 | 0.596326
2272 | 0.516826
2288 | 0.452699
2304 | 0.387309
2320 | 0.305634
2336 | 0.230453
2352 | 0.145851
2368 | 0.069673
2384 | 0.0342652
2400 | 0.0120535
2416 | 0.001389
2432 | 0
2448 | 0
2464 | 0
2480 | 0
2496 | 0
2512 | 0
2528 | 0
2544 | 0
2560 | 0
2576 | 0
2592 | 0
2608 | 0
2624 | 0
Valeur de l'integrale : 1890.08
