0
0
0
0
0
0
0
0
0
0
0
0
0
0
0.0367034
0.0728963
0.0979164
0.124147
0.151039
0.177409
0.206204
0.212647
0.231816
0.256094
0.281371
0.260741
0.242701
0.234218
0.225736
0.217121
0.198922
0.182754
0.196603
0.194106
0.177363
0.158331
0.138641
0.109722
0.0841703
0.0615662
0.0419738
0.0254448
0.0162669
0.00771712
0
0
0
0
0
0
0
0
0
0
0
0
0
0
0
0
0
0
0
0.00705613
0.0142402
0.02159
0.0291827
0.0307683
0.0325193
0.0344816
0.0366303
0.038757
0.0369862
0.0360284
0.0275843
0.0185772
0.00958286
0.000556348
0
0
0
0
0
0
0
0
0
0
0
0
0
0
0
0
0.0437898
0.0733537
0.102355
0.133306
0.167661
0.201263
0.230581
0.22504
0.219298
0.222558
0.225915
0.174724
0.138402
0.109816
0.0821459
0.0532603
0.0249851
0
0
0
0
0
0
0
0
0.0271113
0.0544001
0.0843336
0.115894
0.140846
0.148177
0.154582
0.174194
0.196568
0.201302
0.206271
0.186135
0.163381
0.140687
0.115677
0.0847229
0.0687073
0.0538476
0.0273107
0
0
0
0
0
0
0
0
0
0
0
0
0
0
0
0