176 | 0.00343407
192 | 0.0219156
208 | 0.0572641
224 | 0.117847
240 | 0.195956
256 | 0.286712
272 | 0.389259
288 | 0.48729
304 | 0.571712
320 | 0.648761
336 | 0.72311
352 | 0.795812
368 | 0.854874
384 | 0.895677
400 | 0.915139
416 | 0.916272
432 | 0.895888
448 | 0.859904
464 | 0.815459
480 | 0.783495
496 | 0.772028
512 | 0.776295
528 | 0.777451
544 | 0.765192
560 | 0.758174
576 | 0.757817
592 | 0.755595
608 | 0.762866
624 | 0.791343
640 | 0.836582
656 | 0.872331
672 | 0.875553
688 | 0.85016
704 | 0.811939
720 | 0.789872
736 | 0.772731
752 | 0.770271
768 | 0.795447
784 | 0.825038
800 | 0.844837
816 | 0.852328
832 | 0.848988
848 | 0.8583
864 | 0.882947
880 | 0.911702
896 | 0.932619
912 | 0.944942
928 | 0.950199
944 | 0.95065
960 | 0.946399
976 | 0.93401
992 | 0.909754
1008 | 0.896702
1024 | 0.897566
1040 | 0.899755
1056 | 0.898961
1072 | 0.890251
1088 | 0.875527
1104 | 0.865884
1120 | 0.862958
1136 | 0.862106
1152 | 0.863741
1168 | 0.885401
1184 | 0.907947
1200 | 0.915994
1216 | 0.91697
1232 | 0.913147
1248 | 0.906794
1264 | 0.899711
1280 | 0.885039
1296 | 0.86929
1312 | 0.865978
1328 | 0.881492
1344 | 0.889944
1360 | 0.890543
1376 | 0.890543
1392 | 0.890396
1408 | 0.895998
1424 | 0.911437
1440 | 0.930716
1456 | 0.948257
1472 | 0.957724
1488 | 0.959835
1504 | 0.958649
1520 | 0.95686
1536 | 0.954915
1552 | 0.952786
1568 | 0.951184
1584 | 0.948548
1600 | 0.936439
1616 | 0.92558
1632 | 0.925464
1648 | 0.9298
1664 | 0.933127
1680 | 0.930144
1696 | 0.916132
1712 | 0.894533
1728 | 0.861983
1744 | 0.824972
1760 | 0.798018
1776 | 0.791835
1792 | 0.801221
1808 | 0.809611
1824 | 0.80713
1840 | 0.796047
1856 | 0.800888
1872 | 0.814972
1888 | 0.825745
1904 | 0.844393
1920 | 0.871719
1936 | 0.897186
1952 | 0.912867
1968 | 0.911717
1984 | 0.895727
2000 | 0.876194
2016 | 0.875192
2032 | 0.875423
2048 | 0.882392
2064 | 0.898718
2080 | 0.912886
2096 | 0.909446
2112 | 0.887491
2128 | 0.853555
2144 | 0.819799
2160 | 0.789819
2176 | 0.756872
2192 | 0.706598
2208 | 0.640264
2224 | 0.586507
2240 | 0.520914
2256 | 0.459296
2272 | 0.396619
2288 | 0.352644
2304 | 0.31342
2320 | 0.253495
2336 | 0.198984
2352 | 0.148302
2368 | 0.100663
2384 | 0.061133
2400 | 0.0302974
2416 | 0.0108767
2432 | 0.00128824
2448 | 0
2464 | 0
2480 | 0
2496 | 0
2512 | 0
2528 | 0
2544 | 0
2560 | 0
2576 | 0
2592 | 0
2608 | 0
2624 | 0
Valeur de l'integrale : 1735.11
