0
0
0
0
0
0
0
0
0
0
0
0
0
0.034685
0.0688034
0.0923544
0.115702
0.14039
0.165713
0.189419
0.192703
0.208955
0.226279
0.247936
0.270042
0.260829
0.244325
0.236418
0.228381
0.210902
0.19474
0.183183
0.191977
0.176992
0.159929
0.142156
0.120555
0.09621
0.0743654
0.0554134
0.037942
0.0230057
0.014838
0.00697453
0
0
0
0
0
0
0
0
0
0
0
0
0
0
0
0
0
0
0.00655362
0.0131925
0.0195757
0.0267055
0.0280694
0.0295194
0.0311275
0.0329208
0.0348548
0.0341276
0.032747
0.031994
0.0244954
0.0165165
0.00858776
0.00050665
0
0
0
0
0
0
0
0
0
0
0
0
0
0
0
0.0405852
0.0677763
0.0943283
0.12253
0.152523
0.185279
0.210268
0.205159
0.198776
0.196837
0.199459
0.202066
0.157834
0.130342
0.104117
0.0762333
0.0481876
0.0227063
0
0
0
0
0
0
0
0.0256891
0.0504896
0.0759392
0.104069
0.130772
0.140556
0.146
0.161086
0.179038
0.182958
0.187053
0.194651
0.175352
0.156531
0.133947
0.102292
0.0751925
0.0611195
0.0479576
0.0243287
0
0
0
0
0
0
0
0
0
0
0
0
0
0
0