208 | 0.0484612
224 | 0.0999059
240 | 0.166512
256 | 0.244253
272 | 0.333432
288 | 0.419745
304 | 0.49448
320 | 0.565061
336 | 0.635398
352 | 0.707427
368 | 0.777746
384 | 0.836767
400 | 0.874006
416 | 0.89258
432 | 0.889796
448 | 0.867412
464 | 0.832091
480 | 0.80274
496 | 0.786897
512 | 0.789257
528 | 0.799284
544 | 0.80172
560 | 0.8024
576 | 0.794887
592 | 0.775252
608 | 0.756678
624 | 0.75462
640 | 0.775105
656 | 0.811686
672 | 0.838758
688 | 0.845765
704 | 0.834143
720 | 0.815593
736 | 0.80167
752 | 0.802244
768 | 0.807046
784 | 0.815533
800 | 0.833451
816 | 0.853076
832 | 0.858865
848 | 0.857178
864 | 0.859477
880 | 0.874967
896 | 0.89764
912 | 0.921458
928 | 0.93863
944 | 0.948821
960 | 0.949636
976 | 0.939722
992 | 0.918588
1008 | 0.900591
1024 | 0.894845
1040 | 0.901328
1056 | 0.907763
1072 | 0.903145
1088 | 0.891612
1104 | 0.883798
1120 | 0.881577
1136 | 0.875913
1152 | 0.864739
1168 | 0.863618
1184 | 0.876004
1200 | 0.899838
1216 | 0.91853
1232 | 0.920879
1248 | 0.909235
1264 | 0.891525
1280 | 0.878605
1296 | 0.877627
1312 | 0.878324
1328 | 0.880624
1344 | 0.887404
1360 | 0.899438
1376 | 0.905816
1392 | 0.906194
1408 | 0.905409
1424 | 0.903316
1440 | 0.904684
1456 | 0.914029
1472 | 0.930073
1488 | 0.947154
1504 | 0.956526
1520 | 0.95877
1536 | 0.95779
1552 | 0.956226
1568 | 0.955034
1584 | 0.952693
1600 | 0.94198
1616 | 0.930639
1632 | 0.926744
1648 | 0.929175
1664 | 0.933663
1680 | 0.93247
1696 | 0.921084
1712 | 0.902935
1728 | 0.875505
1744 | 0.84593
1760 | 0.822414
1776 | 0.807253
1792 | 0.807892
1808 | 0.821673
1824 | 0.833077
1840 | 0.831325
1856 | 0.828632
1872 | 0.820274
1888 | 0.808453
1904 | 0.808186
1920 | 0.824623
1936 | 0.856531
1952 | 0.886713
1968 | 0.902295
1984 | 0.903885
2000 | 0.893551
2016 | 0.885402
2032 | 0.884612
2048 | 0.891096
2064 | 0.891931
2080 | 0.895777
2096 | 0.898557
2112 | 0.893015
2128 | 0.872882
2144 | 0.837681
2160 | 0.794116
2176 | 0.754211
2192 | 0.720187
2208 | 0.683281
2224 | 0.648548
2240 | 0.595911
2256 | 0.541199
2272 | 0.474971
2288 | 0.417211
2304 | 0.36314
2320 | 0.299715
2336 | 0.248412
2352 | 0.202231
2368 | 0.159405
2384 | 0.119057
2400 | 0.0810086
2416 | 0.0499781
2432 | 0.0257983
2448 | 0.0096522
2464 | 0.00115648
2480 | 0
2496 | 0
2512 | 0
2528 | 0
2544 | 0
2560 | 0
2576 | 0
2592 | 0
2608 | 0
2624 | 0
Valeur de l'integrale : 1737.62
