0
0
0
0
0
0
0
0
0
0
0
0
0.0330555
0.0652818
0.0874768
0.109517
0.1314
0.154718
0.177689
0.178406
0.191065
0.205906
0.221603
0.240866
0.269545
0.261195
0.245743
0.238212
0.221421
0.206249
0.194623
0.179851
0.176694
0.161299
0.145211
0.125443
0.106643
0.085661
0.0673535
0.050383
0.0346169
0.0210908
0.0134602
0.00635409
0
0
0
0
0
0
0
0
0
0
0
0
0
0
0
0
0
0.00610066
0.0123368
0.0182608
0.0243897
0.0258032
0.0270263
0.028368
0.0298499
0.0314796
0.0310651
0.0304862
0.0293797
0.0287721
0.0220522
0.0149757
0.00788543
0.000474355
0
0
0
0
0
0
0
0
0
0
0
0
0
0
0.0381024
0.0631144
0.0874795
0.113365
0.140781
0.169413
0.194882
0.188921
0.183104
0.180143
0.178549
0.180636
0.184277
0.149251
0.123911
0.0969852
0.0693079
0.0439971
0.0213627
0
0
0
0
0
0
0.0242608
0.0480517
0.0708587
0.094433
0.118483
0.13139
0.139193
0.152998
0.166817
0.167678
0.171111
0.177447
0.184271
0.168591
0.14959
0.119571
0.091684
0.0675893
0.055041
0.0432291
0.0219784
0
0
0
0
0
0
0
0
0
0
0
0
0
0