240 | 0.14476
256 | 0.212748
272 | 0.291609
288 | 0.368645
304 | 0.43563
320 | 0.500491
336 | 0.566663
352 | 0.635168
368 | 0.703822
384 | 0.764078
400 | 0.840137
416 | 0.902395
432 | 0.93549
448 | 0.950113
464 | 0.951603
480 | 0.953891
496 | 0.96212
512 | 0.963918
528 | 0.977388
544 | 0.986987
560 | 1.00569
576 | 1.02173
592 | 1.03028
608 | 1.03339
624 | 1.04152
640 | 1.02982
656 | 1.01705
672 | 1.01133
688 | 1.00922
704 | 1.00691
720 | 0.994298
736 | 0.976857
752 | 0.97197
768 | 0.958613
784 | 0.951119
800 | 0.939393
816 | 0.929923
832 | 0.919596
848 | 0.91402
864 | 0.909404
880 | 0.901409
896 | 0.894555
912 | 0.901164
928 | 0.913775
944 | 0.928365
960 | 0.939659
976 | 0.939495
992 | 0.925452
1008 | 0.910577
1024 | 0.904796
1040 | 0.904089
1056 | 0.90407
1072 | 0.90407
1088 | 0.900245
1104 | 0.895934
1120 | 0.894624
1136 | 0.889991
1152 | 0.880945
1168 | 0.87563
1184 | 0.880556
1200 | 0.89049
1216 | 0.906468
1232 | 0.927992
1248 | 0.933942
1264 | 0.924883
1280 | 0.909226
1296 | 0.898637
1312 | 0.899766
1328 | 0.912116
1344 | 0.920019
1360 | 0.921881
1376 | 0.926835
1392 | 0.935571
1408 | 0.939847
1424 | 0.933393
1440 | 0.924654
1456 | 0.913484
1472 | 0.906613
1488 | 0.91637
1504 | 0.932134
1520 | 0.947689
1536 | 0.956028
1552 | 0.958026
1568 | 0.957529
1584 | 0.955725
1600 | 0.947135
1616 | 0.937647
1632 | 0.933161
1648 | 0.932841
1664 | 0.933891
1680 | 0.966753
1696 | 0.979656
1712 | 0.98543
1728 | 0.984089
1744 | 0.982128
1760 | 0.986438
1776 | 0.995524
1792 | 0.990837
1808 | 0.990381
1824 | 0.990599
1840 | 0.992244
1856 | 0.998681
1872 | 0.997391
1888 | 0.990335
1904 | 0.981629
1920 | 0.942864
1936 | 0.930662
1952 | 0.927412
1968 | 0.926715
1984 | 0.920995
2000 | 0.907167
2016 | 0.894493
2032 | 0.897997
2048 | 0.897012
2064 | 0.896867
2080 | 0.921258
2096 | 0.934706
2112 | 0.944408
2128 | 0.951874
2144 | 0.951418
2160 | 0.930662
2176 | 0.898639
2192 | 0.868897
2208 | 0.840172
2224 | 0.816439
2240 | 0.788182
2256 | 0.754589
2272 | 0.706028
2288 | 0.662209
2304 | 0.611668
2320 | 0.50949
2336 | 0.419378
2352 | 0.345188
2368 | 0.281673
2384 | 0.224433
2400 | 0.179174
2416 | 0.137584
2432 | 0.0899061
2448 | 0.0450428
2464 | 0.0234493
2480 | 0.00869439
2496 | 0.00104188
2512 | 0
2528 | 0
2544 | 0
2560 | 0
2576 | 0
2592 | 0
2608 | 0
2624 | 0
Valeur de l'integrale : 1893.94
