0
0
0
0
0
0
0
0
0.0278713
0.0552243
0.073741
0.0918152
0.109462
0.126746
0.14352
0.143853
0.151823
0.160662
0.169346
0.176907
0.190423
0.206383
0.223878
0.245416
0.260427
0.247319
0.232214
0.219542
0.197933
0.175754
0.154075
0.131309
0.124895
0.111305
0.0989615
0.0868006
0.0748576
0.0617815
0.0487503
0.0365455
0.0251567
0.0151485
0.00977584
0.00473855
0
0
0
0
0
0
0
0
0
0
0
0
0
0.00457701
0.00945915
0.0143413
0.0192491
0.0199369
0.0204591
0.0209617
0.0215611
0.0225884
0.0224006
0.022214
0.0220305
0.02185
0.0216669
0.0215162
0.0212916
0.0216052
0.0173601
0.0122358
0.00653862
0.000390568
0
0
0
0
0
0
0
0
0
0
0.0307823
0.051978
0.0714845
0.0898392
0.108713
0.128939
0.147048
0.144309
0.140693
0.138524
0.137052
0.134346
0.133293
0.135947
0.14009
0.14472
0.146609
0.114131
0.0931032
0.0743692
0.0553529
0.0358921
0.0170975
0
0
0.0173378
0.0357495
0.0550697
0.0752215
0.0938068
0.100655
0.106035
0.119698
0.135559
0.137794
0.137133
0.136456
0.136421
0.140422
0.146091
0.144855
0.143639
0.123601
0.103509
0.083656
0.0649002
0.0487532
0.0409669
0.0335799
0.0176726
0
0
0
0
0
0
0
0
0
0