288 | 0.311722
304 | 0.369642
320 | 0.427255
336 | 0.487551
352 | 0.55078
368 | 0.615998
384 | 0.674198
400 | 0.718224
416 | 0.750457
432 | 0.770643
448 | 0.78103
464 | 0.784922
480 | 0.789891
496 | 0.8
512 | 0.814502
528 | 0.825446
544 | 0.826638
560 | 0.829375
576 | 0.82921
592 | 0.824062
608 | 0.817686
624 | 0.813799
640 | 0.810053
656 | 0.80501
672 | 0.78837
688 | 0.767608
704 | 0.752752
720 | 0.755932
736 | 0.775614
752 | 0.80534
768 | 0.833589
784 | 0.849802
800 | 0.855591
816 | 0.856691
832 | 0.85628
848 | 0.851931
864 | 0.854067
880 | 0.864266
896 | 0.877922
912 | 0.887181
928 | 0.891378
944 | 0.895103
960 | 0.901658
976 | 0.908213
992 | 0.909092
1008 | 0.908981
1024 | 0.912362
1040 | 0.915612
1056 | 0.915149
1072 | 0.910044
1088 | 0.901405
1104 | 0.896739
1120 | 0.900534
1136 | 0.902327
1152 | 0.897185
1168 | 0.893502
1184 | 0.893199
1200 | 0.893199
1216 | 0.893199
1232 | 0.889738
1248 | 0.883236
1264 | 0.877885
1280 | 0.880895
1296 | 0.885851
1312 | 0.886093
1328 | 0.88644
1344 | 0.887559
1360 | 0.893742
1376 | 0.903825
1392 | 0.910039
1408 | 0.911078
1424 | 0.913871
1440 | 0.919095
1456 | 0.919746
1472 | 0.91666
1488 | 0.913795
1504 | 0.911235
1520 | 0.912846
1536 | 0.922037
1552 | 0.935326
1568 | 0.948786
1584 | 0.955454
1600 | 0.951666
1616 | 0.944849
1632 | 0.941504
1648 | 0.940861
1664 | 0.940589
1680 | 0.936869
1696 | 0.926267
1712 | 0.911348
1728 | 0.890936
1744 | 0.871967
1760 | 0.857894
1776 | 0.849217
1792 | 0.848126
1808 | 0.851345
1824 | 0.853332
1840 | 0.850767
1856 | 0.851242
1872 | 0.849979
1888 | 0.847293
1904 | 0.843733
1920 | 0.840494
1936 | 0.838576
1952 | 0.836612
1968 | 0.83381
1984 | 0.834344
2000 | 0.839311
2016 | 0.857652
2032 | 0.880213
2048 | 0.896648
2064 | 0.906763
2080 | 0.909011
2096 | 0.901296
2112 | 0.887319
2128 | 0.871498
2144 | 0.845591
2160 | 0.817734
2176 | 0.793202
2192 | 0.766695
2208 | 0.730306
2224 | 0.697643
2240 | 0.657738
2256 | 0.628114
2272 | 0.601297
2288 | 0.580772
2304 | 0.546148
2320 | 0.477572
2336 | 0.409675
2352 | 0.342833
2368 | 0.283605
2384 | 0.233308
2400 | 0.195327
2416 | 0.165612
2432 | 0.139431
2448 | 0.114738
2464 | 0.0888419
2480 | 0.0624866
2496 | 0.0393404
2512 | 0.0204484
2528 | 0.00758399
2544 | 0.000914657
2560 | 0
2576 | 0
2592 | 0
2608 | 0
2624 | 0
Valeur de l'integrale : 1731.99
