0
0
0
0
0
0
0
0.0268197
0.0531812
0.0710447
0.0884967
0.105551
0.122222
0.137873
0.138141
0.145853
0.153254
0.161449
0.169391
0.180437
0.193566
0.208922
0.225644
0.23923
0.254739
0.245512
0.227304
0.206613
0.1853
0.164412
0.141595
0.121048
0.115269
0.103681
0.0922259
0.0809227
0.0700582
0.0573148
0.0452917
0.0340354
0.0234818
0.0141483
0.00924889
0.00449367
0
0
0
0
0
0
0
0
0
0
0
0
0.00428418
0.00885398
0.0134238
0.0182114
0.0188561
0.019405
0.0198993
0.0203745
0.0209334
0.0209334
0.0207721
0.0206115
0.0204534
0.020313
0.0202572
0.0203122
0.0203805
0.0210073
0.0167751
0.0116858
0.00619872
0.000369396
0
0
0
0
0
0
0
0
0
0.0285013
0.048575
0.0678011
0.0868855
0.104551
0.122567
0.138943
0.136279
0.133037
0.131096
0.129211
0.127894
0.126243
0.128428
0.131423
0.133386
0.134989
0.136632
0.108669
0.0897754
0.0713657
0.052239
0.0335145
0.0159987
0
0.0160225
0.033292
0.0512081
0.0698202
0.0875585
0.0966598
0.102398
0.114104
0.126985
0.128944
0.130965
0.131899
0.131273
0.132791
0.136182
0.135107
0.134048
0.133006
0.114602
0.0961074
0.0779252
0.061124
0.0466003
0.0396179
0.0322581
0.0169532
0
0
0
0
0
0
0
0
0