304 | 0.351875
320 | 0.407385
336 | 0.465871
352 | 0.527423
368 | 0.591399
384 | 0.64876
400 | 0.717956
416 | 0.774968
432 | 0.811997
448 | 0.839195
464 | 0.861056
480 | 0.887925
496 | 0.919052
512 | 0.939873
528 | 0.963837
544 | 0.977159
560 | 0.988557
576 | 0.996392
592 | 1.001
608 | 1.00302
624 | 1.01328
640 | 1.02937
656 | 1.0382
672 | 1.03731
688 | 1.03063
704 | 0.99642
720 | 0.963475
736 | 0.953291
752 | 0.957395
768 | 0.969306
784 | 0.974702
800 | 0.970698
816 | 0.970264
832 | 0.955383
848 | 0.943981
864 | 0.93358
880 | 0.92686
896 | 0.924805
912 | 0.926231
928 | 0.924271
944 | 0.918224
960 | 0.909789
976 | 0.906333
992 | 0.90055
1008 | 0.900028
1024 | 0.907906
1040 | 0.915091
1056 | 0.91797
1072 | 0.913455
1088 | 0.905343
1104 | 0.900149
1120 | 0.899586
1136 | 0.901016
1152 | 0.899607
1168 | 0.897652
1184 | 0.901768
1200 | 0.906063
1216 | 0.910358
1232 | 0.911647
1248 | 0.903002
1264 | 0.893223
1280 | 0.887999
1296 | 0.896022
1312 | 0.905868
1328 | 0.910916
1344 | 0.911564
1360 | 0.912426
1376 | 0.918014
1392 | 0.927198
1408 | 0.932533
1424 | 0.932866
1440 | 0.934745
1456 | 0.938887
1472 | 0.940382
1488 | 0.93391
1504 | 0.926702
1520 | 0.919205
1536 | 0.915232
1552 | 0.923586
1568 | 0.936589
1584 | 0.94859
1600 | 0.949967
1616 | 0.946222
1632 | 0.943491
1648 | 0.942904
1664 | 0.94266
1680 | 0.965596
1696 | 0.974211
1712 | 0.977955
1728 | 0.976332
1744 | 0.974628
1760 | 0.978557
1776 | 0.986134
1792 | 0.982687
1808 | 0.982729
1824 | 0.982797
1840 | 0.978592
1856 | 0.978045
1872 | 0.974783
1888 | 0.968992
1904 | 0.968006
1920 | 0.970708
1936 | 0.972701
1952 | 0.972767
1968 | 0.969564
1984 | 0.935639
2000 | 0.916155
2016 | 0.90941
2032 | 0.912779
2048 | 0.916658
2064 | 0.91556
2080 | 0.924018
2096 | 0.936546
2112 | 0.939927
2128 | 0.938097
2144 | 0.934252
2160 | 0.913714
2176 | 0.89085
2192 | 0.876009
2208 | 0.858124
2224 | 0.834334
2240 | 0.799248
2256 | 0.765696
2272 | 0.732864
2288 | 0.713797
2304 | 0.693153
2320 | 0.63426
2336 | 0.569833
2352 | 0.505976
2368 | 0.443045
2384 | 0.371183
2400 | 0.307856
2416 | 0.258061
2432 | 0.217222
2448 | 0.18025
2464 | 0.148662
2480 | 0.116514
2496 | 0.0763326
2512 | 0.037751
2528 | 0.0196487
2544 | 0.00731297
2560 | 0.000882029
2576 | 0
2592 | 0
2608 | 0
2624 | 0
Valeur de l'integrale : 1885.17
