0
0
0
0
0
0
0
0
0
0
0
0
0
0
0
0
0
0
0
0
0
0
0
0.15928
0.407595
0.433229
0.383333
0.383333
0.383333
0.373069
0.184168
0.119443
0.173913
0.173442
0.171496
0.206244
0.264326
0.266667
0.26556
0.198934
0.149236
0.157976
0.155529
0.0585277
0
0
0
0
0
0
0
0
0
0
0
0
0
0
0
0
0
0
0
0
0
0
0
0
0
0
0
0
0.0373134
0.0691964
0.0714286
0.0787935
0.0560363
0.00477897
0
0
0
0
0
0
0
0
0
0
0
0
0
0
0
0
0
0
0
0
0
0
0
0
0
0.205257
0.437866
0.453202
0.505148
0.505495
0.492472
0.376168
0.131817
0
0
0
0
0
0
0
0
0
0
0
0
0
0
0
0
0
0.133446
0.296987
0.324443
0.342644
0.312172
0.208268
0.131617
0.174329
0.221014
0.132626
0
0
0
0
0
0
0
0
0
0
0
0
0
0
0
0
0
0
0
0
0
0
0
0
0