0
0
0
0
0
0
0
0
0
0
0
0
0
0
0
0
0
0
0
0
0
0.0788391
0.170121
0.265908
0.397214
0.409222
0.383333
0.378172
0.271533
0.220188
0.178578
0.146465
0.172696
0.188426
0.208024
0.232595
0.264942
0.228135
0.199663
0.182956
0.151722
0.100854
0.0611562
0.0261571
0
0
0
0
0
0
0
0
0
0
0
0
0
0
0
0
0
0
0
0
0
0
0
0
0
0
0.0204971
0.0402108
0.0552941
0.0737597
0.0652138
0.0536258
0.0354628
0.00259572
0
0
0
0
0
0
0
0
0
0
0
0
0
0
0
0
0
0
0
0
0
0
0
0.103299
0.181495
0.294258
0.463348
0.477133
0.498729
0.431845
0.260181
0.140434
0.0605417
0
0
0
0
0
0
0
0
0
0
0
0
0
0
0
0.0644025
0.136608
0.221154
0.318365
0.318287
0.269838
0.212795
0.189793
0.179146
0.15474
0.131122
0.0773655
0
0
0
0
0
0
0
0
0
0
0
0
0
0
0
0
0
0
0
0
0
0
0