0
0
0
0
0
0
0
0
0
0
0
0
0
0
0
0
0
0
0
0
0.0646067
0.136361
0.198903
0.28386
0.394768
0.404202
0.3792
0.291643
0.246965
0.20948
0.177372
0.151259
0.185333
0.200172
0.217595
0.238339
0.234233
0.211558
0.19867
0.172981
0.117625
0.0747082
0.0460432
0.0191459
0
0
0
0
0
0
0
0
0
0
0
0
0
0
0
0
0
0
0
0
0
0
0
0
0
0.0161518
0.0324331
0.0472391
0.0610391
0.0656158
0.0583768
0.0469167
0.0299625
0.00210859
0
0
0
0
0
0
0
0
0
0
0
0
0
0
0
0
0
0
0
0
0
0
0.0859258
0.146991
0.217783
0.322042
0.470055
0.47771
0.444782
0.296428
0.185578
0.108866
0.0482768
0
0
0
0
0
0
0
0
0
0
0
0
0
0
0.0531138
0.107564
0.171453
0.242628
0.311723
0.277344
0.235667
0.214307
0.197157
0.15153
0.13002
0.113475
0.0655331
0
0
0
0
0
0
0
0
0
0
0
0
0
0
0
0
0
0
0
0
0
0