80 | 0
96 | 0
112 | 0
128 | 0
144 | 0
160 | 0
176 | 0.00755495
192 | 0.0482143
208 | 0.12584
224 | 0.255481
240 | 0.417356
256 | 0.592315
272 | 0.741567
288 | 0.845372
304 | 0.901112
320 | 0.909846
336 | 0.899165
352 | 0.901774
368 | 0.910552
384 | 0.922899
400 | 0.93402
416 | 0.930419
432 | 0.884413
448 | 0.788279
464 | 0.642864
480 | 0.523887
496 | 0.492223
512 | 0.586378
528 | 0.708668
544 | 0.812608
560 | 0.892385
576 | 0.921669
592 | 0.907985
608 | 0.866291
624 | 0.848534
640 | 0.834094
656 | 0.835927
672 | 0.82663
688 | 0.800254
704 | 0.747248
720 | 0.701936
736 | 0.665175
752 | 0.710791
768 | 0.805475
784 | 0.882035
800 | 0.930653
816 | 0.955697
832 | 0.950335
848 | 0.933516
864 | 0.927858
880 | 0.926574
896 | 0.92893
912 | 0.946134
928 | 0.9635
944 | 0.967708
960 | 0.960277
976 | 0.933753
992 | 0.87632
1008 | 0.822899
1024 | 0.797946
1040 | 0.812667
1056 | 0.843156
1072 | 0.886278
1088 | 0.903535
1104 | 0.901513
1120 | 0.898458
1136 | 0.887892
1152 | 0.880353
1168 | 0.898929
1184 | 0.919241
1200 | 0.924148
1216 | 0.936742
1232 | 0.948529
1248 | 0.931885
1264 | 0.883395
1280 | 0.813222
1296 | 0.737607
1312 | 0.696626
1328 | 0.788453
1344 | 0.874386
1360 | 0.933966
1376 | 0.96085
1392 | 0.967733
1408 | 0.968158
1424 | 0.966714
1440 | 0.963613
1456 | 0.957431
1472 | 0.949928
1488 | 0.943583
1504 | 0.940337
1520 | 0.941569
1536 | 0.947105
1552 | 0.950722
1568 | 0.953447
1584 | 0.952284
1600 | 0.930191
1616 | 0.907469
1632 | 0.901683
1648 | 0.906071
1664 | 0.914598
1680 | 0.926573
1696 | 0.91741
1712 | 0.87729
1728 | 0.787444
1744 | 0.656284
1760 | 0.544326
1776 | 0.559353
1792 | 0.668257
1808 | 0.786818
1824 | 0.870323
1840 | 0.907848
1856 | 0.935227
1872 | 0.93475
1888 | 0.907472
1904 | 0.872475
1920 | 0.867572
1936 | 0.867986
1952 | 0.883467
1968 | 0.901711
1984 | 0.903137
2000 | 0.880226
2016 | 0.861081
2032 | 0.859431
2048 | 0.879803
2064 | 0.914193
2080 | 0.9448
2096 | 0.936753
2112 | 0.893675
2128 | 0.822992
2144 | 0.726951
2160 | 0.622962
2176 | 0.534846
2192 | 0.474001
2208 | 0.422956
2224 | 0.395296
2240 | 0.354526
2256 | 0.309609
2272 | 0.241544
2288 | 0.180707
2304 | 0.103392
2320 | 0.0335008
2336 | 0.00343151
2352 | 0
2368 | 0
2384 | 0
2400 | 0
2416 | 0
2432 | 0
2448 | 0
2464 | 0
2480 | 0
2496 | 0
2512 | 0
2528 | 0
2544 | 0
2560 | 0
2576 | 0
2592 | 0
2608 | 0
2624 | 0
Valeur de l'integrale : 1712.77
