0
0
0
0
0
0
0
0
0
0
0
0
0
0
0
0
0
0
0
0.0559732
0.114742
0.16382
0.220839
0.297051
0.393055
0.397387
0.305622
0.266192
0.232277
0.202589
0.176057
0.164171
0.195258
0.208852
0.224217
0.2203
0.219281
0.209417
0.187741
0.140041
0.094251
0.05895
0.0348205
0.0150988
0
0
0
0
0
0
0
0
0
0
0
0
0
0
0
0
0
0
0
0
0
0
0
0
0.0132898
0.0268937
0.0398368
0.0535231
0.0554893
0.0601857
0.0528373
0.0416996
0.0258998
0.00143215
0
0
0
0
0
0
0
0
0
0
0
0
0
0
0
0
0
0
0
0
0
0.0738427
0.125217
0.180226
0.246781
0.343366
0.471497
0.43906
0.323285
0.220786
0.147975
0.0888848
0.040117
0
0
0
0
0
0
0
0
0
0
0
0
0
0.0472906
0.0915698
0.139992
0.196001
0.249931
0.27913
0.247261
0.232308
0.215956
0.171195
0.131291
0.115865
0.100014
0.0592586
0
0
0
0
0
0
0
0
0
0
0
0
0
0
0
0
0
0
0
0
0